0.424297   0.2681   0.48456
-0.411057   0.482893   -0.433225
-0.204402   0.241599   -0.325929
-0.267212   -0.283967   0.0471412
-0.0213372   0.281531   0.493845
0.276567   -0.10703   -0.494725
-0.171949   0.472373   -0.150467
-0.093356   0.401757   -0.325487
-0.261659   -0.449588   -0.321701
-0.458682   -0.491564   0.36523
-0.490339   -0.278309   0.118457
0.438999   0.456795   -0.284529
-0.255629   -0.304612   0.404426
-0.231443   0.208096   0.397835
0.236155   -0.416218   -0.343972
-0.495764   0.020792   -0.370301
-0.319908   -0.235288   -0.399709
-0.408027   -0.0539224   0.0256846
0.341577   -0.0836401   -0.0395095
0.181637   0.433816   0.0074279
-0.0277339   -0.134757   0.281944
0.173762   -0.28459   0.476236
-0.447639   -0.116848   0.490172
-0.423225   -0.369188   -0.225786
-0.438354   0.106538   0.426546
-0.306103   0.088275   -0.392974
-0.415078   0.299877   -0.321441
-0.409404   0.331832   0.440909
-0.0349353   0.462239   0.413652
-0.229901   0.420753   0.233877
-0.0905165   0.107396   -0.443402
0.162263   -0.067894   0.32781
0.237272   0.128422   0.353616
0.279494   0.334516   0.32934
0.143828   0.351258   -0.331992
-0.236628   -0.16375   0.242212
0.120918   0.190765   0.00588849
-0.244687   -0.179381   -0.17086
0.281917   0.0861316   0.138921
-0.429555   -0.460376   0.172952
-0.378134   0.410218   -0.148882
0.267107   -0.455645   -0.12183
-0.068142   0.123167   -0.00933409
-0.0382909   0.272508   0.10915
0.0126376   0.301056   -0.144683
0.275079   -0.283494   0.299444
0.0626403   -0.362242   -0.0293226
-0.250468   0.164425   0.112549
0.129216   -0.130876   0.132024
-0.488885   0.142922   -0.217988
0.450852   0.147474   0.0391404
-0.0724924   -0.190809   0.017989
-0.399409   -0.0942586   -0.234459
-0.48537   -0.334822   -0.432372
0.0976471   -0.260653   -0.313992
-0.280131   0.0378316   0.271392
0.381706   -0.0586668   -0.221694
0.373677   -0.203778   -0.362292
0.244505   0.330693   -0.140557
-0.200684   -0.0114933   -0.0146051
0.435882   0.349918   -0.114606
0.45456   -0.242733   -0.108877
-0.0204098   0.451423   0.001657
-0.428158   0.352359   0.0672123
0.202439   0.138774   -0.304015
-0.381842   0.207425   -0.0474254
0.440107   -0.460955   -0.0159084
0.0752837   -0.0060659   -0.0383815
0.124828   0.474785   -0.479148
0.157378   -0.481843   0.316681
-0.178376   0.263248   -0.0924642
-0.102262   -0.313323   -0.16182
0.0308242   0.27166   0.30249
0.22057   0.260261   -0.480763
-0.0797075   -0.0949748   -0.184623
-0.224265   0.4631   0.498103
-0.274334   0.492732   0.0418829
-0.0562002   -0.383532   -0.39408
-0.222789   -0.0684997   0.451501
0.0084355   -0.338956   0.397611
0.084608   0.0911143   0.182475
0.489773   -0.294213   0.364237
0.0671439   -0.325392   0.198214
0.306276   0.135515   -0.124515
0.255199   0.29478   0.148933
-0.45374   0.0593432   0.190258
0.392695   -0.00137639   0.389884
-0.197167   -0.0653437   -0.355952
0.0664077   0.498177   -0.227749
-0.0151699   0.0965021   -0.203954
-0.369092   0.235117   0.251911
-0.0244678   -0.163638   -0.448114
0.0293219   0.452333   0.197455
0.44083   0.232268   0.272047
0.321522   -0.102139   0.18768
-0.432153   -0.124651   0.271416
0.324414   0.0956882   -0.437454
0.234438   -0.287396   0.0784287
0.355097   0.49682   0.476154
0.380952   0.264829   -0.316601
0.37743   -0.445258   0.185081
-0.228988   0.0873533   -0.195188
-0.130722   -0.39516   0.176843
0.0561432   -0.0457078   -0.330145
0.176347   -0.244496   -0.140154
-0.00286812   0.0832169   0.386912
-0.0984006   -0.0291522   0.139652
0.184965   -0.022718   -0.185147
