0.424285   0.268017   0.484539
-0.411085   0.48285   -0.43318
-0.204402   0.241717   -0.325699
-0.267066   -0.284077   0.047089
-0.0212881   0.281514   0.493815
0.276673   -0.106954   -0.494642
-0.172082   0.472382   -0.150422
-0.0932936   0.402036   -0.325394
-0.261634   -0.449388   -0.321866
-0.458529   -0.491565   0.365178
-0.490511   -0.278342   0.118614
0.439078   0.456628   -0.284551
-0.255579   -0.304676   0.404419
-0.23134   0.208162   0.397779
0.236279   -0.416217   -0.343835
-0.495872   0.0208064   -0.370288
-0.319895   -0.235316   -0.39974
-0.407997   -0.0538351   0.0255185
0.341604   -0.0836415   -0.0398001
0.181566   0.433739   0.00730972
-0.027786   -0.13478   0.281878
0.173683   -0.284502   0.476264
-0.447529   -0.117071   0.490151
-0.423416   -0.369272   -0.225601
-0.438541   0.106772   0.4266
-0.306162   0.0882023   -0.392918
-0.415049   0.299808   -0.32143
-0.40944   0.331844   0.44097
-0.0349918   0.462382   0.413622
-0.229979   0.420801   0.233846
-0.0906548   0.107482   -0.443279
0.162222   -0.0677413   0.327893
0.237205   0.128371   0.353636
0.279489   0.334574   0.32933
0.143756   0.351223   -0.332157
-0.23671   -0.16381   0.24225
0.120868   0.190854   0.00594075
-0.244539   -0.179337   -0.170841
0.281878   0.0861627   0.138896
-0.429635   -0.460485   0.173113
-0.378127   0.410281   -0.148776
0.267106   -0.455752   -0.121851
-0.0681466   0.123102   -0.00963551
-0.0381041   0.272467   0.108946
0.0127474   0.301158   -0.144744
0.274927   -0.283385   0.299476
0.0626831   -0.362259   -0.0292453
-0.250534   0.164463   0.112448
0.129356   -0.130956   0.132037
-0.488873   0.142868   -0.218037
0.450873   0.147655   0.0393157
-0.0726086   -0.19078   0.0179772
-0.399384   -0.0942556   -0.234388
-0.485357   -0.334761   -0.432351
0.097815   -0.260718   -0.313997
-0.27996   0.0377898   0.271458
0.381888   -0.058589   -0.221878
0.373443   -0.203862   -0.36236
0.244408   0.330686   -0.140603
-0.200404   -0.0114263   -0.0145762
0.435722   0.349855   -0.114458
0.454447   -0.24269   -0.108945
-0.0203003   0.451427   0.00173281
-0.428202   0.352363   0.0671447
0.202464   0.13875   -0.303907
-0.381816   0.207558   -0.0475113
0.439968   -0.460901   -0.0160244
0.0750391   -0.00626233   -0.0382888
0.124881   0.474724   -0.479118
0.157367   -0.481561   0.316624
-0.178352   0.263316   -0.0924218
-0.102464   -0.313277   -0.161825
0.0308547   0.27148   0.302534
0.220656   0.26021   -0.480744
-0.0796497   -0.0950743   -0.184608
-0.22415   0.463168   0.498124
-0.274364   0.492781   0.0418724
-0.0560246   -0.383485   -0.394208
-0.222826   -0.0684235   0.45135
0.00861316   -0.338921   0.397774
0.084764   0.091184   0.182511
0.489832   -0.294256   0.364137
0.0669998   -0.325526   0.19828
0.30619   0.135396   -0.124657
0.255303   0.294775   0.148777
-0.45379   0.0592103   0.190418
0.392561   -0.00136511   0.389928
-0.197236   -0.0654449   -0.355923
0.0663436   0.49816   -0.227952
-0.0150696   0.0965375   -0.204009
-0.369059   0.235085   0.251966
-0.0244317   -0.163716   -0.448047
0.0293699   0.452258   0.197591
0.440739   0.232072   0.272097
0.321618   -0.10208   0.187784
-0.432008   -0.124759   0.271416
0.324296   0.0957195   -0.437553
0.234336   -0.287376   0.0784796
0.355129   0.496904   0.476193
0.380943   0.264739   -0.31657
0.377455   -0.445123   0.185129
-0.228926   0.087346   -0.195188
-0.130754   -0.395031   0.176703
0.0561773   -0.0458615   -0.330094
0.176446   -0.244505   -0.140146
-0.00294839   0.0831804   0.386991
-0.098596   -0.0291919   0.13962
0.185116   -0.0228089   -0.185203
