           1    0.008488    0.008488           0
           2   -0.001652    0.003418  0.00358503
           3   -0.007188-0.000117333  0.00374761
           4    0.010344    0.002498  0.00360972
           5    0.011968    0.004392  0.00334799
           6    -0.00686  0.00251667  0.00327334
           7   -0.009916 0.000740571  0.00325207
           8     0.00662   0.0014755  0.00292742
           9   -0.005624 0.000686667  0.00270635
          10   -0.002076   0.0004104  0.00244978
          11   -0.009672-0.000506182   0.0023924
          12    -0.00364-0.000767333  0.00220724
          13   -0.002776-0.000921846  0.00204285
          14   -0.001112-0.000935429  0.00189698
          15    0.015328   0.0001488  0.00205716
          16    -0.00332    -6.8e-05  0.00193998
          17     0.00854 0.000438353  0.00189079
          18    0.012068  0.00108444  0.00189292
          19     -0.0017 0.000937895  0.00179895
          20    0.005948   0.0011884  0.00172636
           1   -0.004904   -0.004904           0
           2   -0.000388   -0.002646  0.00159665
           3   -0.000684   -0.001992  0.00119086
           4    0.000888   -0.001272  0.00108927
           5    0.001464  -0.0007248 0.000999455
           6   -0.000396    -0.00067 0.000834381
           7   -0.010656 -0.00209657  0.00150195
           8    0.010404   -0.000534   0.0019656
           9     0.00356-7.91111e-05  0.00179906
          10   -0.010964  -0.0011676  0.00192042
          11     0.00128-0.000945091  0.00175868
          12    0.002892-0.000625333  0.00164093
          13    0.002124-0.000413846  0.00152827
          14    0.002732-0.000189143  0.00143554
          15    0.002136-3.41333e-05  0.00134818
          16    0.001104     3.7e-05  0.00126579
          17   -0.007108-0.000383294  0.00125918
          18    0.003312   -0.000178  0.00120584
          19   -0.002924-0.000322526  0.00115101
          20    0.007256    5.64e-05  0.00115414
           1    -0.17116    -0.17116           0
           2    0.452424    0.140632     0.22047
           3    -0.21624   0.0216747    0.176173
           4    0.207104    0.068032    0.138095
           5   -0.091076   0.0362104    0.114083
           6   -0.449724  -0.0447787    0.120433
           7    0.384188   0.0165023    0.117792
           8    0.293036    0.051069    0.108021
           9    0.423504   0.0924507    0.103643
          10     0.13922   0.0971276   0.0933837
          11     0.33748    0.118978   0.0874132
          12   -0.315344   0.0827843   0.0873008
          13   -0.396064   0.0459498   0.0880137
          14    0.017392     0.04391   0.0817506
          15    0.233764   0.0565669   0.0772742
          16    0.333264   0.0738605   0.0743545
          17   -0.080072   0.0648056   0.0705299
          18    0.516228   0.0898847   0.0709303
          19    0.406204    0.106533   0.0691234
          20   -0.309468    0.085733   0.0687255
           1    0.012864    0.012864           0
           2    0.040804    0.026834  0.00987828
           3   -0.040888     0.00426   0.0195728
           4    0.014796    0.006894   0.0148557
           5    0.029556   0.0114264    0.012557
           6    0.006988   0.0106867   0.0104859
           7     0.01532   0.0113486  0.00900879
           8   -0.082296   -0.000357   0.0134918
           9    0.012516  0.00107333   0.0120683
          10     0.00666    0.001632   0.0108744
          11   -0.011684 0.000421455  0.00995298
          12    -0.00418     3.8e-05  0.00913095
          13   -0.023512 -0.00177354   0.0086064
          14    0.037444  0.00102771  0.00843523
          15    0.001748  0.00107573  0.00787301
          16   -0.025476 -0.00058375  0.00755382
          17   -0.021992 -0.00184306  0.00721369
          18   -0.006884 -0.00212311  0.00681836
          19     0.00218 -0.00189663  0.00646326
          20     0.02416  -0.0005938  0.00627003
