           1   -0.481872   -0.481872           0
           2   -0.482856   -0.482364 0.000347897
           3   -0.480688   -0.481805 0.000511727
           4   -0.480992   -0.481602 0.000422264
           5   -0.482264   -0.481734 0.000357967
           6    -0.48564   -0.482385 0.000664892
           7    -0.48468   -0.482713  0.00064568
           8   -0.481992   -0.482623 0.000571228
           9    -0.48328   -0.482696 0.000512401
          10   -0.484448   -0.482871 0.000490199
          11   -0.482808   -0.482865 0.000445669
          12   -0.482536   -0.482838 0.000409375
          13   -0.482104   -0.482782 0.000381758
          14   -0.483648   -0.482843 0.000359471
          15   -0.482096   -0.482794 0.000338943
          16   -0.483464   -0.482835 0.000320338
          17   -0.481112   -0.482734 0.000317132
          18    -0.48336   -0.482769 0.000301414
          19   -0.483136   -0.482788 0.000286169
          20   -0.477848   -0.482541 0.000363141
           1   -0.485896   -0.485896           0
           2   -0.480656   -0.483276  0.00185262
           3   -0.483136   -0.483229  0.00123567
           4   -0.483064   -0.483188 0.000927442
           5   -0.481448    -0.48284 0.000804598
           6    -0.48272    -0.48282 0.000670747
           7   -0.480512    -0.48249 0.000650939
           8   -0.484752   -0.482773 0.000627971
           9   -0.484776   -0.482996 0.000596331
          10   -0.482304   -0.482926 0.000540693
          11   -0.482464   -0.482884 0.000493171
          12   -0.482432   -0.482847 0.000453512
          13   -0.484224   -0.482953 0.000430824
          14     -0.4832    -0.48297 0.000400413
          15   -0.482016   -0.482907 0.000378739
          16   -0.483824   -0.482964 0.000359381
          17   -0.482504   -0.482937 0.000339258
          18   -0.480856   -0.482821 0.000339538
          19   -0.480192   -0.482683  0.00034873
          20   -0.483928   -0.482745 0.000336804
           1    -0.97756    -0.97756           0
           2   -0.980832   -0.979196  0.00115683
           3   -0.972904   -0.977099  0.00187811
           4   -0.976592   -0.976972  0.00141285
           5   -0.978544   -0.977286  0.00116474
           6    -0.97144   -0.976312  0.00131655
           7   -0.971488   -0.975623  0.00129635
           8   -0.976736   -0.975762  0.00114175
           9   -0.977016   -0.975901  0.00102335
          10    -0.97428   -0.975739 0.000933774
          11   -0.968968   -0.975124  0.00103203
          12    -0.97632   -0.975223 0.000950827
          13   -0.974504   -0.975168 0.000879295
          14     -0.9738    -0.97507   0.0008219
          15    -0.96156    -0.97417     0.00116
          16   -0.977072   -0.974351  0.00110159
          17   -0.978816   -0.974614  0.00106765
          18   -0.975984    -0.97469  0.00101104
          19   -0.988448   -0.975414   0.0011892
          20   -0.970808   -0.975184  0.00115182
           1   -0.801968   -0.801968           0
           2   -0.804568   -0.803268 0.000919239
           3   -0.805736   -0.804091 0.000909254
           4   -0.803944   -0.804054 0.000682679
           5    -0.80304   -0.803851 0.000575478
           6   -0.803976   -0.803872 0.000479941
           7   -0.803704   -0.803848 0.000411977
           8   -0.804688   -0.803953 0.000373621
           9   -0.804288    -0.80399 0.000333957
          10   -0.801136   -0.803705 0.000404545
          11   -0.805104   -0.803832 0.000387249
          12   -0.803568    -0.80381 0.000355603
          13   -0.812216   -0.804457 0.000702635
          14   -0.801232   -0.804226 0.000689166
          15   -0.804632   -0.804253 0.000643752
          16   -0.802296   -0.804131 0.000615031
          17   -0.801272   -0.803963 0.000601407
          18   -0.800288   -0.803759  0.00060165
          19   -0.805728   -0.803862 0.000578844
          20   -0.807512   -0.804045 0.000577951
