           1    0.214839    0.214839           0
           2     0.21481    0.214825  1.0246e-05
           3      0.2191     0.21625  0.00116376
           4     0.21397     0.21568  0.00100275
           5    0.214338    0.215411 0.000837344
           6    0.212834    0.214982  0.00080045
           7    0.215559    0.215064 0.000690338
           8    0.206252    0.213963   0.0011944
           9    0.210874     0.21362  0.00110991
          10    0.211121     0.21337  0.00102665
          11    0.208822    0.212956  0.00101316
          12    0.219443    0.213497  0.00106322
          13    0.213993    0.213535 0.000982118
          14    0.208835    0.213199 0.000967642
          15    0.209207    0.212933 0.000939027
          16    0.222096    0.213506  0.00104043
          17    0.216253    0.213667 0.000991698
          18    0.214217    0.213698 0.000937074
          19     0.21523    0.213779 0.000891217
          20    0.208352    0.213507 0.000886991
           1     0.21609     0.21609           0
           2    0.212577    0.214334  0.00124217
           3    0.212872    0.213846  0.00091869
           4    0.214314    0.213963 0.000696424
           5     0.21594    0.214359 0.000659864
           6    0.212268     0.21401  0.00063529
           7    0.213182    0.213892 0.000555443
           8     0.20821    0.213182 0.000823134
           9    0.215263    0.213413  0.00076347
          10    0.216285      0.2137 0.000739191
          11    0.208474    0.213225 0.000810401
          12    0.210001    0.212956  0.00078614
          13    0.200865    0.212026  0.00115113
          14    0.213735    0.212148  0.00107536
          15    0.208644    0.211915  0.00102874
          16    0.213515    0.212015 0.000969289
          17    0.220297    0.212502  0.00102743
          18    0.206634    0.212176  0.00102076
          19    0.210969    0.212112 0.000969013
          20    0.209657     0.21199  0.00092831
           1    0.290841    0.290841           0
           2    0.269558    0.280199  0.00752493
           3    0.362729    0.307709   0.0230152
           4    0.284141    0.301817   0.0179998
           5    0.290136    0.299481   0.0145507
           6    0.347585    0.307498   0.0141631
           7    0.356325    0.314474   0.0137506
           8    0.292653    0.311746   0.0122993
           9    0.289995    0.309329   0.0111676
          10    0.338096    0.312206   0.0104148
          11    0.360491    0.316596   0.0103518
          12    0.300524    0.315256  0.00957539
          13    0.315303     0.31526  0.00883882
          14    0.341304     0.31712  0.00840096
          15    0.407577    0.323151  0.00976841
          16    0.305485    0.322047  0.00922007
          17    0.267624    0.318845  0.00921675
          18    0.306022    0.318133   0.0087322
          19    0.174782    0.310588   0.0110618
          20    0.353981    0.312758   0.0107194
           1    0.437252    0.437252           0
           2    0.443867     0.44056  0.00233883
           3    0.419105    0.433408  0.00604391
           4    0.421519    0.430436  0.00521283
           5    0.444664    0.433282  0.00488562
           6    0.439834    0.434374  0.00419163
           7    0.444625    0.435838  0.00384014
           8    0.440717    0.436448  0.00340821
           9    0.457137    0.438747  0.00372492
          10    0.441836    0.439056  0.00336522
          11    0.428456    0.438092  0.00319427
          12    0.429199    0.437351  0.00301282
          13    0.423223    0.436264  0.00297062
          14    0.434395    0.436131  0.00276143
          15     0.43111    0.435796  0.00259754
          16     0.45368    0.436914  0.00266484
          17    0.450508    0.437713  0.00262532
          18    0.444439    0.438087  0.00250592
          19    0.432306    0.437783  0.00239243
          20    0.415282    0.436658   0.0025235
