           1      1.4668      1.4668           0
           2     1.53141      1.4991   0.0228433
           3     1.52034     1.50618   0.0162891
           4     1.48037     1.49973   0.0134342
           5     1.51849     1.50348   0.0112594
           6     1.51176     1.50486  0.00946697
           7     1.51829     1.50678  0.00830678
           8     1.43886     1.49829   0.0107658
           9     1.41587     1.48913   0.0128886
          10     1.51126     1.49135   0.0117882
          11     1.51549     1.49354    0.010919
          12      1.4606      1.4908   0.0103484
          13     1.52188     1.49319  0.00982469
          14     1.52008     1.49511   0.0093089
          15     1.51683     1.49656  0.00880018
          16      1.4737     1.49513  0.00836529
          17     1.52817     1.49707  0.00809591
          18     1.49364     1.49688  0.00764839
          19     1.51934     1.49806  0.00733661
          20      1.4614     1.49623  0.00719512
           1     1.56067     1.56067           0
           2     1.48581     1.52324   0.0264696
           3     1.55572     1.53407   0.0197365
           4     1.56544     1.54191   0.0162865
           5     1.45834      1.5252   0.0198302
           6     1.57979      1.5343   0.0184955
           7     1.50589     1.53024   0.0162925
           8     1.55864     1.53379   0.0146377
           9     1.47494     1.52725   0.0143978
          10     1.55632     1.53016   0.0132484
          11      1.5001     1.52742   0.0123225
          12     1.51342     1.52626   0.0113508
          13     1.52517     1.52617   0.0104779
          14     1.58651     1.53048   0.0105789
          15     1.46885     1.52637   0.0106417
          16     1.49014     1.52411   0.0102147
          17     1.52351     1.52407  0.00961393
          18     1.45637     1.52031  0.00978799
          19     1.47706     1.51804  0.00953393
          20     1.49203     1.51674  0.00914551
           1     83.1571     83.1571           0
           2     85.3586     84.2578    0.778338
           3     77.2162     81.9106     1.98548
           4     80.2655     81.4993     1.53112
           5     83.7384     81.9472     1.28872
           6     76.7364     81.0787     1.33486
           7     76.6668     80.4484     1.28437
           8     81.0665     80.5257     1.12614
           9     80.9124     80.5687     1.00184
          10     81.2669     80.6385    0.904082
          11     72.7871     79.9247     1.06708
          12     80.9181     80.0075    0.981358
          13     78.4135     79.8849    0.913497
          14     79.5963     79.8643     0.84848
          15     67.4131     79.0342     1.12704
          16     81.1291     79.1651     1.06418
          17     83.3178     79.4094     1.02924
          18     80.4168     79.4654    0.973577
          19     92.7532     80.1647     1.14633
          20     76.2042     79.9667     1.10598
           1     10.0951     10.0951           0
           2      10.498     10.2966    0.142455
           3     9.59561     10.0629     0.21311
           4     10.0352      10.056    0.159945
           5     9.32179     9.90915    0.183365
           6     9.96452     9.91838    0.153036
           7     9.95241     9.92324    0.131251
           8     10.7347     10.0247    0.148968
           9      10.489     10.0763    0.141065
          10     9.26264      9.9949    0.148581
          11     10.5073     10.0415    0.142189
          12     8.86232     9.94322    0.160747
          13     10.3665     9.97578    0.151644
          14      10.499     10.0132    0.145345
          15     10.4123     10.0398     0.13807
          16     10.1698     10.0479    0.129679
          17      10.017     10.0461    0.122064
          18     10.3991     10.0657    0.116848
          19      10.381     10.0823     0.11187
          20     10.2782     10.0921    0.106705
