0.703891   -0.710308
0.646021   -0.76332
0.473135   -0.88099
0.0319534   -0.999489
-0.0664511   -0.99779
-0.261124   -0.965305
-0.421363   -0.906892
-0.474836   -0.880074
-0.651578   -0.758582
-0.707914   -0.706298
-0.819338   -0.57331
-0.917088   -0.398684
-0.950701   -0.310109
-0.957127   -0.289667
-0.999446   -0.0332692
-0.869508   0.49392
-0.689145   0.724624
-0.350875   0.936422
-0.368269   0.929719
0.248836   0.968546
0.391893   0.920011
0.481205   0.876608
0.721344   0.692577
0.746286   0.665626
0.962298   0.271997
0.964888   0.262662
0.992143   0.125106
0.992294   0.123909
0.967774   -0.251819
0.836296   -0.548279
0.703891   -0.710308
