-0.269134   -0.0907144   -0.392607
-0.45223   -0.437895   0.481833
0.338269   0.232909   -0.345369
0.417893   -0.080408   -0.3062
-0.0803792   -0.320525   -0.323324
0.408765   -0.289321   -0.475205
-0.359815   -0.289424   0.0537752
0.0924272   -0.463366   -0.470669
0.350972   -0.461722   -0.499864
0.469242   -0.102149   -0.496724
-0.113252   -0.471261   -0.0735712
0.190613   0.349724   -0.440419
0.0679261   -0.271691   -0.479919
-0.341112   0.378723   0.34663
-0.155656   -0.171862   -0.211924
-0.152061   0.0856624   -0.344856
-0.412169   0.278847   -0.272908
0.0925734   0.175148   -0.410365
0.21233   -0.329754   -0.324551
0.0206004   -0.00915173   -0.466206
-0.493114   0.178556   0.497025
0.401766   0.358477   -0.20618
-0.42892   -0.242662   -0.33361
0.182049   0.075012   0.382922
-0.271995   0.164413   0.311015
-0.0338686   0.0613498   0.0648603
0.176156   -0.384155   -0.0977752
-0.290112   -0.248561   0.450405
0.161205   0.461411   0.343416
-0.122705   -0.437271   0.474856
-0.275657   0.202334   -0.447401
-0.128854   -0.167491   0.390953
-0.0717518   0.212336   0.464023
0.228113   0.314273   -0.0900537
0.290147   0.232933   0.421349
-0.302369   -0.104046   0.291177
0.0990569   0.471029   0.00144118
0.42919   -0.364063   -0.280982
0.0176759   -0.48014   -0.253567
0.0414483   0.282658   -0.077646
-0.383056   -0.464824   -0.301713
-0.110594   -0.114233   0.0961133
0.353669   -0.0896019   0.0698726
-0.367769   -0.440773   -0.117209
0.131178   -0.164658   0.355063
-0.258791   0.3755   0.0686039
0.205568   0.428354   0.168597
0.190835   -0.380939   0.212029
0.359527   -0.0457884   -0.127304
-0.171042   -0.286387   -0.0538351
-0.280517   0.0167097   0.137651
-0.273306   0.150429   -0.209926
0.0393288   -0.12247   -0.310778
0.215747   -0.163548   -0.146985
0.471104   -0.202024   -0.0655968
0.234784   0.467389   -0.278594
0.36578   -0.355536   0.0738298
-0.383732   -0.0657691   -0.227005
0.132459   0.273546   0.320636
0.167377   -0.206246   0.0944478
-0.185153   -0.242427   0.227874
-0.210795   0.357937   -0.224359
0.144267   0.232494   0.114906
-0.211429   -0.497173   -0.366068
0.170806   0.0153944   -0.280156
-0.326699   0.182447   0.0528766
-0.00270548   -0.33129   0.0531686
0.436363   0.438207   0.298439
0.330908   0.133124   -0.198977
-0.0271625   0.355341   -0.404488
-0.389245   0.355734   -0.0820824
-0.164817   0.0393099   0.453224
0.448955   0.374522   -0.40226
-0.0241645   0.0966315   0.276627
-0.349492   -0.364357   0.290693
-0.46493   0.419273   0.129518
-0.20059   -0.409709   0.125102
0.0147122   -0.275515   -0.147254
-0.0683583   -0.469554   0.283801
0.244852   -0.314329   0.416096
0.137116   0.0562564   -0.0493844
0.39777   -0.359263   0.297331
-0.415175   -0.15779   0.168375
0.31421   0.0423043   -0.457872
0.348926   0.0993752   0.00302461
-0.423495   -0.0470803   -0.0193455
0.33523   -0.0834057   0.333936
-0.152964   0.228112   0.149183
0.0179192   -0.0958521   -0.0882533
-0.171257   -0.0255497   -0.0882233
-0.127465   0.159541   -0.0780154
-0.422799   0.0928382   -0.341419
0.273747   0.055985   0.20332
-0.0082417   0.0638332   -0.222117
0.0815286   -0.0600645   0.182109
0.261216   -0.146664   -0.449117
-0.366022   0.0114693   0.482878
-0.478619   0.135047   -0.14512
-0.490632   0.245728   0.303668
0.473929   0.252316   0.018977
-0.472606   0.0372386   0.219408
2.19261e-05   0.379033   0.161273
0.365292   0.49306   -0.0700128
-0.159234   0.374981   0.271015
0.32903   0.283814   0.189805
-0.379124   0.37034   -0.458558
0.151019   0.261189   -0.257642
-0.195186   0.371754   0.491758
