-0.26917   -0.0907202   -0.392514
-0.452188   -0.437945   0.481776
0.338066   0.232855   -0.345231
0.417785   -0.080212   -0.306315
-0.0801102   -0.320439   -0.323206
0.409008   -0.289438   -0.475109
-0.359846   -0.289419   0.0537278
0.0926816   -0.463515   -0.47061
0.350941   -0.461998   0.499996
0.46943   -0.102229   -0.496629
-0.113217   -0.471275   -0.0737477
0.19066   0.349558   -0.440469
0.0680408   -0.271774   -0.479884
-0.341255   0.378721   0.346543
-0.15575   -0.172303   -0.211806
-0.152202   0.0857292   -0.344758
-0.412298   0.278989   -0.273023
0.092801   0.175292   -0.410595
0.212257   -0.329607   -0.32456
0.0207355   -0.00925132   -0.465769
-0.493402   0.178859   0.496897
0.401721   0.358205   -0.206029
-0.429065   -0.242638   -0.333615
0.182045   0.0750088   0.382978
-0.272088   0.16444   0.311031
-0.0338822   0.0614552   0.0648311
0.176278   -0.384108   -0.0977764
-0.289951   -0.248738   0.450419
0.161097   0.461315   0.343505
-0.122692   -0.437584   0.474662
-0.275651   0.202333   -0.447396
-0.128876   -0.167516   0.390876
-0.0719524   0.212399   0.464165
0.228319   0.314297   -0.090018
0.289966   0.233039   0.421141
-0.30235   -0.104038   0.291222
0.0991636   0.471085   0.00149659
0.429065   -0.364054   -0.281106
0.017752   -0.480053   -0.253398
0.0413286   0.282453   -0.0777094
-0.383252   -0.464839   -0.301768
-0.110543   -0.114249   0.0961584
0.353697   -0.0896764   0.0697236
-0.367682   -0.440725   -0.117381
0.131173   -0.164657   0.3551
-0.25887   0.375502   0.0686434
0.20547   0.428394   0.16864
0.190758   -0.381168   0.212016
0.359434   -0.0458168   -0.127507
-0.171015   -0.28654   -0.0538901
-0.280421   0.0171019   0.137277
-0.273155   0.150458   -0.209858
0.0394266   -0.122574   -0.310811
0.215723   -0.163339   -0.147078
0.47124   -0.202251   -0.0657014
0.234627   0.467339   -0.278594
0.365773   -0.355651   0.0736199
-0.383656   -0.0657911   -0.226787
0.132701   0.273366   0.320786
0.167405   -0.205965   0.0945758
-0.185092   -0.242476   0.227766
-0.210721   0.357821   -0.224306
0.144125   0.232413   0.114887
-0.211467   -0.497302   -0.366109
0.170731   0.0154842   -0.28005
-0.326438   0.182419   0.0529141
-0.00296299   -0.331321   0.0529838
0.436283   0.438259   0.298575
0.330652   0.133279   -0.199071
-0.0270204   0.355521   -0.40423
-0.389532   0.35582   -0.0821681
-0.164791   0.0393273   0.453324
0.449046   0.374647   -0.402099
-0.0241982   0.0965542   0.276597
-0.349655   -0.364399   0.290803
-0.464811   0.419251   0.129621
-0.200619   -0.409574   0.125146
0.0148102   -0.2754   -0.147352
-0.0684666   -0.469457   0.283893
0.244884   -0.314401   0.416292
0.13723   0.0562542   -0.0497163
0.39779   -0.359122   0.297468
-0.415077   -0.15773   0.168538
0.3142   0.0423513   -0.458004
0.348914   0.0996299   0.0029447
-0.423621   -0.0472294   -0.019395
0.334888   -0.0833817   0.333894
-0.153073   0.228156   0.149106
0.0178156   -0.0958883   -0.0883766
-0.171248   -0.0254812   -0.0881369
-0.127289   0.159572   -0.0781087
-0.422576   0.0929948   -0.341549
0.273676   0.0557576   0.203221
-0.00834063   0.0638335   -0.222065
0.0815474   -0.0599783   0.182225
0.261315   -0.146534   -0.448917
-0.366107   0.0113811   0.482965
-0.478346   0.134993   -0.14524
-0.490324   0.245826   0.30364
0.473853   0.252231   0.0190864
-0.472439   0.037518   0.219549
-6.54268e-05   0.37904   0.161302
0.36517   0.493221   -0.0700765
-0.159122   0.374983   0.271064
0.329112   0.283735   0.189974
-0.379064   0.37027   -0.458585
0.151011   0.261213   -0.257739
-0.195345   0.371717   0.491704
