2.85
2.85082
2.85247
2.85392
2.85517
2.8562
2.85702
2.85762
2.85799
2.85813
2.85805
2.85772
2.85716
2.85636
2.85532
2.85404
2.85253
2.85077
2.84878
2.84656
2.8441
2.84142
2.83852
2.8354
2.83207
2.82855
2.82483
2.82092
2.81684
2.81259
2.80818
2.80364
2.79896
2.79417
2.78927
2.78428
2.77922
2.7741
2.76893
2.76375
2.75855
2.75336
2.7482
2.74308
2.73803
2.73306
2.72818
2.72343
2.7188
2.71432
2.71002
2.70589
2.70197
2.69826
2.69478
2.69154
2.68854
2.68581
2.68335
2.68117
2.67927
2.67767
2.67635
2.67534
2.67461
2.67419
2.67405
2.67421
2.67465
2.67537
2.67636
2.67762
2.67913
2.68088
2.68287
2.68508
2.68749
2.69011
2.6929
2.69587
2.69899
2.70225
2.70564
2.70915
2.71276
2.71646
2.72023
2.72406
2.72794
2.73186
2.7358
2.73976
2.74372
2.74767
2.75161
2.75551
2.75938
2.7632
2.76697
2.77068
2.77432
2.77789
2.78137
2.78476
2.78806
2.79126
2.79435
2.79733
2.80019
2.80293
2.80555
2.80803
2.81038
2.81259
2.81466
2.81659
2.81837
2.82
2.82148
2.8228
2.82397
2.82498
2.82584
2.82654
2.82709
2.82748
2.82771
2.82779
2.82771
2.82748
2.82711
2.82658
2.82591
2.8251
2.82415
2.82307
2.82186
2.82052
2.81905
2.81748
2.81578
2.81399
2.81208
2.81008
2.808
2.80582
2.80357
2.80124
2.79885
2.79639
2.79388
2.79133
2.78873
2.7861
2.78344
2.78077
2.77807
2.77538
2.77268
2.76999
2.76731
2.76465
2.76202
2.75943
2.75687
2.75435
2.75188
2.74947
2.74711
2.74482
2.74258
2.74041
2.73831
2.73628
2.73432
2.73242
2.73059
2.72882
2.7271
2.72544
2.72383
2.72226
2.72073
2.71923
2.71776
2.71629
2.71484
2.71338
2.71192
2.71044
2.70892
2.70738
2.70579
2.70415
2.70245
2.70068
2.69884
2.69691
2.69491
2.69281
2.69062
2.68833
2.68594
2.68346
2.68087
2.67817
2.67538
2.67248
2.66949
2.66641
2.66324
2.65998
2.65664
2.65324
2.64977
2.64625
2.64268
2.63908
2.63546
2.63182
2.62819
2.62456
2.62097
2.61741
2.6139
2.61046
2.60709
2.60382
2.60066
2.59761
2.5947
2.59193
2.58932
2.58689
2.58463
2.58256
2.5807
2.57905
2.57761
2.5764
2.57542
2.57467
2.57416
2.57388
2.57385
2.57405
2.57448
2.57515
2.57604
2.57716
2.57849
2.58002
2.58175
2.58367
2.58577
2.58803
2.59045
2.59301
2.59571
2.59852
2.60144
2.60446
2.60756
2.61073
2.61397
2.61726
2.62059
2.62396
2.62735
2.63076
2.63417
2.6376
2.64102
2.64444
2.64786
2.65126
2.65466
2.65804
2.66142
2.66478
2.66812
2.67146
2.6748
2.67813
2.68146
2.6848
2.68814
2.69149
2.69486
2.69826
2.70168
2.70513
2.70861
2.71214
2.71571
2.71933
2.72301
2.72675
2.73055
2.73441
2.73835
2.74236
2.74645
2.75061
2.75486
2.75919
2.7636
2.76809
2.77267
2.77734
2.78209
2.78692
2.79184
2.79684
2.80192
2.80708
2.8123
2.8176
2.82297
2.82839
2.83388
2.83942
2.845
2.85063
2.8563
2.86199
2.86771
2.87345
2.8792
2.88496
2.89071
2.89645
2.90217
2.90788
2.91354
2.91917
2.92475
2.93028
2.93575
2.94114
2.94646
2.95169
2.95683
2.96187
2.96681
2.97163
2.97634
2.98093
2.98538
2.9897
2.99388
2.99792
3.0018
3.00553
3.0091
3.01251
3.01576
3.01883
3.02174
3.02447
3.02703
3.02941
3.03162
3.03365
3.0355
3.03718
3.03867
3.03999
3.04113
3.0421
3.04289
3.04352
3.04397
3.04427
3.04439
3.04436
3.04418
3.04384
3.04335
3.04272
3.04194
3.04103
3.03999
3.03882
3.03752
3.03611
3.03458
3.03295
3.03121
3.02936
3.02742
3.02539
3.02326
3.02105
3.01876
3.01638
3.01394
3.01142
3.00883
3.00618
3.00346
3.00069
2.99786
2.99498
2.99205
2.98908
2.98607
2.98303
2.97995
2.97685
2.97374
2.97061
2.96747
2.96434
2.96122
2.95811
2.95503
2.95199
2.94898
2.94603
2.94315
2.94034
2.93761
2.93497
2.93244
2.93002
2.92772
2.92556
2.92353
2.92166
2.91994
2.91838
2.91699
2.91578
2.91473
2.91386
2.91317
2.91266
2.91232
2.91216
2.91216
2.91232
2.91265
2.91312
2.91373
2.91448
2.91535
2.91633
2.91742
2.91859
2.91984
2.92116
2.92253
2.92394
2.92537
2.92682
2.92827
2.9297
2.93111
2.93248
2.93381
2.93507
2.93627
2.93737
2.93838
2.93929
2.94007
2.94073
2.94125
2.94162
2.94184
2.94189
2.94177
2.94146
2.94095
2.94025
2.93934
2.93821
2.93686
2.93528
2.93346
2.93139
2.92908
2.92652
2.92369
2.92061
2.91726
2.91365
2.90978
2.90564
2.90125
2.8966
2.8917
2.88657
2.88121
2.87563
2.86986
2.86391
2.85781
2.85156
2.8452
2.83875
2.83224
2.82571
2.81918
2.81268
2.80625
2.79993
2.79373
2.78771
2.78188
2.77627
2.77092
2.76584
2.76106
2.75659
2.75245
2.74864
2.74517
2.74204
2.73925
2.73678
2.73464
2.73279
2.73123
2.72992
2.72886
2.72802
2.72736
2.72687
2.72652
2.72628
2.72614
2.72606
2.72602
2.726
2.72599
2.72596
2.72591
2.72581
2.72566
2.72545
2.72516
2.7248
2.72436
2.72383
2.72322
2.72253
2.72175
2.72088
2.71994
2.71892
2.71783
2.71667
2.71544
2.71415
2.7128
2.71141
2.70997
2.70848
2.70696
2.70541
2.70383
2.70223
2.70061
2.69897
2.69731
2.69564
2.69397
2.69228
2.69059
2.6889
2.6872
2.68551
2.68381
2.68212
2.68043
2.67874
2.67706
2.6754
2.67374
2.67209
2.67046
2.66886
2.66727
2.66571
2.66418
2.66269
2.66124
2.65984
2.6585
2.65721
2.656
2.65486
2.65381
2.65286
2.65201
2.65127
2.65067
2.65019
2.64986
2.64969
2.64967
2.64982
2.65015
2.65067
2.65137
2.65227
2.65337
2.65467
2.65616
2.65786
2.65975
2.66183
2.66411
2.66656
2.66919
2.67198
2.67492
2.678
2.6812
2.68451
2.68792
2.6914
2.69495
2.69854
2.70216
2.70579
2.70942
2.71302
2.71658
2.72009
2.72352
2.72688
2.73014
2.73329
2.73632
2.73923
2.742
2.74463
2.74711
2.74944
2.75162
2.75364
2.75551
2.75723
2.75881
2.76024
2.76154
2.76271
2.76376
2.76469
2.76553
2.76627
2.76694
2.76754
2.76808
2.76858
2.76905
2.76951
2.76996
2.77042
2.7709
2.77141
2.77196
2.77256
2.77323
2.77396
2.77476
2.77564
2.77661
2.77767
2.77882
2.78006
2.7814
2.78282
2.78434
2.78594
2.78763
2.78939
2.79122
2.79312
2.79508
2.79709
2.79915
2.80124
2.80336
2.8055
2.80766
2.80982
2.81199
2.81414
2.81629
2.81842
2.82053
2.82261
2.82465
2.82667
2.82864
2.83058
2.83248
2.83435
2.83618
2.83797
2.83973
2.84146
2.84316
2.84484
2.8465
2.84814
2.84976
2.85139
2.85301
2.85463
2.85627
2.85791
2.85958
2.86127
2.86298
2.86473
2.86651
2.86833
2.87019
2.87209
2.87404
2.87603
2.87807
2.88015
2.88229
2.88447
2.88669
2.88896
2.89126
2.89361
2.89599
2.8984
2.90084
2.90331
2.90579
2.9083
2.91081
2.91333
2.91585
2.91838
2.92089
2.9234
2.92588
2.92835
2.93079
2.9332
2.93558
2.93793
2.94023
2.94248
2.94469
2.94685
2.94895
2.95099
2.95297
2.9549
2.95675
2.95854
2.96026
2.96191
2.96349
2.96499
2.96641
2.96776
2.96902
2.9702
2.97129
2.97229
2.97321
2.97403
2.97477
2.9754
2.97594
2.97637
2.97671
2.97693
2.97705
2.97706
2.97695
2.97673
2.97639
2.97593
2.97534
2.97463
2.97379
2.97281
2.97169
2.97044
2.96905
2.96751
2.96582
2.96399
2.962
2.95986
2.95756
2.95511
2.95249
2.94971
2.94676
2.94365
2.94038
2.93693
2.93332
2.92953
2.92558
2.92146
2.91718
2.91272
2.90811
2.90332
2.89838
2.89328
2.88802
2.88261
2.87705
2.87134
2.86549
2.8595
2.85338
2.84713
2.84075
2.83426
2.82765
2.82094
2.81414
2.80724
2.80025
2.7932
2.78608
2.77889
2.77166
2.76439
2.75709
2.74977
2.74244
2.7351
2.72778
2.72047
2.71319
2.70596
2.69877
2.69165
2.68461
2.67764
2.67077
2.66401
2.65737
2.65085
2.64447
2.63824
2.63216
2.62625
2.62052
2.61497
2.60961
2.60446
2.59951
2.59478
2.59026
2.58598
2.58192
2.5781
2.57452
2.57118
2.56808
2.56523
2.56262
2.56026
2.55814
2.55626
2.55462
2.55321
2.55204
2.55109
2.55036
2.54985
2.54955
2.54945
2.54954
2.54982
2.55028
2.55091
2.55169
2.55263
2.5537
2.5549
2.55622
2.55764
2.55916
2.56077
2.56244
2.56418
2.56597
2.56779
2.56965
2.57152
2.57341
2.57529
2.57716
2.579
2.58082
2.5826
2.58433
2.58601
2.58763
2.58917
2.59064
2.59204
2.59334
2.59456
2.59568
2.5967
2.59762
2.59844
2.59916
2.59977
2.60028
2.60068
2.60098
2.60118
2.60129
2.6013
2.60121
2.60105
2.6008
2.60047
2.60008
2.59962
2.59911
2.59856
2.59796
2.59734
2.5967
2.59605
2.5954
2.59476
2.59415
2.59356
2.59303
2.59255
2.59214
2.59182
2.59158
2.59145
2.59143
2.59154
2.59178
2.59218
2.59272
2.59344
2.59432
2.59539
2.59664
2.59808
2.59972
2.60155
2.60359
2.60583
2.60826
2.6109
2.61372
2.61674
2.61994
2.62331
2.62686
2.63056
2.63441
2.63839
2.6425
2.64672
2.65104
2.65544
2.65991
2.66442
2.66898
2.67355
2.67813
2.68269
2.68722
2.69171
2.69614
2.7005
2.70476
2.70892
2.71297
2.71688
2.72065
2.72426
2.72771
2.73098
2.73407
2.73697
2.73966
2.74215
2.74443
2.74649
2.74834
2.74996
2.75137
2.75255
2.75352
2.75426
2.7548
2.75512
2.75524
2.75515
2.75488
2.75442
2.75379
2.75299
2.75203
2.75092
2.74968
2.74831
2.74683
2.74525
2.74358
2.74183
2.74002
2.73815
2.73625
2.73432
2.73237
2.73042
2.72847
2.72654
2.72465
2.72279
2.72098
2.71923
2.71755
2.71594
2.71441
2.71297
2.71163
2.71038
2.70924
2.70821
2.70729
2.70648
2.7058
2.70523
2.70479
2.70447
2.70427
2.7042
2.70424
2.70441
2.70469
2.70508
2.70558
2.70619
2.7069
2.70771
2.70861
2.70959
2.71065
2.71178
2.71298
2.71423
2.71554
2.71688
2.71826
2.71967
2.72109
2.72252
2.72396
2.72538
2.7268
2.72819
2.72956
2.73089
2.73217
2.73341
2.7346
2.73572
2.73679
2.73778
2.73869
2.73953
2.74028
2.74093
2.7415
2.74198
2.74235
2.74262
2.74279
2.74285
2.74281
2.74266
2.7424
2.74204
2.74156
2.74098
2.74029
2.7395
2.73861
2.73761
2.73652
2.73534
2.73407
2.73271
2.73127
2.72975
2.72815
2.7265
2.72478
2.72301
2.72118
2.71932
2.71743
2.7155
2.71356
2.7116
2.70964
2.70768
2.70573
2.7038
2.70189
2.70001
2.69818
2.69638
2.69464
2.69296
2.69134
2.68979
2.68831
2.68691
2.68559
2.68435
2.68321
2.68215
2.68119
2.68032
2.67955
2.67887
2.67828
2.67779
2.6774
2.6771
2.67689
2.67677
2.67674
2.67679
2.67693
2.67715
2.67744
2.67781
2.67825
2.67876
2.67934
2.67998
2.68069
2.68145
2.68226
2.68313
2.68405
2.68503
2.68605
2.68711
2.68822
2.68937
2.69056
2.6918
2.69307
2.69437
2.69572
2.69709
2.6985
2.69995
2.70142
2.70293
2.70446
2.70602
2.70761
2.70922
2.71085
2.7125
2.71417
2.71586
2.71756
2.71926
2.72098
2.72269
2.72441
2.72613
2.72784
2.72954
2.73123
2.7329
2.73456
2.73619
2.73779
2.73937
2.74092
2.74244
2.74392
2.74537
2.74677
2.74814
2.74947
2.75075
2.75199
2.7532
2.75436
2.75548
2.75656
2.75761
2.75862
2.7596
2.76055
2.76147
2.76237
2.76324
2.76409
2.76493
2.76575
2.76655
2.76734
2.76811
2.76887
2.76962
2.77035
2.77107
2.77176
2.77244
2.77308
2.7737
2.77428
2.77482
2.77531
2.77575
2.77613
2.77645
2.7767
2.77687
2.77695
2.77695
2.77685
2.77665
2.77635
2.77594
2.77542
2.77479
2.77404
2.77318
2.77221
2.77111
2.76991
2.76859
2.76716
2.76563
2.764
2.76227
2.76046
2.75856
2.75659
2.75455
2.75245
2.75029
2.7481
2.74586
2.74359
2.7413
2.739
2.73669
2.73438
2.73208
2.7298
2.72755
2.72533
2.72314
2.721
2.7189
2.71687
2.71489
2.71298
2.71115
2.70939
2.70771
2.70612
2.70462
2.70322
2.70191
2.70071
2.6996
2.6986
2.69772
2.69694
2.69627
2.69572
2.69529
2.69497
2.69478
2.6947
2.69475
2.69492
2.6952
2.69561
2.69614
2.69678
2.69755
2.69843
2.69942
2.70052
2.70173
2.70304
2.70446
2.70596
2.70756
2.70923
2.71099
2.71282
2.71471
2.71666
2.71865
2.72069
2.72276
2.72486
2.72697
2.72908
2.73119
2.73328
2.73535
2.73739
2.73939
2.74134
2.74322
2.74504
2.74677
2.74842
2.74997
2.75142
2.75276
2.75398
2.75508
2.75605
2.75689
2.75759
2.75815
2.75857
2.75885
2.75899
2.75899
2.75885
2.75857
2.75816
2.75763
2.75698
2.75622
2.75536
2.75441
2.75338
2.75229
2.75114
2.74996
2.74875
2.74755
2.74635
2.74519
2.74409
2.74305
2.74211
2.74128
2.74058
2.74003
2.73966
2.73948
2.73951
2.73977
2.74027
2.74104
2.74207
2.7434
2.74502
2.74694
2.74918
2.75173
2.7546
2.75778
2.76128
2.76509
2.76919
2.77359
2.77826
2.78319
2.78836
2.79377
2.79938
2.80518
2.81114
2.81725
2.82347
2.82978
2.83617
2.8426
2.84905
2.8555
2.86192
2.8683
2.8746
2.88081
2.88691
2.89287
2.89869
2.90434
2.9098
2.91507
2.92013
2.92497
2.92957
2.93394
2.93806
2.94192
2.94552
2.94885
2.95192
2.95471
2.95723
2.95948
2.96145
2.96316
2.9646
2.96577
2.96668
2.96735
2.96776
2.96793
2.96787
2.96759
2.96709
2.96637
2.96546
2.96437
2.96309
2.96165
2.96006
2.95832
2.95644
2.95445
2.95234
2.95014
2.94785
2.94548
2.94306
2.94058
2.93807
2.93553
2.93297
2.9304
2.92785
2.9253
2.92278
2.9203
2.91786
2.91547
2.91315
2.91089
2.90871
2.90661
2.9046
2.90268
2.90086
2.89914
2.89753
2.89603
2.89464
2.89337
2.89222
2.8912
2.89029
2.88951
2.88885
2.88832
2.88792
2.88764
2.88748
2.88745
2.88755
2.88776
2.8881
2.88856
2.88914
2.88984
2.89065
2.89158
2.89262
2.89376
2.89501
2.89637
2.89782
2.89936
2.901
2.90272
2.90452
2.9064
2.90835
2.91036
2.91243
2.91455
2.91671
2.91892
2.92114
2.92339
2.92565
2.92791
2.93017
2.9324
2.93461
2.93677
2.93889
2.94095
2.94293
2.94484
2.94665
2.94835
2.94995
2.95141
2.95273
2.95391
2.95493
2.95577
2.95644
2.95692
2.9572
2.95727
2.95712
2.95675
2.95614
2.95529
2.9542
2.95285
2.95124
2.94936
2.94722
2.9448
2.9421
2.93912
2.93586
2.93231
2.92848
2.92437
2.91997
2.91529
2.91032
2.90508
2.89956
2.89377
2.88771
2.88139
2.87481
2.86799
2.86092
2.85361
2.84608
2.83834
2.83038
2.82223
2.8139
2.80539
2.79672
2.7879
2.77894
2.76986
2.76066
2.75137
2.742
2.73256
2.72307
2.71354
2.70398
2.69441
2.68485
2.6753
2.66579
2.65633
2.64692
2.63758
2.62833
2.61917
2.61012
2.60119
2.59239
2.58372
2.5752
2.56684
2.55864
2.55061
2.54274
2.53506
2.52756
2.52025
2.51313
2.5062
2.49946
2.49292
2.48658
2.48043
2.47447
2.46871
2.46315
2.45778
2.45259
2.4476
2.44278
2.43816
2.43371
2.42944
2.42534
2.42142
2.41766
2.41408
2.41065
2.40739
2.40429
2.40134
2.39855
2.3959
2.39341
2.39107
2.38887
2.38682
2.38492
2.38315
2.38153
2.38005
2.37872
2.37752
2.37646
2.37554
2.37477
2.37413
2.37364
2.37328
2.37308
2.37301
2.37309
2.37332
2.3737
2.37423
2.3749
2.37573
2.37672
2.37786
2.37917
2.38063
2.38226
2.38406
2.38602
2.38816
2.39047
2.39296
2.39563
2.39848
2.40151
2.40473
2.40813
2.41173
2.41553
2.41952
2.42371
2.4281
2.43269
2.43748
2.44248
2.44769
2.4531
2.45872
2.46454
2.47056
2.47678
2.4832
2.48982
2.49662
2.50361
2.51078
2.51812
2.52563
2.53329
2.5411
2.54905
2.55713
2.56533
2.57364
2.58203
2.59051
2.59906
2.60766
2.6163
2.62496
2.63363
2.6423
2.65095
2.65957
2.66814
2.67665
2.68509
2.69343
2.70167
2.7098
2.7178
2.72567
2.73338
2.74094
2.74833
2.75555
2.76258
2.76942
2.77606
2.7825
2.78872
2.79474
2.80054
2.80613
2.81149
2.81663
2.82156
2.82626
2.83074
2.83501
2.83905
2.84289
2.84651
2.84992
2.85313
2.85614
2.85894
2.86156
2.86399
2.86624
2.86831
2.87021
2.87194
2.87351
2.87493
2.87619
2.87731
2.87829
2.87914
2.87986
2.88045
2.88093
2.8813
2.88155
2.88171
2.88176
2.88172
2.88159
2.88137
2.88107
2.8807
2.88024
2.87973
2.87914
2.87849
2.87778
2.87701
2.87619
2.87532
2.8744
2.87344
2.87243
2.87137
2.87027
2.86913
2.86795
2.86673
2.86546
2.86415
2.8628
2.8614
2.85996
2.85847
2.85692
2.85533
2.85367
2.85195
2.85017
2.84832
2.84639
2.84439
2.84231
2.84013
2.83787
2.83551
2.83306
2.8305
2.82783
2.82506
2.82217
2.81916
2.81604
2.81279
2.80943
2.80594
2.80234
2.79861
2.79476
2.79079
2.78671
2.78253
2.77823
2.77384
2.76935
2.76477
2.76012
2.75538
2.75058
2.74573
2.74083
2.73588
2.73091
2.72593
2.72094
2.71595
2.71098
2.70603
2.70113
2.69627
2.69148
2.68676
2.68213
2.67759
2.67316
2.66884
2.66465
2.66059
2.65667
2.65291
2.6493
2.64586
2.64259
2.6395
2.63658
2.63384
2.6313
2.62893
2.62676
2.62477
2.62298
2.62136
2.61993
2.61868
2.6176
2.61669
2.61595
2.61536
2.61493
2.61464
2.61448
2.61446
2.61456
2.61477
2.61508
2.61549
2.61598
2.61655
2.61718
2.61787
2.61861
2.61938
2.62018
2.621
2.62184
2.62268
2.62352
2.62434
2.62515
2.62593
2.62668
2.6274
2.62808
2.62871
2.6293
2.62983
2.63031
2.63073
2.6311
2.6314
2.63165
2.63184
2.63198
2.63205
2.63208
2.63205
2.63198
2.63186
2.6317
2.63151
2.63128
2.63104
2.63077
2.63049
2.6302
2.62992
2.62964
2.62937
2.62913
2.62891
2.62873
2.62859
2.6285
2.62847
2.62849
2.62859
2.62877
2.62902
2.62936
2.6298
2.63033
2.63096
2.6317
2.63254
2.6335
2.63457
2.63576
2.63707
2.6385
2.64005
2.64173
2.64352
2.64544
2.64747
2.64963
2.6519
2.65429
2.65679
2.6594
2.66212
2.66494
2.66787
2.67089
2.674
2.6772
2.68048
2.68385
2.68729
2.69079
2.69437
2.698
2.70169
2.70542
2.70921
2.71303
2.71689
2.72079
2.72471
2.72865
2.7326
2.73657
2.74054
2.74452
2.74849
2.75246
2.75642
2.76036
2.76428
2.76819
2.77206
2.7759
2.77971
2.78348
2.78721
2.7909
2.79453
2.79812
2.80164
2.80511
2.80852
2.81186
2.81514
2.81834
2.82147
2.82453
2.8275
2.8304
2.8332
2.83592
2.83855
2.84109
2.84352
2.84586
2.84809
2.85022
2.85224
2.85414
2.85592
2.85759
2.85913
2.86054
2.86182
2.86297
2.86398
2.86485
2.86558
2.86616
2.86659
2.86687
2.86699
2.86696
2.86676
2.8664
2.86588
2.8652
2.86435
2.86333
2.86215
2.8608
2.85928
2.85761
2.85576
2.85376
2.8516
2.84928
2.84681
2.84418
2.84142
2.83851
2.83547
2.83229
2.82899
2.82557
2.82204
2.8184
2.81466
2.81083
2.80692
2.80292
2.79887
2.79475
2.79057
2.78636
2.7821
2.77782
2.77352
2.7692
2.76488
2.76057
2.75627
2.75198
2.74773
2.7435
2.73932
2.73518
2.7311
2.72707
2.7231
2.7192
2.71537
2.71162
2.70795
2.70437
2.70087
2.69746
2.69415
2.69094
2.68782
2.68481
2.68191
2.67912
2.67643
2.67386
2.6714
2.66906
2.66684
2.66474
2.66277
2.66093
2.65922
2.65764
2.6562
2.65491
2.65376
2.65275
2.6519
2.6512
2.65067
2.65029
2.65009
2.65005
2.65018
2.65048
2.65097
2.65163
2.65247
2.6535
2.6547
2.65609
2.65766
2.65941
2.66133
2.66343
2.66571
2.66815
2.67076
2.67353
2.67645
2.67952
2.68274
2.68609
2.68958
2.69319
2.69691
2.70075
2.70469
2.70872
2.71285
2.71706
2.72134
2.7257
2.73012
2.7346
2.73913
2.74372
2.74835
2.75302
2.75774
2.76249
2.76728
2.7721
2.77695
2.78184
2.78676
2.79171
2.79669
2.8017
2.80675
2.81183
2.81695
2.8221
2.82729
2.83251
2.83778
2.84308
2.84841
2.85379
2.85919
2.86464
2.87012
2.87563
2.88116
2.88673
2.89232
2.89792
2.90354
2.90917
2.9148
2.92043
2.92606
2.93166
2.93725
2.94281
2.94833
2.95381
2.95923
2.96459
2.96989
2.9751
2.98023
2.98527
2.9902
2.99502
2.99972
3.00429
3.00872
3.01301
3.01715
3.02112
3.02493
3.02856
3.03201
3.03527
3.03834
3.04121
3.04388
3.04633
3.04858
3.0506
3.05241
3.05399
3.05535
3.05648
3.05737
3.05803
3.05846
3.05865
3.05862
3.05834
3.05784
3.05711
3.05615
3.05497
3.05356
3.05194
3.0501
3.04805
3.0458
3.04335
3.04071
3.03788
3.03488
3.0317
3.02835
3.02485
3.0212
3.01741
3.01348
3.00944
3.00528
3.00102
2.99666
2.99221
2.98769
2.98311
2.97847
2.97379
2.96907
2.96432
2.95955
2.95478
2.95001
2.94526
2.94051
2.9358
2.93112
2.92648
2.9219
2.91736
2.91289
2.90848
2.90415
2.89988
2.8957
2.8916
2.88758
2.88365
2.8798
2.87604
2.87237
2.86879
2.86529
2.86188
2.85855
2.85531
2.85215
2.84906
2.84606
2.84312
2.84026
2.83747
2.83475
2.83209
2.8295
2.82698
2.82451
2.82211
2.81976
2.81748
2.81525
2.81308
2.81097
2.80892
2.80692
2.80499
2.80312
2.8013
2.79955
2.79787
2.79624
2.79468
2.79319
2.79176
2.79041
2.78912
2.78791
2.78678
2.78573
2.78476
2.78388
2.78309
2.7824
2.78181
2.78133
2.78096
2.78071
2.78059
2.7806
2.78076
2.78106
2.78152
2.78215
2.78295
2.78394
2.78511
2.78649
2.78806
2.78985
2.79185
2.79407
2.7965
2.79916
2.80205
2.80515
2.80847
2.812
2.81573
2.81966
2.82378
2.82807
2.83253
2.83714
2.84188
2.84675
2.85172
2.85677
2.8619
2.86708
2.8723
2.87754
2.88277
2.88799
2.89317
2.8983
2.90336
2.90833
2.91321
2.91797
2.9226
2.92709
2.93142
2.93559
2.93957
2.94337
2.94695
2.95033
2.95349
2.95642
2.95911
2.96155
2.96375
2.96569
2.96738
2.9688
2.96995
2.97084
2.97145
2.97181
2.97189
2.97172
2.97128
2.97059
2.96965
2.96848
2.96707
2.96544
2.96361
2.96158
2.95938
2.95701
2.9545
2.95185
2.9491
2.94627
2.94337
2.94042
2.93745
2.93449
2.93155
2.92865
2.92583
2.92309
2.92046
2.91796
2.9156
2.9134
2.91137
2.90953
2.90787
2.90641
2.90515
2.9041
2.90324
2.90258
2.90211
2.90183
2.90172
2.90177
2.90198
2.90231
2.90277
2.90333
2.90398
2.90469
2.90546
2.90626
2.90709
2.90792
2.90873
2.90953
2.91029
2.911
2.91166
2.91226
2.91278
2.91322
2.91358
2.91386
2.91405
2.91415
2.91417
2.9141
2.91395
2.91373
2.91344
2.91309
2.91269
2.91223
2.91174
2.91122
2.91068
2.91013
2.90958
2.90904
2.90852
2.90803
2.90758
2.90719
2.90685
2.90658
2.90638
2.90627
2.90625
2.90632
2.9065
2.90679
2.90719
2.9077
2.90832
2.90907
2.90993
2.91092
2.91202
2.91323
2.91456
2.916
2.91754
2.91919
2.92094
2.92278
2.9247
2.9267
2.92877
2.9309
2.93309
2.93532
2.9376
2.9399
2.94223
2.94457
2.94691
2.94925
2.95158
2.95389
2.95617
2.95842
2.96061
2.96275
2.96482
2.96682
2.96874
2.97057
2.9723
2.97393
2.97545
2.97685
2.97812
2.97926
2.98027
2.98112
2.98183
2.98238
2.98277
2.98298
2.98303
2.9829
2.98259
2.98209
2.9814
2.98052
2.97944
2.97816
2.97668
2.97499
2.9731
2.97101
2.9687
2.96619
2.96347
2.96054
2.95741
2.95406
2.95051
2.94675
2.9428
2.93864
2.93428
2.92974
2.925
2.92007
2.91497
2.90969
2.90423
2.89861
2.89283
2.88689
2.88081
2.87458
2.86822
2.86174
2.85514
2.84843
2.84162
2.83472
2.82774
2.82069
2.81357
2.80641
2.7992
2.79196
2.7847
2.77743
2.77016
2.7629
2.75566
2.74846
2.7413
2.73419
2.72715
2.72018
2.71331
2.70652
2.69984
2.69328
2.68684
2.68053
2.67436
2.66833
2.66246
2.65676
2.65122
2.64586
2.64068
2.63569
2.63089
2.62628
2.62188
2.61769
2.6137
2.60992
2.60636
2.60302
2.5999
2.597
2.59432
2.59187
2.58964
2.58764
2.58587
2.58432
2.583
2.58191
2.58105
2.58041
2.58
2.57981
2.57985
2.5801
2.58058
2.58128
2.58219
2.58332
2.58465
2.58619
2.58794
2.58988
2.59201
2.59434
2.59685
2.59954
2.6024
2.60542
2.60861
2.61194
2.61542
2.61904
2.62278
2.62665
2.63063
2.63471
2.63889
2.64315
2.6475
2.65191
2.65638
2.66091
2.66548
2.67008
2.67472
2.67937
2.68403
2.6887
2.69336
2.69802
2.70266
2.70728
2.71188
2.71643
2.72096
2.72544
2.72987
2.73425
2.73857
2.74284
2.74704
2.75118
2.75525
2.75925
2.76318
2.76703
2.77081
2.77451
2.77812
2.78166
2.78512
2.78849
2.79179
2.79499
2.79812
2.80116
2.80412
2.807
2.80979
2.81249
2.81512
2.81766
2.82012
2.8225
2.8248
2.82702
2.82917
2.83123
2.83323
2.83514
2.83699
2.83876
2.84046
2.8421
2.84367
2.84518
2.84662
2.848
2.84931
2.85057
2.85176
2.8529
2.85398
2.855
2.85596
2.85687
2.85772
2.85852
2.85926
2.85995
2.86058
2.86116
2.86168
2.86215
2.86256
2.86291
2.86321
2.86345
2.86364
2.86377
2.86383
2.86384
2.86378
2.86367
2.86349
2.86326
2.86295
2.86259
2.86216
2.86166
2.8611
2.86047
2.85977
2.859
2.85816
2.85724
2.85625
2.85519
2.85404
2.85282
2.85151
2.85013
2.84865
2.84709
2.84545
2.8437
2.84187
2.83993
2.8379
2.83576
2.83351
2.83115
2.82868
2.8261
2.82339
2.82055
2.81759
2.8145
2.81128
2.80792
2.80441
2.80077
2.79698
2.79304
2.78896
2.78473
2.78034
2.7758
2.77112
2.76628
2.76129
2.75616
2.75088
2.74546
2.73991
2.73423
2.72843
2.72252
2.71649
2.71037
2.70416
2.69788
2.69153
2.68512
2.67867
2.6722
2.66572
2.65923
2.65277
2.64634
2.63997
2.63367
2.62745
2.62134
2.61535
2.60949
2.6038
2.59827
2.59294
2.58781
2.58289
2.57822
2.57379
2.56962
2.56571
2.56209
2.55876
2.55573
2.553
2.55058
2.54846
2.54666
2.54518
2.54401
2.54314
2.54258
2.54233
2.54236
2.54269
2.54329
2.54416
2.54529
2.54668
2.5483
2.55015
2.55221
2.55447
2.55692
2.55955
2.56234
2.56529
2.56837
2.57159
2.57492
2.57836
2.5819
2.58552
2.58923
2.593
2.59683
2.60072
2.60466
2.60864
2.61266
2.6167
2.62078
2.62487
2.62899
2.63312
2.63726
2.64141
2.64557
2.64973
2.65389
2.65805
2.66221
2.66636
2.6705
2.67463
2.67874
2.68284
2.68691
2.69096
2.69498
2.69897
2.70292
2.70684
2.71072
2.71456
2.71835
2.72208
2.72577
2.72939
2.73295
2.73645
2.73988
2.74323
2.74651
2.74971
2.75283
2.75585
2.75879
2.76163
2.76437
2.76702
2.76956
2.77199
2.77432
2.77654
2.77864
2.78063
2.78249
2.78423
2.78585
2.78735
2.78871
2.78994
2.79104
2.792
2.79282
2.7935
2.79404
2.79443
2.79467
2.79476
2.7947
2.79448
2.7941
2.79356
2.79286
2.79199
2.79096
2.78975
2.78838
2.78683
2.78511
2.78322
2.78115
2.7789
2.77648
2.77387
2.77109
2.76813
2.76499
2.76167
2.75818
2.75452
2.75068
2.74668
2.74251
2.73818
2.73369
2.72905
2.72426
2.71933
2.71426
2.70907
2.70375
2.69833
2.69279
2.68716
2.68145
2.67565
2.66979
2.66387
2.6579
2.6519
2.64587
2.63982
2.63378
2.62774
2.62173
2.61575
2.60981
2.60393
2.59811
2.59238
2.58673
2.58119
2.57577
2.57046
2.56529
2.56026
2.55539
2.55067
2.54612
2.54175
2.53756
2.53355
2.52974
2.52614
2.52273
2.51953
2.51654
2.51376
2.51119
2.50884
2.5067
2.50478
2.50306
2.50156
2.50027
2.49918
2.49829
2.4976
2.4971
2.4968
2.49668
2.49675
2.49699
2.49741
2.498
2.49875
2.49966
2.50072
2.50193
2.50329
2.50478
2.50642
2.50818
2.51008
2.5121
2.51424
2.5165
2.51888
2.52138
2.52399
2.52671
2.52953
2.53247
2.53551
2.53865
2.5419
2.54525
2.5487
2.55225
2.5559
2.55964
2.56347
2.5674
2.57141
2.57551
2.57968
2.58394
2.58827
2.59267
2.59713
2.60164
2.60621
2.61082
2.61547
2.62015
2.62485
2.62957
2.63429
2.63901
2.64373
2.64842
2.65309
2.65773
2.66232
2.66686
2.67133
2.67574
2.68007
2.68432
2.68847
2.69253
2.69649
2.70033
2.70405
2.70765
2.71112
2.71446
2.71767
2.72074
2.72367
2.72646
2.72911
2.73162
2.73398
2.7362
2.73828
2.74022
2.74203
2.7437
2.74525
2.74667
2.74797
2.74915
2.75022
2.75118
2.75205
2.75283
2.75352
2.75413
2.75466
2.75514
2.75555
2.75592
2.75624
2.75652
2.75678
2.75702
2.75724
2.75745
2.75766
2.75788
2.7581
2.75834
2.7586
2.75888
2.75918
2.75952
2.75988
2.76027
2.7607
2.76116
2.76165
2.76216
2.76271
2.76328
2.76387
2.76448
2.76511
2.76574
2.76637
2.76701
2.76763
2.76824
2.76883
2.76939
2.76992
2.77041
2.77085
2.77124
2.77158
2.77185
2.77205
2.77219
2.77224
2.77221
2.7721
2.7719
2.77161
2.77123
2.77076
2.7702
2.76954
2.76879
2.76796
2.76704
2.76604
2.76497
2.76382
2.76261
2.76134
2.76003
2.75867
2.75728
2.75586
2.75444
2.75301
2.75159
2.7502
2.74883
2.74752
2.74626
2.74508
2.74399
2.74299
2.7421
2.74134
2.74072
2.74025
2.73993
2.7398
2.73984
2.74008
2.74051
2.74116
2.74202
2.74311
2.74442
2.74597
2.74776
2.74977
2.75203
2.75452
2.75725
2.7602
2.76339
2.76679
2.7704
2.77422
2.77824
2.78244
2.78682
2.79136
2.79606
2.8009
2.80586
2.81094
2.81612
2.82138
2.82671
2.83211
2.83754
2.84301
2.8485
2.85399
2.85946
2.86492
2.87035
2.87573
2.88105
2.8863
2.89148
2.89657
2.90157
2.90646
2.91123
2.91589
2.92042
2.92481
2.92906
2.93316
2.93711
2.9409
2.94453
2.94799
2.95128
2.9544
2.95733
2.96008
2.96265
2.96503
2.96723
2.96923
2.97103
2.97265
2.97407
2.97529
2.97631
2.97715
2.97778
2.97822
2.97846
2.97851
2.97837
2.97804
2.97753
2.97682
2.97594
2.97488
2.97364
2.97223
2.97066
2.96893
2.96705
2.96502
2.96285
2.96056
2.95814
2.95561
2.95299
2.95028
2.94749
2.94465
2.94177
2.93886
2.93593
2.93302
2.93013
2.92728
2.92449
2.92179
2.91919
2.91671
2.91438
2.9122
2.91022
2.90843
2.90686
2.90553
2.90445
2.90364
2.9031
2.90285
2.9029
2.90325
2.9039
2.90485
2.90611
2.90768
2.90953
2.91168
2.9141
2.91679
2.91974
2.92293
2.92634
2.92996
2.93378
2.93777
2.94192
2.94622
2.95064
2.95517
2.95979
2.96449
2.96926
2.97407
2.97891
2.98378
2.98865
2.99353
2.99839
3.00323
3.00803
3.0128
3.01751
3.02217
3.02677
3.0313
3.03575
3.04012
3.0444
3.04859
3.05268
3.05667
3.06055
3.06432
3.06796
3.07149
3.07488
3.07815
3.08128
3.08427
3.08711
3.08981
3.09234
3.09472
3.09693
3.09898
3.10086
3.10256
3.10408
3.10542
3.10658
3.10755
3.10833
3.10892
3.10931
3.1095
3.1095
3.1093
3.10889
3.10829
3.10748
3.10647
3.10527
3.10386
3.10226
3.10047
3.09848
3.09631
3.09395
3.09141
3.0887
3.08582
3.08277
3.07956
3.0762
3.0727
3.06905
3.06528
3.06138
3.05737
3.05325
3.04904
3.04473
3.04035
3.0359
3.03138
3.02681
3.02219
3.01754
3.01285
3.00813
3.00339
2.99863
2.99386
2.98908
2.9843
2.97951
2.97472
2.96992
2.96511
2.9603
2.95547
2.95064
2.94579
2.94092
2.93602
2.93111
2.92616
2.92119
2.91617
2.91112
2.90602
2.90088
2.89569
2.89045
2.88517
2.87983
2.87445
2.86902
2.86355
2.85804
2.85249
2.84691
2.8413
2.83567
2.83002
2.82437
2.81872
2.81308
2.80745
2.80185
2.79629
2.79077
2.7853
2.7799
2.77457
2.76932
2.76416
2.75911
2.75416
2.74932
2.74461
2.74003
2.73558
2.73128
2.72713
2.72312
2.71927
2.71558
2.71205
2.70868
2.70547
2.70243
2.69955
2.69683
2.69428
2.69188
2.68964
2.68756
2.68562
2.68384
2.68219
2.68068
2.6793
2.67805
2.67691
2.67589
2.67498
2.67417
2.67344
2.67281
2.67225
2.67177
2.67135
2.67098
2.67067
2.6704
2.67018
2.66998
2.66981
2.66966
2.66952
2.6694
2.66928
2.66916
2.66905
2.66893
2.6688
2.66866
2.66851
2.66834
2.66817
2.66797
2.66777
2.66755
2.66733
2.66709
2.66685
2.6666
2.66635
2.6661
2.66586
2.66562
2.66539
2.66518
2.66499
2.66482
2.66469
2.66458
2.66451
2.66447
2.66449
2.66454
2.66465
2.66482
2.66505
2.66533
2.66568
2.6661
2.66659
2.66715
2.66779
2.6685
2.66929
2.67015
2.6711
2.67212
2.67323
2.67441
2.67568
2.67702
2.67845
2.67996
2.68154
2.6832
2.68495
2.68677
2.68867
2.69064
2.69269
2.69482
2.69702
2.6993
2.70165
2.70408
2.70658
2.70915
2.7118
2.71453
2.71732
2.7202
2.72314
2.72616
2.72926
2.73243
2.73568
2.739
2.7424
2.74587
2.74942
2.75303
2.75672
2.76047
2.76428
2.76816
2.77209
2.77607
2.7801
2.78417
2.78828
2.79242
2.79657
2.80074
2.80492
2.80909
2.81324
2.81737
2.82146
2.82552
2.82951
2.83344
2.83728
2.84104
2.84469
2.84823
2.85165
2.85493
2.85807
2.86104
2.86386
2.86649
2.86895
2.87121
2.87326
2.87511
2.87675
2.87816
2.87934
2.88029
2.881
2.88148
2.88171
2.88171
2.88145
2.88095
2.88021
2.87922
2.87799
2.87653
2.87482
2.87288
2.87072
2.86833
2.86572
2.8629
2.85988
2.85666
2.85325
2.84966
2.8459
2.84197
2.8379
2.83368
2.82933
2.82486
2.82028
2.8156
2.81083
2.80598
2.80107
2.79611
2.7911
2.78605
2.78099
2.77591
2.77083
2.76576
2.7607
2.75568
2.75068
2.74574
2.74084
2.736
2.73122
2.72651
2.72187
2.71731
2.71283
2.70844
2.70413
2.6999
2.69576
2.69171
2.68775
2.68387
2.68007
2.67635
2.67271
2.66915
2.66566
2.66223
2.65887
2.65557
2.65233
2.64914
2.646
2.6429
2.63984
2.63682
2.63384
2.63089
2.62798
2.62508
2.62222
2.61938
2.61656
2.61376
2.61099
2.60824
2.60552
2.60282
2.60016
2.59753
2.59494
2.59239
2.58988
2.58743
2.58504
2.58271
2.58046
2.57829
2.5762
2.5742
2.5723
2.57051
2.56884
2.56728
2.56586
2.56456
2.56341
2.5624
2.56153
2.56081
2.56025
2.55984
2.55958
2.55948
2.55952
2.55972
2.56005
2.56053
2.56115
2.56189
2.56275
2.56373
2.56482
2.566
2.56727
2.56861
2.57003
2.5715
2.57302
2.57458
2.57616
2.57776
2.57936
2.58096
2.58255
2.58411
2.58564
2.58713
2.58857
2.58995
2.59127
2.59252
2.59369
2.59478
2.59577
2.59668
2.59749
2.5982
2.59881
2.59931
2.5997
2.59997
2.60014
2.60018
2.60012
2.59993
2.59964
2.59923
2.5987
2.59806
2.59731
2.59645
2.59548
2.5944
2.59322
2.59194
2.59056
2.58909
2.58753
2.5859
2.58418
2.58239
2.58054
2.57863
2.57667
2.57466
2.57261
2.57054
2.56844
2.56634
2.56422
2.56212
2.56003
2.55796
2.55593
2.55395
2.55202
2.55015
2.54836
2.54665
2.54502
2.5435
2.54209
2.54078
2.5396
2.53855
2.53762
2.53683
2.53618
2.53567
2.53531
2.5351
2.53504
2.53512
2.53536
2.53575
2.53629
2.53698
2.53782
2.53881
2.53995
2.54124
2.54268
2.54427
2.54601
2.5479
2.54995
2.55215
2.55451
2.55704
2.55972
2.56258
2.56561
2.56881
2.5722
2.57576
2.57951
2.58345
2.58757
2.59188
2.59638
2.60106
2.60592
2.61096
2.61618
2.62155
2.62708
2.63275
2.63856
2.64448
2.65051
2.65664
2.66283
2.66909
2.67539
2.68171
2.68804
2.69435
2.70063
2.70687
2.71303
2.71911
2.72508
2.73094
2.73666
2.74223
2.74764
2.75286
2.7579
2.76274
2.76736
2.77176
2.77593
2.77986
2.78355
2.787
2.79019
2.79313
2.79581
2.79824
2.80041
2.80233
2.80399
2.8054
2.80657
2.8075
2.80818
2.80864
2.80886
2.80887
2.80867
2.80826
2.80765
2.80685
2.80588
2.80473
2.80342
2.80196
2.80036
2.79862
2.79677
2.7948
2.79274
2.79058
2.78835
2.78605
2.7837
2.7813
2.77887
2.77642
2.77396
2.7715
2.76905
2.76663
2.76423
2.76188
2.75959
2.75736
2.7552
2.75312
2.75113
2.74923
2.74745
2.74577
2.74421
2.74277
2.74146
2.74028
2.73924
2.73833
2.73756
2.73693
2.73644
2.73608
2.73586
2.73577
2.73582
2.73599
2.73629
2.7367
2.73722
2.73785
2.73858
2.7394
2.74031
2.74129
2.74235
2.74347
2.74465
2.74588
2.74715
2.74847
2.74981
2.75117
2.75256
2.75396
2.75536
2.75678
2.7582
2.75961
2.76103
2.76245
2.76386
2.76528
2.76669
2.76811
2.76952
2.77095
2.77238
2.77382
2.77527
2.77675
2.77825
2.77977
2.78132
2.78291
2.78452
2.78618
2.78788
2.78961
2.79139
2.79321
2.79507
2.79698
2.79892
2.8009
2.80291
2.80496
2.80703
2.80913
2.81124
2.81337
2.81551
2.81765
2.81979
2.82193
2.82405
2.82616
2.82825
2.83031
2.83234
2.83433
2.83628
2.83819
2.84005
2.84185
2.8436
2.84529
2.84692
2.84848
2.84997
2.85139
2.85273
2.854
2.85519
2.8563
2.85734
2.85829
2.85916
2.85994
2.86064
2.86126
2.8618
2.86225
2.86262
2.86291
2.86312
2.86325
2.86331
2.8633
2.86322
2.86307
2.86286
2.86259
2.86226
2.86187
2.86144
2.86095
2.86043
2.85986
2.85925
2.85861
2.85794
2.85724
2.85651
2.85576
2.85498
2.85418
2.85336
2.85252
2.85165
2.85077
2.84987
2.84895
2.848
2.84704
2.84605
2.84505
2.84402
2.84296
2.84189
2.8408
2.83969
2.83857
2.83743
2.83629
2.83515
2.83401
2.83288
2.83177
2.8307
2.82966
2.82867
2.82775
2.8269
2.82615
2.8255
2.82497
2.82457
2.82432
2.82424
2.82434
2.82463
2.82512
2.82583
2.82677
2.82794
2.82935
2.83101
2.83291
2.83506
2.83746
2.84009
2.84296
2.84604
2.84934
2.85282
2.85648
2.8603
2.86425
2.86831
2.87246
2.87667
2.88091
2.88516
2.8894
2.89358
2.89769
2.9017
2.90558
2.90932
2.91288
2.91624
2.91938
2.92228
2.92493
2.92731
2.9294
2.93119
2.93268
2.93384
2.93467
2.93517
2.93532
2.93513
2.9346
2.93371
2.93248
2.9309
2.92898
2.92671
2.92411
2.92117
2.91791
2.91432
2.91042
2.90621
2.9017
2.8969
2.89182
2.88647
2.88084
2.87497
2.86884
2.86248
2.8559
2.8491
2.84209
2.83489
2.8275
2.81994
2.81222
2.80436
2.79635
2.78822
2.77997
2.77163
2.76319
2.75467
2.74609
2.73746
2.72879
2.72009
2.71138
2.70266
2.69396
2.68529
2.67666
2.66808
2.65957
2.65114
2.6428
2.63457
2.62646
2.61849
2.61067
2.603
2.59551
2.5882
2.58109
2.57418
2.56748
2.56102
2.55479
2.5488
2.54307
2.5376
2.53239
2.52747
2.52282
2.51845
2.51438
2.51059
2.50711
2.50392
2.50103
2.49843
2.49614
2.49414
2.49244
2.49103
2.48991
2.48908
2.48853
2.48825
2.48824
2.48849
2.489
2.48975
2.49073
2.49195
2.49338
2.49502
2.49685
2.49887
2.50106
2.50341
2.5059
2.50854
2.51129
2.51415
2.51711
2.52016
2.52328
2.52646
2.52968
2.53295
2.53625
2.53958
2.54292
2.54626
2.54961
2.55295
2.55629
2.55962
2.56294
2.56625
2.56955
2.57285
2.57614
2.57945
2.58276
2.58609
2.58944
2.59283
2.59626
2.59975
2.6033
2.60692
2.61062
2.61442
2.61831
2.62231
2.62643
2.63066
2.63503
2.63953
2.64416
2.64892
2.65381
2.65884
2.66399
2.66926
2.67466
2.68016
2.68576
2.69145
2.69722
2.70307
2.70896
2.71491
2.72088
2.72687
2.73287
2.73885
2.74482
2.75075
2.75664
2.76247
2.76823
2.77392
2.77951
2.78502
2.79041
2.7957
2.80087
2.80591
2.81083
2.81561
2.82026
2.82477
2.82914
2.83337
2.83745
2.8414
2.8452
2.84887
2.8524
2.85579
2.85905
2.86217
2.86518
2.86805
2.87081
2.87346
2.87599
2.87841
2.88073
2.88295
2.88508
2.88712
2.88908
2.89096
2.89276
2.8945
2.89617
2.89778
2.89934
2.90086
2.90232
2.90374
2.90512
2.90647
2.90778
2.90907
2.91032
2.91155
2.91276
2.91394
2.9151
2.91623
2.91735
2.91844
2.91951
2.92056
2.92158
2.92257
2.92353
2.92446
2.92535
2.92619
2.92699
2.92774
2.92843
2.92906
2.92962
2.93011
2.93052
2.93084
2.93107
2.93121
2.93123
2.93115
2.93094
2.93061
2.93015
2.92955
2.92881
2.92793
2.92689
2.92569
2.92434
2.92283
2.92115
2.9193
2.91728
2.91509
2.91274
2.91022
2.90753
2.90468
2.90167
2.8985
2.89518
2.89172
2.88811
2.88438
2.88053
2.87656
2.87249
2.86834
2.8641
2.85981
2.85546
2.85107
2.84667
2.84226
2.83786
2.83349
2.82917
2.82491
2.82074
2.81667
2.81272
2.80891
2.80525
2.80176
2.79847
2.79538
2.79251
2.78988
2.7875
2.78538
2.78352
2.78196
2.78068
2.7797
2.77903
2.77868
2.77864
2.77892
2.77952
2.78044
2.78168
2.78325
2.78514
2.78735
2.78987
2.79271
2.79585
2.79929
2.80303
2.80705
2.81136
2.81593
2.82076
2.82584
2.83116
2.8367
2.84244
2.84837
2.85448
2.86074
2.86714
2.87365
2.88025
2.88692
2.89364
2.90038
2.90712
2.91384
2.92051
2.92711
2.93362
2.94001
2.94626
2.95235
2.95827
2.96398
2.96948
2.97475
2.97977
2.98453
2.98901
2.99321
2.99712
3.00072
3.00401
3.00699
3.00965
3.01198
3.01399
3.01567
3.01702
3.01805
3.01876
3.01914
3.01922
3.01899
3.01845
3.01762
3.01651
3.01511
3.01345
3.01153
3.00937
3.00696
3.00434
3.00149
2.99846
2.99523
2.99183
2.98828
2.98458
2.98075
2.97681
2.97276
2.96864
2.96444
2.9602
2.95592
2.95161
2.9473
2.94299
2.93871
2.93446
2.93025
2.92611
2.92205
2.91806
2.91418
2.91039
2.90672
2.90317
2.89975
2.89646
2.89331
2.8903
2.88743
2.88472
2.88215
2.87972
2.87745
2.87532
2.87333
2.87148
2.86976
2.86817
2.86671
2.86536
2.86413
2.86301
2.86198
2.86105
2.8602
2.85943
2.85874
2.85811
2.85753
2.85702
2.85655
2.85612
2.85572
2.85536
2.85502
2.85471
2.85441
2.85412
2.85385
2.85358
2.85332
2.85306
2.85279
2.85253
2.85226
2.85198
2.8517
2.85141
2.85112
2.85081
2.8505
2.85018
2.84985
2.84951
2.84916
2.84881
2.84845
2.84809
2.84772
2.84734
2.84696
2.84658
2.8462
2.84581
2.84543
2.84505
2.84468
2.84431
2.84395
2.8436
2.84326
2.84294
2.84263
2.84234
2.84207
2.84182
2.84161
2.84142
2.84127
2.84114
2.84106
2.84101
2.84101
2.84105
2.84114
2.84128
2.84147
2.84171
2.84201
2.84237
2.84279
2.84327
2.84381
2.84441
2.84508
2.84581
2.84661
2.84747
2.84839
2.84937
2.85042
2.85152
2.85268
2.8539
2.85517
2.85649
2.85786
2.85927
2.86072
2.86222
2.86375
2.8653
2.86689
2.8685
2.87012
2.87177
2.87342
2.87507
2.87673
2.87839
2.88003
2.88167
2.88329
2.88489
2.88646
2.888
2.88952
2.891
2.89244
2.89383
2.89519
2.89649
2.89774
2.89894
2.90009
2.90117
2.9022
2.90318
2.90409
2.90496
2.90576
2.90652
2.90722
2.90787
2.90848
2.90905
2.90958
2.91008
2.91056
2.91102
2.91148
2.91192
2.91238
2.91285
2.91334
2.91386
2.91442
2.91503
2.9157
2.91643
2.91724
2.91813
2.91911
2.92019
2.92137
2.92266
2.92407
2.92558
2.92722
2.92897
2.93084
2.93283
2.93493
2.93714
2.93946
2.94187
2.94437
2.94695
2.94959
2.9523
2.95505
2.95784
2.96064
2.96345
2.96625
2.96903
2.97177
2.97446
2.97708
2.97962
2.98206
2.98439
2.9866
2.98868
2.9906
2.99236
2.99395
2.99536
2.99658
2.99759
2.99839
2.99897
2.99933
2.99946
2.99935
2.999
2.99841
2.99757
2.99648
2.99514
2.99355
2.99171
2.98961
2.98726
2.98467
2.98182
2.97873
2.9754
2.97184
2.96804
2.96401
2.95976
2.9553
2.95062
2.94574
2.94067
2.93541
2.92997
2.92436
2.9186
2.91268
2.90662
2.90042
2.89411
2.8877
2.88118
2.87459
2.86792
2.8612
2.85444
2.84764
2.84084
2.83403
2.82724
2.82048
2.81376
2.8071
2.80051
2.79402
2.78762
2.78135
2.77521
2.76921
2.76338
2.75772
2.75224
2.74696
2.74189
2.73704
2.73242
2.72804
2.7239
2.72002
2.71639
2.71302
2.70993
2.7071
2.70454
2.70226
2.70024
2.6985
2.69702
2.6958
2.69484
2.69413
2.69367
2.69344
2.69345
2.69367
2.6941
2.69473
2.69554
2.69653
2.69768
2.69898
2.70041
2.70196
2.70361
2.70536
2.70719
2.70907
2.711
2.71297
2.71495
2.71693
2.7189
2.72085
2.72276
2.72461
2.7264
2.72812
2.72974
2.73126
2.73268
2.73397
2.73514
2.73618
2.73707
2.73781
2.73841
2.73885
2.73914
2.73927
2.73924
2.73906
2.73873
2.73825
2.73763
2.73687
2.73598
2.73497
2.73385
2.73263
2.73133
2.72996
2.72852
2.72704
2.72553
2.72401
2.7225
2.72101
2.71955
2.71816
2.71684
2.71562
2.7145
2.71352
2.71268
2.71201
2.71151
2.71121
2.71112
2.71126
2.71163
2.71224
2.71312
2.71426
2.71567
2.71736
2.71933
2.72159
2.72413
2.72696
2.73008
2.73347
2.73714
2.74109
2.7453
2.74978
2.7545
2.75945
2.76464
2.77005
2.77566
2.78146
2.78745
2.7936
2.79989
2.80633
2.81289
2.81956
2.82632
2.83316
2.84007
2.84702
2.85401
2.86102
2.86804
2.87506
2.88206
2.88902
2.89595
2.90281
2.90961
2.91634
2.92297
2.9295
2.93593
2.94223
2.94841
2.95445
2.96035
2.96609
2.97168
2.97711
2.98236
2.98745
2.99235
2.99706
3.00159
3.00592
3.01005
3.01398
3.01772
3.02125
3.02457
3.02769
3.0306
3.03331
3.03581
3.0381
3.04019
3.04208
3.04376
3.04525
3.04654
3.04763
3.04854
3.04925
3.04978
3.05013
3.05031
3.0503
3.05013
3.0498
3.0493
3.04864
3.04784
3.04688
3.04578
3.04454
3.04316
3.04165
3.04001
3.03824
3.03635
3.03434
3.03222
3.02998
3.02763
3.02518
3.02262
3.01996
3.01721
3.01435
3.01141
3.00838
3.00526
3.00205
2.99877
2.99541
2.99197
2.98847
2.9849
2.98127
2.97758
2.97383
2.97004
2.9662
2.96233
2.95842
2.95448
2.95051
2.94653
2.94253
2.93851
2.9345
2.93047
2.92646
2.92244
2.91844
2.91445
2.91047
2.90651
2.90257
2.89864
2.89474
2.89086
2.887
2.88316
2.87934
2.87554
2.87176
2.86798
2.86422
2.86046
2.85671
2.85296
2.8492
2.84544
2.84166
2.83786
2.83404
2.83019
2.82631
2.8224
2.81845
2.81445
2.81041
2.80632
2.80217
2.79797
2.7937
2.78938
2.785
2.78056
2.77606
2.77149
2.76687
2.76219
2.75746
2.75267
2.74784
2.74296
2.73804
2.73308
2.7281
2.72309
2.71806
2.71303
2.708
2.70297
2.69795
2.69296
2.688
2.68309
2.67823
2.67343
2.6687
2.66405
2.6595
2.65505
2.65072
2.6465
2.64243
2.63849
2.63471
2.6311
2.62765
2.62438
2.6213
2.61841
2.61573
2.61325
2.61099
2.60894
2.60712
2.60552
2.60415
2.60301
2.6021
2.60141
2.60096
2.60072
2.60072
2.60093
2.60135
2.60199
2.60283
2.60386
2.60509
2.60649
2.60807
2.60982
2.61172
2.61377
2.61595
2.61826
2.62068
2.62321
2.62584
