-4.50065
-4.50139
-4.503
-4.50439
-4.50528
-4.5064
-4.50715
-4.50767
-4.50782
-4.50742
-4.5068
-4.50624
-4.50529
-4.5044
-4.50342
-4.50191
-4.4997
-4.49771
-4.49563
-4.49318
-4.4905
-4.48729
-4.48417
-4.48039
-4.47732
-4.47375
-4.46969
-4.4653
-4.4609
-4.4562
-4.45135
-4.44667
-4.44203
-4.43682
-4.43153
-4.42707
-4.42195
-4.41679
-4.4116
-4.4064
-4.40091
-4.39575
-4.39018
-4.38482
-4.38
-4.37542
-4.37082
-4.36619
-4.36156
-4.35695
-4.35222
-4.3486
-4.34489
-4.34156
-4.33831
-4.33532
-4.33244
-4.33013
-4.3278
-4.3262
-4.32429
-4.32298
-4.32196
-4.32139
-4.32081
-4.32038
-4.32038
-4.32098
-4.3217
-4.32284
-4.3244
-4.32591
-4.32766
-4.3295
-4.33171
-4.33397
-4.33659
-4.33923
-4.3419
-4.34487
-4.34859
-4.35198
-4.35564
-4.3597
-4.3634
-4.36717
-4.37101
-4.37474
-4.37881
-4.38335
-4.38701
-4.39127
-4.39522
-4.39916
-4.40306
-4.40708
-4.41106
-4.41483
-4.41869
-4.42263
-4.42605
-4.42938
-4.43262
-4.43577
-4.43897
-4.44221
-4.44519
-4.4479
-4.45049
-4.45325
-4.45574
-4.45794
-4.45985
-4.46207
-4.464
-4.46578
-4.46725
-4.46888
-4.47021
-4.47122
-4.47254
-4.4731
-4.4738
-4.47419
-4.47398
-4.47421
-4.47444
-4.47451
-4.47444
-4.47436
-4.47384
-4.47317
-4.47221
-4.47111
-4.47002
-4.46881
-4.46762
-4.46616
-4.46443
-4.46259
-4.46094
-4.45919
-4.45704
-4.4551
-4.45262
-4.45021
-4.44804
-4.44534
-4.44304
-4.44038
-4.43783
-4.43553
-4.4329
-4.43024
-4.42741
-4.42457
-4.42217
-4.41978
-4.41739
-4.41486
-4.4122
-4.40972
-4.40728
-4.40487
-4.4019
-4.40004
-4.39747
-4.39527
-4.39297
-4.39089
-4.38872
-4.38692
-4.38489
-4.38308
-4.38118
-4.3795
-4.37788
-4.37631
-4.37496
-4.37365
-4.37148
-4.3698
-4.3683
-4.36697
-4.36551
-4.36421
-4.3632
-4.36174
-4.36026
-4.35859
-4.3575
-4.35591
-4.35427
-4.35287
-4.35095
-4.34896
-4.34719
-4.34518
-4.34324
-4.34105
-4.33861
-4.33607
-4.33343
-4.33069
-4.3283
-4.32596
-4.32261
-4.31932
-4.31654
-4.31367
-4.31041
-4.30692
-4.30352
-4.2999
-4.29638
-4.29266
-4.28921
-4.28573
-4.28255
-4.27906
-4.27559
-4.2723
-4.26858
-4.26508
-4.26178
-4.25842
-4.255
-4.25138
-4.24803
-4.24527
-4.2428
-4.24034
-4.2376
-4.2355
-4.23358
-4.23172
-4.23006
-4.22878
-4.22696
-4.22598
-4.22538
-4.22517
-4.22444
-4.22426
-4.22461
-4.22535
-4.22571
-4.22661
-4.22742
-4.2289
-4.23074
-4.23247
-4.23363
-4.23573
-4.2383
-4.24087
-4.24283
-4.24552
-4.24849
-4.25141
-4.25443
-4.25753
-4.26085
-4.26439
-4.26783
-4.27102
-4.27438
-4.27762
-4.28118
-4.28445
-4.28772
-4.2913
-4.29472
-4.29813
-4.30154
-4.30478
-4.30817
-4.31169
-4.3152
-4.31885
-4.32219
-4.32568
-4.32961
-4.33309
-4.33658
-4.33992
-4.34312
-4.34634
-4.34989
-4.35285
-4.35615
-4.35994
-4.36392
-4.36704
-4.37051
-4.37388
-4.37792
-4.38172
-4.38574
-4.39013
-4.39414
-4.39822
-4.40254
-4.40678
-4.41126
-4.41567
-4.42047
-4.42505
-4.42957
-4.43447
-4.43915
-4.44422
-4.44922
-4.4543
-4.45931
-4.46453
-4.46983
-4.47489
-4.48017
-4.48596
-4.49119
-4.49693
-4.50256
-4.50823
-4.51423
-4.51964
-4.52538
-4.53128
-4.53734
-4.54324
-4.54899
-4.55426
-4.55996
-4.56548
-4.57141
-4.57699
-4.58267
-4.58829
-4.59368
-4.59885
-4.60438
-4.60967
-4.61441
-4.6192
-4.62342
-4.62813
-4.63256
-4.63717
-4.64149
-4.64537
-4.64925
-4.65314
-4.65687
-4.66074
-4.66445
-4.6677
-4.67108
-4.67338
-4.67611
-4.67852
-4.6809
-4.68296
-4.68499
-4.68699
-4.68867
-4.69016
-4.69148
-4.69232
-4.69344
-4.69408
-4.69455
-4.69516
-4.69515
-4.69513
-4.6951
-4.69491
-4.69472
-4.69423
-4.6939
-4.69343
-4.69252
-4.69147
-4.69
-4.68886
-4.68775
-4.68607
-4.68459
-4.68284
-4.68054
-4.6783
-4.67627
-4.67444
-4.67223
-4.66964
-4.66711
-4.66482
-4.6623
-4.65956
-4.6569
-4.65404
-4.65126
-4.64859
-4.64556
-4.64248
-4.63936
-4.63604
-4.6333
-4.63007
-4.62698
-4.62401
-4.62073
-4.61759
-4.61416
-4.61104
-4.60778
-4.605
-4.60165
-4.59865
-4.59555
-4.59296
-4.58985
-4.58712
-4.58448
-4.5821
-4.57983
-4.57753
-4.57582
-4.57379
-4.57252
-4.5705
-4.56895
-4.56801
-4.56664
-4.56514
-4.56443
-4.56359
-4.56307
-4.56274
-4.56272
-4.56303
-4.56334
-4.56367
-4.56414
-4.5649
-4.56565
-4.56697
-4.56811
-4.56889
-4.57022
-4.57117
-4.57249
-4.5737
-4.57511
-4.57655
-4.57785
-4.57914
-4.58073
-4.58244
-4.58382
-4.58499
-4.58641
-4.5873
-4.58856
-4.58972
-4.59078
-4.59171
-4.59267
-4.5935
-4.59402
-4.59439
-4.59414
-4.59386
-4.5934
-4.5932
-4.5928
-4.59189
-4.59031
-4.58896
-4.58723
-4.58541
-4.58319
-4.58103
-4.57802
-4.57504
-4.57151
-4.56801
-4.56425
-4.56022
-4.55608
-4.55169
-4.54704
-4.54229
-4.53731
-4.5324
-4.52759
-4.52166
-4.51571
-4.50915
-4.5029
-4.49669
-4.49039
-4.48404
-4.4775
-4.47066
-4.46431
-4.45819
-4.45201
-4.44566
-4.43979
-4.43365
-4.42789
-4.42254
-4.41746
-4.41253
-4.40821
-4.40407
-4.40041
-4.39709
-4.39351
-4.39011
-4.3878
-4.3855
-4.3838
-4.38224
-4.38079
-4.37958
-4.37889
-4.37838
-4.37835
-4.37815
-4.37776
-4.37777
-4.37814
-4.37811
-4.37779
-4.37763
-4.37791
-4.378
-4.37821
-4.37821
-4.37829
-4.37771
-4.37704
-4.3763
-4.37578
-4.37486
-4.37371
-4.37248
-4.37192
-4.37128
-4.36996
-4.36901
-4.36755
-4.36632
-4.36518
-4.36384
-4.36214
-4.3607
-4.35921
-4.3586
-4.35705
-4.35517
-4.35341
-4.35179
-4.35015
-4.34804
-4.34667
-4.34469
-4.34286
-4.34117
-4.33963
-4.33808
-4.33623
-4.33454
-4.33269
-4.33085
-4.32856
-4.32688
-4.32491
-4.3228
-4.32131
-4.31983
-4.31822
-4.31679
-4.31508
-4.31355
-4.31191
-4.31016
-4.30845
-4.30726
-4.30612
-4.30461
-4.30347
-4.30257
-4.30161
-4.30016
-4.29943
-4.29882
-4.29804
-4.29816
-4.29814
-4.29827
-4.29857
-4.2989
-4.29896
-4.29982
-4.30072
-4.30152
-4.30266
-4.30431
-4.306
-4.3079
-4.30983
-4.31195
-4.31471
-4.31719
-4.32013
-4.32307
-4.32599
-4.32874
-4.33191
-4.33547
-4.33895
-4.34235
-4.34609
-4.34941
-4.35334
-4.35697
-4.36057
-4.36398
-4.3678
-4.37123
-4.37459
-4.3777
-4.3807
-4.38419
-4.38694
-4.38971
-4.39234
-4.39467
-4.3967
-4.39888
-4.40105
-4.40292
-4.40464
-4.40652
-4.4075
-4.40865
-4.40982
-4.41101
-4.41195
-4.41278
-4.41368
-4.41419
-4.41479
-4.41533
-4.41583
-4.41661
-4.41706
-4.41721
-4.41767
-4.41815
-4.41881
-4.41981
-4.42087
-4.42168
-4.42226
-4.42336
-4.42425
-4.42507
-4.42612
-4.42712
-4.42867
-4.43015
-4.43158
-4.43309
-4.43455
-4.43653
-4.43814
-4.43998
-4.44203
-4.44399
-4.44585
-4.44775
-4.44984
-4.45181
-4.4538
-4.45641
-4.45873
-4.46074
-4.46275
-4.46535
-4.46733
-4.46944
-4.47152
-4.47311
-4.47543
-4.47755
-4.47965
-4.48155
-4.48311
-4.48524
-4.48673
-4.48864
-4.49022
-4.49207
-4.49405
-4.49586
-4.49765
-4.49988
-4.5015
-4.50328
-4.50505
-4.50638
-4.50803
-4.50924
-4.51123
-4.5131
-4.51515
-4.51753
-4.51905
-4.52121
-4.52326
-4.52491
-4.5269
-4.52924
-4.53148
-4.53376
-4.53624
-4.53862
-4.54058
-4.54289
-4.54523
-4.54716
-4.54942
-4.55186
-4.55433
-4.55712
-4.55947
-4.56259
-4.56511
-4.56733
-4.57015
-4.57206
-4.57472
-4.57706
-4.57953
-4.58166
-4.58408
-4.58676
-4.58925
-4.5917
-4.59396
-4.59602
-4.59832
-4.60057
-4.60232
-4.60445
-4.60637
-4.60793
-4.60987
-4.61129
-4.61294
-4.61436
-4.61617
-4.61729
-4.61878
-4.62004
-4.62092
-4.62201
-4.62302
-4.62439
-4.62536
-4.62624
-4.62703
-4.62772
-4.628
-4.62849
-4.62856
-4.62868
-4.62854
-4.62843
-4.62851
-4.62772
-4.6268
-4.62682
-4.62611
-4.62466
-4.62353
-4.62272
-4.62147
-4.62007
-4.61854
-4.61685
-4.61502
-4.61348
-4.61134
-4.6092
-4.60674
-4.60367
-4.60059
-4.59764
-4.59438
-4.5911
-4.58766
-4.58404
-4.58041
-4.57661
-4.57294
-4.56851
-4.56421
-4.55974
-4.55481
-4.54986
-4.54491
-4.53966
-4.53424
-4.52808
-4.52222
-4.51622
-4.51023
-4.5044
-4.49815
-4.49163
-4.48528
-4.47868
-4.47197
-4.46486
-4.45811
-4.45113
-4.44437
-4.43725
-4.43007
-4.42268
-4.41541
-4.40811
-4.40094
-4.39361
-4.38657
-4.3791
-4.37134
-4.36406
-4.35712
-4.35039
-4.34342
-4.33607
-4.32911
-4.32193
-4.31547
-4.30913
-4.30276
-4.29653
-4.2903
-4.28438
-4.27801
-4.27243
-4.26688
-4.26092
-4.25577
-4.25067
-4.24608
-4.24157
-4.23713
-4.23278
-4.22896
-4.22538
-4.22173
-4.21833
-4.21548
-4.21317
-4.21051
-4.20824
-4.20651
-4.20472
-4.20331
-4.20214
-4.20089
-4.20001
-4.19935
-4.19904
-4.19879
-4.19859
-4.19872
-4.19887
-4.19965
-4.20014
-4.20092
-4.20215
-4.2032
-4.20452
-4.20579
-4.20716
-4.20861
-4.21029
-4.21187
-4.21351
-4.21564
-4.21735
-4.21937
-4.22126
-4.22329
-4.22516
-4.22716
-4.22913
-4.2306
-4.23203
-4.23356
-4.23503
-4.23688
-4.23835
-4.24004
-4.24135
-4.24256
-4.24353
-4.24455
-4.24563
-4.24615
-4.24686
-4.24717
-4.24768
-4.24763
-4.24778
-4.24813
-4.24854
-4.2484
-4.24816
-4.24769
-4.24729
-4.24712
-4.24657
-4.24597
-4.2453
-4.24475
-4.24415
-4.24338
-4.24258
-4.24133
-4.24053
-4.23989
-4.23897
-4.23824
-4.23785
-4.23737
-4.23727
-4.23724
-4.2367
-4.23657
-4.2364
-4.23636
-4.2366
-4.23654
-4.23663
-4.23735
-4.23793
-4.23884
-4.23994
-4.24199
-4.24362
-4.24546
-4.2475
-4.25003
-4.25262
-4.2551
-4.25793
-4.2608
-4.26415
-4.26722
-4.27107
-4.27492
-4.27847
-4.28291
-4.28747
-4.29169
-4.29571
-4.30041
-4.30503
-4.3097
-4.31425
-4.31868
-4.32295
-4.32721
-4.3313
-4.33579
-4.34007
-4.34427
-4.34854
-4.35285
-4.35735
-4.36096
-4.36458
-4.36819
-4.37164
-4.37476
-4.37785
-4.38059
-4.38314
-4.38593
-4.38775
-4.39012
-4.39166
-4.39344
-4.39515
-4.39633
-4.39745
-4.39819
-4.39888
-4.39905
-4.39962
-4.39969
-4.39941
-4.39895
-4.39817
-4.39767
-4.39671
-4.39591
-4.39481
-4.3939
-4.39242
-4.39084
-4.38917
-4.38742
-4.38575
-4.38389
-4.38183
-4.3799
-4.37795
-4.37629
-4.3748
-4.37257
-4.37083
-4.36882
-4.36701
-4.36511
-4.36358
-4.36212
-4.36059
-4.359
-4.3578
-4.35625
-4.35526
-4.35408
-4.35301
-4.3522
-4.35152
-4.35095
-4.35051
-4.35034
-4.34984
-4.35007
-4.35011
-4.35043
-4.35071
-4.35126
-4.35221
-4.35312
-4.35383
-4.35464
-4.35539
-4.35652
-4.35773
-4.35872
-4.35976
-4.36117
-4.36247
-4.36382
-4.3649
-4.3663
-4.36803
-4.36946
-4.3709
-4.37232
-4.37329
-4.37483
-4.3762
-4.37768
-4.37942
-4.38111
-4.3823
-4.38357
-4.38433
-4.38502
-4.38579
-4.38662
-4.38752
-4.38788
-4.3886
-4.38907
-4.38899
-4.38926
-4.38928
-4.38919
-4.3893
-4.38945
-4.38889
-4.38853
-4.38821
-4.38747
-4.38694
-4.38599
-4.38495
-4.38411
-4.38347
-4.38213
-4.38071
-4.3792
-4.3776
-4.37624
-4.37495
-4.37299
-4.37112
-4.36919
-4.36752
-4.36536
-4.36331
-4.36199
-4.3602
-4.35809
-4.35613
-4.35447
-4.35237
-4.35043
-4.34867
-4.34665
-4.34481
-4.34286
-4.34142
-4.33989
-4.33827
-4.33717
-4.33584
-4.33444
-4.33297
-4.33174
-4.33089
-4.32954
-4.32857
-4.32771
-4.32723
-4.32655
-4.32612
-4.32533
-4.32509
-4.32448
-4.32442
-4.32461
-4.32427
-4.32403
-4.32416
-4.32453
-4.32513
-4.32535
-4.32639
-4.3266
-4.32703
-4.32782
-4.32852
-4.32928
-4.33025
-4.33097
-4.33159
-4.33196
-4.33298
-4.33374
-4.33531
-4.33661
-4.3375
-4.33858
-4.33955
-4.3407
-4.3419
-4.34312
-4.34483
-4.34643
-4.34805
-4.34986
-4.35124
-4.35265
-4.35424
-4.356
-4.35794
-4.35959
-4.36111
-4.36279
-4.36434
-4.36575
-4.36716
-4.36872
-4.37029
-4.37186
-4.37327
-4.37497
-4.3762
-4.37773
-4.37908
-4.38056
-4.38201
-4.38344
-4.38499
-4.38666
-4.38814
-4.38959
-4.39114
-4.39251
-4.39399
-4.39573
-4.39697
-4.39787
-4.39903
-4.4
-4.40123
-4.40228
-4.40329
-4.40412
-4.40537
-4.40614
-4.40719
-4.40791
-4.40861
-4.4093
-4.40996
-4.41077
-4.41171
-4.41278
-4.41324
-4.41414
-4.41547
-4.41604
-4.41673
-4.41726
-4.41775
-4.41837
-4.4188
-4.41918
-4.41953
-4.41982
-4.4199
-4.41991
-4.42046
-4.42078
-4.42102
-4.42132
-4.42137
-4.42057
-4.42042
-4.42017
-4.41965
-4.41901
-4.41796
-4.41665
-4.41567
-4.41473
-4.41352
-4.41251
-4.41123
-4.40985
-4.40837
-4.40695
-4.40544
-4.40384
-4.40202
-4.39998
-4.39803
-4.39602
-4.39397
-4.39189
-4.38947
-4.38718
-4.38533
-4.38317
-4.38086
-4.37841
-4.37583
-4.37388
-4.37135
-4.36931
-4.36702
-4.36508
-4.36319
-4.36122
-4.35885
-4.35717
-4.35541
-4.35343
-4.35169
-4.34989
-4.34803
-4.34642
-4.34552
-4.34487
-4.34357
-4.34268
-4.3416
-4.34078
-4.34008
-4.3395
-4.33903
-4.33898
-4.33891
-4.33926
-4.33973
-4.33986
-4.34012
-4.3405
-4.34129
-4.34145
-4.34233
-4.34317
-4.34442
-4.34579
-4.34695
-4.34836
-4.35002
-4.35176
-4.35329
-4.3555
-4.35733
-4.35892
-4.36102
-4.36347
-4.36551
-4.36788
-4.37028
-4.37239
-4.3745
-4.37631
-4.37825
-4.38033
-4.38282
-4.38467
-4.38646
-4.38895
-4.39077
-4.39235
-4.39415
-4.39571
-4.39731
-4.39865
-4.40002
-4.40097
-4.40194
-4.40338
-4.40393
-4.40404
-4.40416
-4.40429
-4.40457
-4.40472
-4.40443
-4.4043
-4.4039
-4.40382
-4.40317
-4.40241
-4.40185
-4.4006
-4.39957
-4.39847
-4.39747
-4.39614
-4.39509
-4.39388
-4.39268
-4.39198
-4.39072
-4.38923
-4.38783
-4.38685
-4.386
-4.3853
-4.38492
-4.38459
-4.38477
-4.38503
-4.38568
-4.38569
-4.38658
-4.38775
-4.38937
-4.39145
-4.39338
-4.39593
-4.3988
-4.40229
-4.40563
-4.40944
-4.41385
-4.41839
-4.42291
-4.4283
-4.43378
-4.43918
-4.44464
-4.45059
-4.45626
-4.46267
-4.46889
-4.47521
-4.48175
-4.48818
-4.49493
-4.50138
-4.5078
-4.51418
-4.52064
-4.52654
-4.53295
-4.53906
-4.54488
-4.55083
-4.55645
-4.56157
-4.56678
-4.57147
-4.57562
-4.58014
-4.5844
-4.58857
-4.59156
-4.5952
-4.59811
-4.60076
-4.60358
-4.60552
-4.6075
-4.60936
-4.61094
-4.61197
-4.61258
-4.61263
-4.61305
-4.61307
-4.61286
-4.61242
-4.61192
-4.61121
-4.6103
-4.6098
-4.60883
-4.60724
-4.60534
-4.60405
-4.60248
-4.60093
-4.59898
-4.59708
-4.59463
-4.59242
-4.5906
-4.58812
-4.58516
-4.58276
-4.5802
-4.57779
-4.57523
-4.57254
-4.56987
-4.56723
-4.56479
-4.5621
-4.55947
-4.55751
-4.55564
-4.55338
-4.55167
-4.54976
-4.54824
-4.54652
-4.54491
-4.54371
-4.54217
-4.54075
-4.5399
-4.53918
-4.53858
-4.53795
-4.53744
-4.53706
-4.53666
-4.53653
-4.53683
-4.53649
-4.53674
-4.53695
-4.53729
-4.53806
-4.53864
-4.53903
-4.53999
-4.54107
-4.54211
-4.54341
-4.54451
-4.54571
-4.54746
-4.54886
-4.55019
-4.55191
-4.55402
-4.5556
-4.55754
-4.55986
-4.56178
-4.56405
-4.56652
-4.56872
-4.5708
-4.57274
-4.57455
-4.57666
-4.57891
-4.58115
-4.58366
-4.58583
-4.58794
-4.59015
-4.59229
-4.59419
-4.5957
-4.59741
-4.59915
-4.60077
-4.60209
-4.60312
-4.60429
-4.60529
-4.6055
-4.60568
-4.60611
-4.60603
-4.60588
-4.60566
-4.60536
-4.60436
-4.60326
-4.60192
-4.60076
-4.59888
-4.59628
-4.59417
-4.59177
-4.58894
-4.58568
-4.58198
-4.578
-4.57419
-4.56964
-4.56511
-4.56014
-4.5549
-4.54908
-4.54329
-4.53723
-4.53091
-4.52433
-4.51766
-4.51074
-4.50343
-4.4959
-4.48816
-4.48035
-4.4722
-4.46417
-4.45566
-4.44669
-4.43771
-4.42875
-4.41952
-4.41048
-4.40119
-4.39166
-4.38222
-4.37243
-4.36319
-4.35379
-4.34422
-4.33435
-4.3242
-4.31499
-4.30568
-4.29612
-4.28678
-4.27737
-4.26791
-4.25886
-4.25008
-4.24098
-4.23246
-4.22379
-4.21513
-4.20693
-4.19874
-4.19088
-4.18335
-4.17585
-4.16854
-4.16141
-4.15433
-4.14775
-4.14106
-4.13486
-4.12886
-4.12321
-4.11715
-4.11128
-4.10591
-4.10073
-4.09558
-4.09122
-4.08659
-4.08184
-4.07742
-4.07287
-4.0691
-4.06504
-4.06161
-4.05803
-4.05477
-4.05182
-4.04842
-4.04532
-4.04298
-4.04049
-4.03815
-4.0355
-4.0336
-4.03124
-4.02948
-4.0274
-4.02608
-4.02474
-4.02369
-4.02293
-4.02156
-4.02064
-4.0197
-4.01936
-4.019
-4.0188
-4.01918
-4.01957
-4.01965
-4.02017
-4.0207
-4.02123
-4.02236
-4.0238
-4.02464
-4.02579
-4.0265
-4.02813
-4.02993
-4.03235
-4.03448
-4.0368
-4.03943
-4.0421
-4.04495
-4.04798
-4.0512
-4.0546
-4.05805
-4.06154
-4.06569
-4.06988
-4.07442
-4.07946
-4.0841
-4.08895
-4.09431
-4.09957
-4.10534
-4.11116
-4.11763
-4.1234
-4.12982
-4.13659
-4.1434
-4.15023
-4.15755
-4.16505
-4.1724
-4.18022
-4.18833
-4.19643
-4.20451
-4.21271
-4.22117
-4.22942
-4.23774
-4.24599
-4.25489
-4.26368
-4.27235
-4.28072
-4.28939
-4.29774
-4.30606
-4.31432
-4.32329
-4.33127
-4.33931
-4.34756
-4.35599
-4.36354
-4.3717
-4.37942
-4.38713
-4.39467
-4.40173
-4.40831
-4.41515
-4.42164
-4.42778
-4.43386
-4.43987
-4.44582
-4.45126
-4.45662
-4.46161
-4.46699
-4.47154
-4.47557
-4.47983
-4.48403
-4.48832
-4.49239
-4.49565
-4.49916
-4.50217
-4.50528
-4.5076
-4.50972
-4.51212
-4.51434
-4.51624
-4.51797
-4.51939
-4.52065
-4.52192
-4.52274
-4.52372
-4.52472
-4.52589
-4.52633
-4.52681
-4.52733
-4.52758
-4.52804
-4.52824
-4.52835
-4.52822
-4.5277
-4.52755
-4.52717
-4.52702
-4.52681
-4.52637
-4.52617
-4.52577
-4.52485
-4.52388
-4.5227
-4.52209
-4.52067
-4.51981
-4.51875
-4.51766
-4.51651
-4.51548
-4.51411
-4.51299
-4.51183
-4.51063
-4.50969
-4.50794
-4.5063
-4.50446
-4.50286
-4.50105
-4.49948
-4.49755
-4.49555
-4.49332
-4.49117
-4.48878
-4.48691
-4.48495
-4.48245
-4.47999
-4.47743
-4.47491
-4.47214
-4.46925
-4.46609
-4.46267
-4.45942
-4.45576
-4.45197
-4.44851
-4.44478
-4.44093
-4.43727
-4.43349
-4.42946
-4.42516
-4.42031
-4.41552
-4.41095
-4.40629
-4.40171
-4.39706
-4.39205
-4.38685
-4.38205
-4.37693
-4.37164
-4.3668
-4.36181
-4.35729
-4.35265
-4.34775
-4.34259
-4.33795
-4.33323
-4.32844
-4.32406
-4.31962
-4.31561
-4.31141
-4.30766
-4.30374
-4.29997
-4.29622
-4.29262
-4.29011
-4.28686
-4.28394
-4.28106
-4.27821
-4.27569
-4.27367
-4.27184
-4.27034
-4.26873
-4.26745
-4.26574
-4.26467
-4.26376
-4.26316
-4.26243
-4.26214
-4.26231
-4.26201
-4.26229
-4.26223
-4.26245
-4.26246
-4.26271
-4.2629
-4.26332
-4.26395
-4.26494
-4.26553
-4.266
-4.26695
-4.26823
-4.26907
-4.26991
-4.27074
-4.27127
-4.27223
-4.27301
-4.27361
-4.27418
-4.27455
-4.27549
-4.27592
-4.27646
-4.27739
-4.27781
-4.27833
-4.27848
-4.27858
-4.27892
-4.27906
-4.27913
-4.27961
-4.27943
-4.27936
-4.27909
-4.27953
-4.27949
-4.27896
-4.27872
-4.2786
-4.27847
-4.27864
-4.2785
-4.27823
-4.27796
-4.27771
-4.27765
-4.27762
-4.27748
-4.27784
-4.2778
-4.27753
-4.27702
-4.27735
-4.27775
-4.27809
-4.27807
-4.27875
-4.27939
-4.28012
-4.28112
-4.28208
-4.2833
-4.28479
-4.28595
-4.28723
-4.28908
-4.29091
-4.2927
-4.29477
-4.29681
-4.29942
-4.30154
-4.30408
-4.30658
-4.30949
-4.31221
-4.31518
-4.31796
-4.32113
-4.32439
-4.32805
-4.33133
-4.33485
-4.33829
-4.34164
-4.34522
-4.3487
-4.35238
-4.35582
-4.36006
-4.36373
-4.3679
-4.37209
-4.37601
-4.3798
-4.38406
-4.38803
-4.39215
-4.39628
-4.40026
-4.40438
-4.40818
-4.41182
-4.41544
-4.41904
-4.42277
-4.42676
-4.43072
-4.43494
-4.43898
-4.44266
-4.44645
-4.45003
-4.45386
-4.45748
-4.46089
-4.46423
-4.46751
-4.47086
-4.47429
-4.4772
-4.47987
-4.48277
-4.48557
-4.4886
-4.49138
-4.49376
-4.49619
-4.49808
-4.50016
-4.50244
-4.50446
-4.50591
-4.50769
-4.50935
-4.51074
-4.51216
-4.51344
-4.51429
-4.51515
-4.51602
-4.51675
-4.51733
-4.51746
-4.51773
-4.51786
-4.51782
-4.51778
-4.51696
-4.51644
-4.51561
-4.51476
-4.51374
-4.51271
-4.51151
-4.51015
-4.50817
-4.50678
-4.50462
-4.50246
-4.49999
-4.49707
-4.49429
-4.49138
-4.48847
-4.48573
-4.48255
-4.47925
-4.47568
-4.47199
-4.46805
-4.46461
-4.46033
-4.45657
-4.45258
-4.44897
-4.445
-4.44083
-4.43661
-4.43251
-4.42822
-4.42392
-4.41961
-4.41529
-4.41037
-4.40637
-4.40193
-4.39692
-4.39255
-4.38851
-4.38453
-4.38044
-4.37641
-4.37259
-4.36884
-4.36517
-4.36127
-4.35745
-4.35386
-4.35021
-4.34681
-4.3438
-4.34088
-4.33762
-4.33431
-4.33125
-4.32891
-4.32638
-4.32396
-4.32165
-4.31931
-4.31709
-4.31469
-4.31242
-4.31072
-4.30901
-4.30729
-4.30555
-4.3041
-4.3031
-4.30224
-4.30215
-4.3016
-4.30137
-4.30069
-4.30048
-4.30044
-4.30058
-4.30133
-4.30197
-4.30263
-4.30363
-4.3045
-4.3057
-4.30724
-4.30881
-4.31071
-4.31279
-4.31489
-4.31701
-4.31991
-4.32312
-4.32513
-4.32821
-4.33158
-4.33465
-4.33785
-4.34134
-4.3451
-4.34867
-4.35251
-4.3566
-4.36049
-4.36476
-4.36882
-4.37295
-4.37746
-4.38203
-4.38651
-4.39074
-4.39548
-4.39996
-4.40463
-4.4098
-4.41486
-4.41949
-4.42432
-4.42917
-4.43421
-4.43912
-4.44407
-4.44891
-4.45407
-4.45927
-4.46435
-4.46947
-4.47462
-4.47996
-4.48533
-4.49029
-4.49574
-4.50093
-4.50585
-4.51141
-4.51685
-4.52263
-4.52799
-4.53383
-4.5397
-4.54483
-4.55074
-4.5556
-4.56078
-4.56626
-4.57235
-4.57782
-4.58328
-4.58811
-4.59352
-4.59919
-4.60497
-4.61039
-4.61606
-4.6206
-4.62551
-4.63049
-4.63553
-4.64046
-4.64543
-4.64998
-4.6547
-4.65898
-4.66312
-4.66726
-4.67123
-4.67459
-4.67792
-4.68107
-4.68448
-4.68725
-4.69012
-4.69263
-4.69569
-4.69824
-4.70011
-4.70192
-4.70365
-4.70471
-4.70568
-4.70673
-4.70769
-4.70812
-4.70817
-4.70828
-4.70801
-4.70735
-4.70692
-4.70596
-4.70523
-4.70352
-4.70205
-4.70037
-4.69862
-4.69637
-4.69392
-4.69173
-4.6889
-4.68605
-4.68272
-4.67907
-4.67587
-4.67191
-4.66827
-4.66405
-4.6597
-4.65569
-4.65143
-4.64707
-4.64293
-4.63871
-4.63367
-4.62903
-4.6248
-4.61993
-4.61503
-4.61056
-4.60594
-4.60133
-4.59611
-4.59122
-4.58651
-4.58152
-4.57673
-4.57245
-4.56776
-4.56329
-4.55888
-4.55439
-4.55043
-4.54565
-4.5417
-4.53798
-4.5342
-4.5302
-4.52659
-4.52292
-4.52009
-4.5166
-4.51319
-4.50986
-4.50662
-4.50361
-4.50067
-4.49782
-4.49488
-4.49218
-4.48893
-4.48636
-4.48401
-4.48157
-4.47859
-4.47627
-4.47372
-4.47153
-4.46894
-4.46671
-4.46454
-4.46304
-4.46113
-4.45914
-4.45705
-4.45503
-4.45307
-4.45177
-4.44993
-4.44831
-4.44674
-4.44465
-4.44307
-4.44187
-4.44058
-4.43982
-4.439
-4.43809
-4.43773
-4.43655
-4.43546
-4.43492
-4.43433
-4.43385
-4.43333
-4.43308
-4.43235
-4.43251
-4.43282
-4.43327
-4.43358
-4.43436
-4.43516
-4.43584
-4.43702
-4.43824
-4.43982
-4.4413
-4.4436
-4.44552
-4.44796
-4.45031
-4.4532
-4.4563
-4.45992
-4.46345
-4.46703
-4.47111
-4.47553
-4.47983
-4.48459
-4.48905
-4.49379
-4.49896
-4.50378
-4.50884
-4.51397
-4.5193
-4.52437
-4.52976
-4.53484
-4.54036
-4.54554
-4.55067
-4.55573
-4.56071
-4.56513
-4.56989
-4.57423
-4.57932
-4.58381
-4.58797
-4.59196
-4.59575
-4.59934
-4.60226
-4.60497
-4.60789
-4.61059
-4.61288
-4.61493
-4.61627
-4.6181
-4.61967
-4.62067
-4.62201
-4.62233
-4.62193
-4.62201
-4.62184
-4.6211
-4.62026
-4.61977
-4.61859
-4.61688
-4.61526
-4.61297
-4.61079
-4.60889
-4.60637
-4.60415
-4.60136
-4.59876
-4.59562
-4.59241
-4.58932
-4.58605
-4.58338
-4.58029
-4.57724
-4.57426
-4.57168
-4.56905
-4.56624
-4.56403
-4.56213
-4.5598
-4.55811
-4.55645
-4.55499
-4.55373
-4.55222
-4.55121
-4.55086
-4.55054
-4.55041
-4.55045
-4.55066
-4.55071
-4.5512
-4.55211
-4.55282
-4.55347
-4.55434
-4.55541
-4.55621
-4.55704
-4.55772
-4.55854
-4.55949
-4.56025
-4.56096
-4.56117
-4.56161
-4.56183
-4.56258
-4.56278
-4.56306
-4.5634
-4.5632
-4.56337
-4.56315
-4.56316
-4.56294
-4.56234
-4.56214
-4.56159
-4.56083
-4.56034
-4.55996
-4.55912
-4.55842
-4.55772
-4.55672
-4.55605
-4.55586
-4.55557
-4.55517
-4.55453
-4.55441
-4.55421
-4.5538
-4.55378
-4.55415
-4.55418
-4.55462
-4.55517
-4.55568
-4.5563
-4.5569
-4.55806
-4.55874
-4.56015
-4.56166
-4.56314
-4.56473
-4.56658
-4.56808
-4.56967
-4.57181
-4.57389
-4.57619
-4.57826
-4.58039
-4.58243
-4.58421
-4.58634
-4.58864
-4.59112
-4.59316
-4.59535
-4.59845
-4.60093
-4.60309
-4.60552
-4.60761
-4.61011
-4.61225
-4.61463
-4.61632
-4.61839
-4.62038
-4.62241
-4.62434
-4.62616
-4.62726
-4.62869
-4.62983
-4.63098
-4.63199
-4.63285
-4.63295
-4.63333
-4.63355
-4.63345
-4.63316
-4.633
-4.63265
-4.63121
-4.63048
-4.6294
-4.62797
-4.62634
-4.6245
-4.62261
-4.62052
-4.61821
-4.61555
-4.61283
-4.60945
-4.60646
-4.60312
-4.59942
-4.59581
-4.59185
-4.588
-4.58304
-4.57849
-4.57375
-4.56853
-4.56357
-4.55829
-4.55329
-4.54752
-4.54188
-4.53595
-4.52971
-4.52349
-4.51713
-4.51049
-4.50404
-4.49748
-4.49067
-4.48347
-4.47664
-4.46944
-4.46232
-4.45531
-4.44795
-4.44071
-4.4336
-4.42618
-4.41875
-4.41119
-4.4041
-4.39705
-4.39004
-4.38293
-4.37574
-4.36908
-4.3622
-4.35541
-4.34858
-4.34202
-4.33557
-4.32911
-4.32279
-4.31677
-4.3109
-4.30534
-4.29966
-4.29429
-4.28942
-4.28427
-4.27947
-4.27457
-4.27001
-4.26612
-4.26243
-4.25911
-4.2557
-4.25266
-4.24954
-4.24649
-4.24381
-4.2412
-4.23913
-4.23728
-4.23581
-4.23396
-4.2328
-4.23156
-4.23069
-4.2299
-4.22964
-4.22945
-4.22934
-4.22944
-4.22917
-4.22956
-4.23032
-4.2319
-4.23308
-4.23463
-4.23622
-4.23831
-4.24075
-4.24277
-4.24543
-4.24797
-4.25098
-4.25401
-4.25704
-4.26023
-4.26371
-4.26763
-4.27167
-4.27554
-4.27937
-4.28315
-4.28763
-4.29205
-4.29654
-4.3008
-4.30528
-4.31026
-4.31513
-4.31989
-4.32452
-4.32932
-4.33414
-4.3388
-4.34362
-4.34843
-4.35277
-4.35784
-4.36244
-4.36715
-4.37167
-4.37615
-4.38058
-4.38481
-4.38868
-4.39325
-4.39715
-4.40144
-4.40551
-4.40966
-4.41344
-4.41759
-4.42152
-4.42507
-4.42838
-4.43223
-4.43568
-4.43921
-4.4425
-4.44571
-4.44898
-4.45233
-4.45514
-4.45801
-4.4605
-4.46336
-4.46598
-4.46837
-4.47099
-4.47337
-4.47567
-4.47743
-4.47958
-4.48119
-4.48303
-4.4851
-4.48755
-4.48932
-4.49027
-4.49206
-4.49393
-4.49559
-4.49718
-4.49871
-4.50032
-4.50158
-4.50262
-4.50406
-4.50529
-4.50616
-4.50698
-4.50773
-4.50858
-4.50923
-4.50997
-4.51066
-4.51099
-4.51157
-4.51224
-4.51225
-4.51251
-4.51302
-4.51302
-4.51311
-4.5136
-4.51387
-4.51394
-4.51425
-4.51465
-4.51438
-4.51451
-4.51457
-4.51412
-4.5136
-4.51317
-4.51313
-4.51287
-4.51239
-4.51185
-4.51138
-4.51038
-4.50962
-4.50848
-4.50711
-4.50611
-4.50489
-4.50328
-4.50205
-4.50027
-4.49871
-4.49707
-4.49563
-4.49379
-4.49201
-4.48967
-4.48753
-4.48558
-4.48293
-4.48046
-4.47802
-4.47531
-4.47233
-4.46922
-4.46613
-4.4629
-4.45939
-4.45558
-4.45209
-4.4483
-4.44437
-4.44043
-4.4362
-4.43182
-4.42743
-4.42289
-4.41836
-4.41337
-4.40823
-4.40265
-4.39724
-4.39123
-4.38586
-4.38021
-4.37414
-4.36797
-4.36215
-4.35624
-4.3501
-4.3436
-4.33735
-4.33105
-4.32488
-4.31839
-4.31176
-4.3053
-4.29917
-4.2928
-4.28589
-4.27967
-4.27356
-4.26756
-4.26186
-4.25571
-4.25003
-4.24425
-4.23911
-4.2342
-4.22967
-4.22509
-4.22077
-4.21702
-4.2131
-4.20977
-4.20643
-4.2037
-4.20097
-4.19901
-4.19767
-4.19618
-4.19486
-4.19414
-4.19343
-4.19303
-4.19306
-4.19339
-4.19429
-4.19517
-4.19539
-4.19647
-4.19825
-4.2001
-4.20201
-4.20427
-4.20672
-4.20905
-4.21184
-4.21464
-4.21757
-4.22079
-4.22427
-4.22771
-4.2314
-4.23503
-4.23873
-4.2425
-4.24634
-4.25053
-4.25462
-4.2586
-4.26262
-4.26682
-4.27104
-4.27484
-4.2788
-4.28308
-4.28707
-4.29107
-4.29538
-4.29954
-4.30385
-4.30787
-4.31202
-4.31617
-4.32047
-4.32474
-4.32901
-4.3334
-4.33717
-4.34122
-4.34554
-4.34954
-4.35349
-4.35726
-4.36084
-4.36452
-4.36831
-4.3719
-4.37528
-4.3789
-4.38231
-4.38536
-4.38863
-4.39184
-4.39497
-4.39831
-4.40158
-4.40461
-4.40769
-4.41069
-4.41343
-4.41592
-4.41862
-4.42135
-4.42338
-4.4253
-4.42725
-4.42923
-4.43079
-4.43239
-4.43431
-4.4361
-4.43762
-4.43855
-4.4398
-4.44091
-4.44143
-4.44211
-4.44295
-4.44334
-4.44328
-4.44337
-4.4433
-4.44354
-4.44301
-4.44247
-4.44207
-4.44105
-4.43972
-4.43927
-4.43759
-4.43665
-4.43433
-4.43243
-4.43036
-4.42796
-4.42554
-4.42263
-4.4203
-4.41719
-4.4142
-4.41149
-4.408
-4.40373
-4.40035
-4.39664
-4.39293
-4.38859
-4.38396
-4.37931
-4.37422
-4.36944
-4.36407
-4.35933
-4.35432
-4.34889
-4.34351
-4.33788
-4.33247
-4.32682
-4.32081
-4.31489
-4.30877
-4.30231
-4.29658
-4.29054
-4.28449
-4.2783
-4.27259
-4.26661
-4.26067
-4.25493
-4.24882
-4.24354
-4.23819
-4.2325
-4.22707
-4.22162
-4.2166
-4.21172
-4.20669
-4.20182
-4.19743
-4.19275
-4.18871
-4.1844
-4.1809
-4.17744
-4.17403
-4.17068
-4.16784
-4.16521
-4.1625
-4.16045
-4.15801
-4.15548
-4.15391
-4.15241
-4.15111
-4.14987
-4.14914
-4.1483
-4.1475
-4.14705
-4.14723
-4.1473
-4.14724
-4.14796
-4.14855
-4.1493
-4.1502
-4.15127
-4.15248
-4.15384
-4.15548
-4.15697
-4.15888
-4.16093
-4.16265
-4.16464
-4.16736
-4.16928
-4.17178
-4.17424
-4.17696
-4.17978
-4.18257
-4.18591
-4.18936
-4.19245
-4.19596
-4.1991
-4.20265
-4.2063
-4.20989
-4.21357
-4.21735
-4.22121
-4.22531
-4.22964
-4.23374
-4.23777
-4.24247
-4.24693
-4.25175
-4.25601
-4.26047
-4.26512
-4.26995
-4.2748
-4.27967
-4.2844
-4.28897
-4.29429
-4.29883
-4.30381
-4.30814
-4.31243
-4.31742
-4.32159
-4.326
-4.33018
-4.33383
-4.33829
-4.34234
-4.34615
-4.34984
-4.35371
-4.35716
-4.36078
-4.36428
-4.36733
-4.37056
-4.37364
-4.37673
-4.37953
-4.38203
-4.3844
-4.38677
-4.389
-4.39109
-4.39335
-4.39487
-4.39642
-4.39814
-4.39929
-4.40077
-4.40139
-4.40205
-4.40337
-4.4043
-4.40484
-4.40545
-4.40583
-4.40615
-4.40657
-4.40678
-4.4071
-4.40754
-4.40749
-4.40773
-4.4078
-4.40771
-4.40792
-4.40813
-4.40836
-4.40844
-4.40885
-4.40883
-4.40944
-4.40962
-4.41028
-4.41053
-4.41065
-4.41081
-4.41084
-4.41106
-4.41191
-4.41233
-4.41292
-4.41338
-4.41461
-4.41494
-4.41542
-4.41606
-4.41698
-4.41759
-4.41803
-4.41859
-4.41912
-4.41946
-4.4196
-4.41984
-4.42018
-4.42121
-4.42141
-4.42154
-4.42205
-4.42202
-4.42221
-4.42247
-4.42218
-4.4215
-4.42072
-4.42046
-4.41965
-4.41966
-4.41883
-4.41776
-4.41691
-4.41584
-4.41454
-4.41348
-4.41191
-4.41029
-4.40878
-4.40723
-4.40597
-4.40455
-4.40312
-4.40185
-4.4003
-4.39864
-4.39717
-4.39607
-4.39473
-4.39379
-4.39264
-4.39175
-4.39099
-4.38991
-4.38944
-4.38883
-4.38869
-4.38918
-4.38942
-4.38986
-4.3908
-4.39182
-4.39336
-4.39452
-4.39592
-4.39755
-4.39957
-4.40182
-4.40401
-4.40689
-4.40939
-4.41242
-4.41598
-4.41944
-4.42326
-4.42743
-4.43133
-4.43586
-4.44026
-4.4451
-4.44949
-4.45445
-4.45983
-4.46501
-4.47027
-4.47576
-4.48131
-4.48659
-4.49221
-4.4977
-4.50319
-4.50852
-4.51413
-4.51985
-4.52508
-4.53056
-4.53596
-4.54099
-4.54578
-4.55032
-4.55521
-4.55984
-4.56464
-4.56932
-4.57371
-4.57782
-4.58192
-4.58557
-4.58891
-4.59238
-4.59585
-4.59929
-4.60255
-4.60533
-4.60839
-4.61065
-4.61334
-4.61583
-4.61829
-4.6204
-4.62216
-4.62388
-4.62525
-4.62628
-4.62726
-4.62775
-4.62849
-4.62888
-4.62908
-4.62864
-4.62801
-4.62779
-4.62724
-4.62666
-4.62575
-4.62406
-4.62265
-4.62078
-4.6195
-4.61762
-4.61528
-4.61297
-4.61067
-4.6084
-4.60587
-4.6034
-4.60054
-4.59806
-4.59552
-4.59293
-4.59002
-4.5871
-4.58418
-4.58174
-4.57874
-4.5758
-4.57295
-4.57049
-4.56802
-4.56613
-4.56351
-4.56152
-4.55988
-4.55847
-4.55729
-4.55621
-4.55554
-4.55485
-4.5546
-4.55435
-4.55424
-4.55535
-4.5563
-4.55711
-4.55882
-4.56053
-4.56268
-4.56495
-4.56764
-4.57059
-4.57362
-4.57719
-4.58066
-4.58478
-4.58877
-4.59308
-4.59798
-4.6024
-4.60708
-4.61171
-4.61641
-4.62102
-4.62613
-4.63143
-4.6363
-4.64088
-4.6456
-4.65061
-4.6553
-4.65996
-4.66487
-4.66974
-4.6747
-4.67915
-4.68368
-4.68828
-4.69265
-4.69693
-4.70097
-4.70491
-4.7089
-4.71278
-4.71609
-4.71959
-4.72311
-4.72651
-4.72993
-4.73336
-4.73605
-4.73949
-4.74219
-4.74472
-4.74695
-4.74931
-4.75151
-4.75324
-4.75554
-4.75707
-4.75841
-4.75896
-4.75993
-4.76056
-4.7613
-4.76214
-4.76294
-4.76324
-4.76304
-4.76263
-4.76218
-4.76137
-4.76021
-4.75961
-4.75821
-4.75706
-4.75511
-4.75298
-4.75065
-4.74814
-4.74561
-4.74305
-4.74031
-4.73742
-4.73436
-4.7307
-4.72734
-4.72385
-4.71992
-4.71602
-4.71171
-4.70759
-4.70353
-4.69937
-4.69499
-4.69039
-4.68587
-4.68115
-4.67668
-4.67217
-4.66779
-4.66382
-4.65908
-4.65463
-4.64986
-4.64493
-4.64014
-4.6352
-4.63041
-4.62561
-4.62111
-4.61645
-4.61177
-4.60679
-4.60179
-4.59676
-4.59157
-4.5865
-4.58171
-4.57688
-4.57142
-4.56621
-4.56127
-4.55597
-4.55063
-4.54494
-4.53951
-4.53448
-4.52955
-4.52382
-4.51804
-4.51238
-4.50698
-4.5014
-4.49549
-4.49001
-4.48436
-4.47841
-4.47276
-4.46681
-4.46133
-4.45558
-4.44956
-4.4442
-4.43873
-4.43348
-4.42815
-4.42305
-4.41759
-4.41283
-4.40788
-4.4032
-4.39819
-4.39345
-4.38961
-4.38516
-4.38115
-4.377
-4.373
-4.36915
-4.36562
-4.36195
-4.35874
-4.35585
-4.35297
-4.3504
-4.34815
-4.34576
-4.34337
-4.34128
-4.3398
-4.33817
-4.33667
-4.33501
-4.33348
-4.33223
-4.33094
-4.33007
-4.32931
-4.32804
-4.32732
-4.32699
-4.32628
-4.3258
-4.32523
-4.32502
-4.32486
-4.32429
-4.32466
-4.32447
-4.32429
-4.3243
-4.32401
-4.32404
-4.32332
-4.3235
-4.32308
-4.32311
-4.32344
-4.32315
-4.323
-4.32268
-4.32265
-4.32261
-4.32241
-4.32219
-4.32136
-4.32113
-4.32104
-4.32064
-4.32039
-4.31968
-4.31944
-4.31905
-4.31897
-4.31846
-4.31857
-4.31855
-4.31826
-4.31831
-4.31824
-4.3179
-4.31776
-4.31782
-4.31733
-4.31734
-4.31741
-4.3177
-4.31805
-4.31862
-4.31926
-4.31967
-4.32031
-4.32102
-4.32196
-4.32282
-4.32346
-4.32479
-4.3259
-4.32663
-4.3279
-4.32864
-4.33006
-4.33172
-4.33315
-4.33466
-4.33656
-4.33853
-4.34058
-4.34271
-4.34446
-4.34658
-4.34833
-4.35061
-4.35326
-4.35569
-4.35819
-4.36092
-4.36326
-4.36614
-4.36863
-4.37166
-4.37475
-4.37747
-4.38057
-4.38419
-4.38714
-4.39031
-4.39371
-4.39733
-4.40057
-4.40419
-4.40757
-4.41162
-4.41544
-4.41931
-4.42309
-4.42708
-4.4308
-4.43518
-4.43898
-4.44312
-4.44743
-4.45145
-4.45547
-4.45994
-4.4641
-4.46823
-4.47278
-4.47683
-4.48098
-4.48506
-4.48875
-4.49266
-4.49647
-4.50046
-4.50418
-4.50731
-4.51059
-4.51342
-4.51624
-4.51872
-4.52148
-4.52328
-4.52504
-4.52689
-4.52867
-4.53008
-4.53112
-4.53252
-4.53324
-4.53356
-4.53425
-4.53424
-4.53414
-4.53349
-4.53244
-4.53131
-4.53008
-4.52815
-4.52645
-4.52481
-4.52265
-4.52026
-4.5175
-4.51483
-4.51165
-4.50843
-4.50502
-4.50143
-4.49767
-4.49329
-4.48922
-4.4847
-4.48065
-4.47648
-4.4719
-4.46692
-4.462
-4.457
-4.45239
-4.44742
-4.44226
-4.43737
-4.43245
-4.42722
-4.42229
-4.41722
-4.41156
-4.40638
-4.40154
-4.39644
-4.39154
-4.3867
-4.38223
-4.37782
-4.37288
-4.36832
-4.36414
-4.35944
-4.35483
-4.3509
-4.34662
-4.34196
-4.33784
-4.33396
-4.33017
-4.3266
-4.32251
-4.3191
-4.3156
-4.31233
-4.30897
-4.30537
-4.30198
-4.29909
-4.2961
-4.29285
-4.29009
-4.28753
-4.28485
-4.28145
-4.27868
-4.27564
-4.27278
-4.26993
-4.26711
-4.26432
-4.26155
-4.25865
-4.25562
-4.25277
-4.25011
-4.24748
-4.24504
-4.24233
-4.23968
-4.23723
-4.23499
-4.23221
-4.22965
-4.22733
-4.22524
-4.22354
-4.22134
-4.21955
-4.21803
-4.21617
-4.2152
-4.2142
-4.21305
-4.21234
-4.21132
-4.21046
-4.21004
-4.20918
-4.20907
-4.20897
-4.20871
-4.20905
-4.20924
-4.20942
-4.21003
-4.21108
-4.21209
-4.21322
-4.21431
-4.21534
-4.2163
-4.21826
-4.21952
-4.22069
-4.22221
-4.22407
-4.22535
-4.22695
-4.22856
-4.23001
-4.23144
-4.23346
-4.23499
-4.23663
-4.23822
-4.23945
-4.24092
-4.24247
-4.24349
-4.24427
-4.24497
-4.24558
-4.24593
-4.24694
-4.24755
-4.24775
-4.24799
-4.24841
-4.24843
-4.24847
-4.24795
-4.24808
-4.24748
-4.24691
-4.24654
-4.2459
-4.245
-4.24368
-4.24256
-4.24148
-4.2406
-4.23917
-4.23779
-4.23587
-4.23446
-4.23252
-4.23081
-4.22902
-4.22702
-4.2245
-4.22254
-4.22083
-4.21894
-4.21716
-4.21477
-4.21251
-4.21039
-4.20829
-4.20605
-4.20428
-4.20225
-4.20042
-4.19834
-4.19662
-4.19498
-4.19296
-4.19104
-4.18936
-4.1881
-4.1865
-4.18531
-4.18411
-4.18333
-4.18254
-4.18249
-4.18214
-4.18208
-4.18172
-4.1815
-4.18114
-4.18137
-4.18207
-4.1823
-4.18299
-4.18368
-4.18467
-4.18626
-4.18725
-4.18824
-4.18968
-4.19097
-4.19286
-4.19475
-4.19711
-4.19947
-4.20184
-4.20498
-4.20814
-4.21117
-4.21437
-4.21821
-4.22147
-4.22537
-4.22961
-4.23358
-4.23774
-4.24239
-4.24722
-4.25148
-4.25652
-4.26204
-4.26726
-4.27249
-4.27786
-4.28382
-4.28944
-4.29562
-4.3016
-4.30795
-4.31405
-4.3205
-4.32683
-4.333
-4.33917
-4.3453
-4.35153
-4.358
-4.36393
-4.3699
-4.37576
-4.38178
-4.38735
-4.39231
-4.39753
-4.40272
-4.40756
-4.41248
-4.41718
-4.42166
-4.42574
-4.42958
-4.43318
-4.43637
-4.43961
-4.44229
-4.44412
-4.44629
-4.44836
-4.44987
-4.45128
-4.45245
-4.45338
-4.45406
-4.45451
-4.45444
-4.45414
-4.45424
-4.45368
-4.45337
-4.45227
-4.4513
-4.45015
-4.44869
-4.44723
-4.44563
-4.44374
-4.44173
-4.44007
-4.438
-4.436
-4.43361
-4.43116
-4.42881
-4.42656
-4.42428
-4.42153
-4.41937
-4.41721
-4.41522
-4.41249
-4.40964
-4.40744
-4.40515
-4.40306
-4.40075
-4.39867
-4.39699
-4.39494
-4.39315
-4.39147
-4.38946
-4.38833
-4.38717
-4.38584
-4.38464
-4.38419
-4.38357
-4.38294
-4.38259
-4.38209
-4.38202
-4.38163
-4.38183
-4.382
-4.3823
-4.38271
-4.38323
-4.38386
-4.38459
-4.38556
-4.38647
-4.3873
-4.38821
-4.38933
-4.39036
-4.39159
-4.39256
-4.39388
-4.39537
-4.39689
-4.39827
-4.39982
-4.40093
-4.40234
-4.40376
-4.40503
-4.40629
-4.40741
-4.40913
-4.41069
-4.41165
-4.41307
-4.41418
-4.4156
-4.41703
-4.41893
-4.41993
-4.42141
-4.42336
-4.42488
-4.42628
-4.42816
-4.42993
-4.43159
-4.43314
-4.43502
-4.43665
-4.43832
-4.44018
-4.44193
-4.44403
-4.44586
-4.44772
-4.44992
-4.45199
-4.45393
-4.45605
-4.45863
-4.46062
-4.46291
-4.46506
-4.46689
-4.46917
-4.47158
-4.47366
-4.47572
-4.47821
-4.48005
-4.48245
-4.48466
-4.48682
-4.48833
-4.49023
-4.49237
-4.49415
-4.49571
-4.4972
-4.49847
-4.49981
-4.50063
-4.50182
-4.50278
-4.50396
-4.50446
-4.50503
-4.50596
-4.50651
-4.50713
-4.50797
-4.50827
-4.50879
-4.50908
-4.50944
-4.51003
-4.50994
-4.51008
-4.50969
-4.50939
-4.50948
-4.50876
-4.50873
-4.50819
-4.50776
-4.50727
-4.5066
-4.50618
-4.50588
-4.50539
-4.50486
-4.50386
-4.50343
-4.50253
-4.50175
-4.50095
-4.50013
-4.49914
-4.49843
-4.49785
-4.4971
-4.49648
-4.49584
-4.49472
-4.49404
-4.49333
-4.4923
-4.4911
-4.49063
-4.48954
-4.48843
-4.48715
-4.48617
-4.48533
-4.48434
-4.48305
-4.48222
-4.48096
-4.47943
-4.47869
-4.47786
-4.47678
-4.47594
-4.47548
-4.47498
-4.4746
-4.47436
-4.47411
-4.47403
-4.47397
-4.47441
-4.47536
-4.47576
-4.4767
-4.47772
-4.47913
-4.48049
-4.48239
-4.48439
-4.48709
-4.48972
-4.49274
-4.49568
-4.49867
-4.502
-4.50612
-4.51024
-4.51404
-4.5181
-4.52255
-4.52691
-4.53116
-4.53526
-4.53965
-4.54368
-4.54764
-4.5518
-4.55599
-4.55988
-4.56344
-4.5668
-4.57009
-4.573
-4.57595
-4.57818
-4.58042
-4.58161
-4.5831
-4.58411
-4.58509
-4.58574
-4.58574
-4.58586
-4.58502
-4.58398
-4.5829
-4.58147
-4.5794
-4.57713
-4.57468
-4.57174
-4.56833
-4.56489
-4.56084
-4.55708
-4.55227
-4.54732
-4.54194
-4.53628
-4.53065
-4.52462
-4.51865
-4.51244
-4.50601
-4.49921
-4.4922
-4.48454
-4.47715
-4.47005
-4.46248
-4.45446
-4.44661
-4.43832
-4.43008
-4.42158
-4.41329
-4.40447
-4.39604
-4.38726
-4.37874
-4.37019
-4.36148
-4.35276
-4.34421
-4.33524
-4.3266
-4.31802
-4.30981
-4.30123
-4.29274
-4.28436
-4.27625
-4.26843
-4.26076
-4.25324
-4.24575
-4.23844
-4.23163
-4.22472
-4.21817
-4.21216
-4.20578
-4.19979
-4.19466
-4.18964
-4.18399
-4.17891
-4.17395
-4.16959
-4.16582
-4.16173
-4.15825
-4.15506
-4.15216
-4.14972
-4.14728
-4.14543
-4.14358
-4.14217
-4.14105
-4.14022
-4.13967
-4.13909
-4.13892
-4.13887
-4.13968
-4.14028
-4.14112
-4.14203
-4.14317
-4.1448
-4.14709
-4.14911
-4.1513
-4.1535
-4.15615
-4.15908
-4.16168
-4.1644
-4.16751
-4.17071
-4.17382
-4.17685
-4.18023
-4.18335
-4.1865
-4.18968
-4.19271
-4.19561
-4.19911
-4.2026
-4.20594
-4.20957
-4.21289
-4.21605
-4.2192
-4.22295
-4.22609
-4.22939
-4.23286
-4.23633
-4.24029
-4.24383
-4.24757
-4.25105
-4.25445
-4.25837
-4.26177
-4.26556
-4.26961
-4.27315
-4.27697
-4.28151
-4.28588
-4.29052
-4.2953
-4.30006
-4.30466
-4.30953
-4.31453
-4.31981
-4.3255
-4.33085
-4.33585
-4.3417
-4.34717
-4.35286
-4.35891
-4.36485
-4.37067
-4.37682
-4.38266
-4.38835
-4.39386
-4.39979
-4.40538
-4.41106
-4.41637
-4.42205
-4.42735
-4.43285
-4.43764
-4.44308
-4.4484
-4.4536
-4.45867
-4.46315
-4.46795
-4.47245
-4.47667
-4.48105
-4.48529
-4.48923
-4.49319
-4.49701
-4.50038
-4.50407
-4.50718
-4.51031
-4.51346
-4.51649
-4.5194
-4.52219
-4.52472
-4.5273
-4.52977
-4.53184
-4.53397
-4.5357
-4.53796
-4.53954
-4.54119
-4.54338
-4.54536
-4.54697
-4.54808
-4.54959
-4.5512
-4.55262
-4.55446
-4.55566
-4.55697
-4.55871
-4.55996
-4.56089
-4.56209
-4.56327
-4.56458
-4.56587
-4.56699
-4.56793
-4.569
-4.57035
-4.57092
-4.57191
-4.57287
-4.5738
-4.57468
-4.57553
-4.57603
-4.57692
-4.57761
-4.579
-4.57956
-4.5796
-4.58001
-4.58079
-4.58132
-4.58145
-4.58178
-4.58124
-4.58119
-4.58071
-4.5801
-4.5795
-4.57861
-4.57788
-4.57699
-4.5758
-4.57414
-4.57263
-4.57095
-4.56895
-4.56693
-4.56474
-4.56269
-4.56032
-4.55733
-4.55463
-4.55147
-4.54875
-4.54543
-4.54182
-4.53821
-4.53509
-4.53123
-4.52711
-4.52274
-4.51844
-4.51405
-4.50975
-4.5054
-4.50072
-4.49631
-4.49175
-4.48765
-4.48313
-4.47911
-4.47455
-4.47068
-4.46646
-4.4625
-4.45854
-4.45533
-4.452
-4.44885
-4.44546
-4.44259
-4.44042
-4.43773
-4.43561
-4.43406
-4.43324
-4.43212
-4.43114
-4.43017
-4.42906
-4.42902
-4.42975
-4.4305
-4.43112
-4.43237
-4.43408
-4.43612
-4.43833
-4.4407
-4.44384
-4.44714
-4.45073
-4.45432
-4.45819
-4.4625
-4.46707
-4.47175
-4.47638
-4.48124
-4.48633
-4.49237
-4.49846
-4.50457
-4.51083
-4.51738
-4.52404
-4.53049
-4.53731
-4.54328
-4.54972
-4.55647
-4.56364
-4.57031
-4.57676
-4.58297
-4.58906
-4.59546
-4.6014
-4.60717
-4.61318
-4.61884
-4.62395
-4.62867
-4.63358
-4.63777
-4.64197
-4.64557
-4.64917
-4.65201
-4.65514
-4.6578
-4.65998
-4.66184
-4.66352
-4.66487
-4.6659
-4.66645
-4.66684
-4.66722
-4.66729
-4.6669
-4.66638
-4.66541
-4.66417
-4.6622
-4.66043
-4.65812
-4.65571
-4.65293
-4.65024
-4.6472
-4.64352
-4.64012
-4.63657
-4.63287
-4.62919
-4.62555
-4.6212
-4.61692
-4.61273
-4.60878
-4.60465
-4.60034
-4.59588
-4.59187
-4.58744
-4.58319
-4.57868
-4.57454
-4.57093
-4.56709
-4.56321
-4.55942
-4.55575
-4.55235
-4.54878
-4.54534
-4.54249
-4.53948
-4.53646
-4.53359
-4.53148
-4.52905
-4.52723
-4.52495
-4.52296
-4.52126
-4.51955
-4.51811
-4.5165
-4.5153
-4.51392
-4.51249
-4.51116
-4.51023
-4.50938
-4.50877
-4.50807
-4.50774
-4.50717
-4.50696
-4.50634
-4.50591
-4.50521
-4.5047
-4.50421
-4.50389
-4.5036
-4.50286
-4.50243
-4.50217
-4.5016
-4.50149
-4.50138
-4.50111
-4.50145
-4.50102
-4.50074
-4.50045
-4.50031
-4.49955
-4.49923
-4.49906
-4.49858
-4.49809
-4.4982
-4.49815
-4.49764
-4.49743
-4.49751
-4.49653
-4.49615
-4.49592
-4.49554
-4.4953
-4.49492
-4.49454
-4.49417
-4.4935
-4.49314
-4.49263
-4.49245
-4.49197
-4.49136
-4.49107
-4.49095
-4.49056
-4.49004
-4.4897
-4.48985
-4.48973
-4.48934
-4.48944
-4.48959
-4.48948
-4.48927
-4.48956
-4.48944
-4.48984
-4.48984
-4.49004
-4.49031
-4.49079
-4.49209
-4.49299
-4.49411
-4.49484
-4.49549
-4.49635
-4.49727
-4.49825
-4.49915
-4.5004
-4.50156
-4.50278
-4.5045
-4.50567
-4.50689
-4.50891
-4.51051
-4.5117
-4.51353
-4.51555
-4.51728
-4.51859
-4.51991
-4.52201
-4.52366
-4.52532
-4.52667
-4.52863
-4.53043
-4.53207
-4.53399
-4.53543
-4.53686
-4.53855
-4.54007
-4.54155
-4.54253
-4.54378
-4.54498
-4.54629
-4.54769
-4.54874
-4.55033
-4.55142
-4.5523
-4.55327
-4.55449
-4.5552
-4.55631
-4.55691
-4.55731
-4.55797
-4.55812
-4.55854
-4.55892
-4.55942
-4.56005
-4.56021
-4.56066
-4.56111
-4.56157
-4.56173
-4.56207
-4.56274
-4.5633
-4.56361
-4.56428
-4.56471
-4.56551
-4.56626
-4.56709
-4.56832
-4.56935
-4.57049
-4.57189
-4.5734
-4.57504
-4.57709
-4.57912
-4.58095
-4.5826
-4.58451
-4.58698
-4.58924
-4.59189
-4.59477
-4.59727
-4.60012
-4.60303
-4.60566
-4.60832
-4.61067
-4.61378
-4.61686
-4.61945
-4.62259
-4.62491
-4.6273
-4.62975
-4.63163
-4.63399
-4.63591
-4.63769
-4.63975
-4.64149
-4.64305
-4.64412
-4.64528
-4.64623
-4.64697
-4.64703
-4.6473
-4.64705
-4.64685
-4.64656
-4.64557
-4.64433
-4.64314
-4.6417
-4.64031
-4.63867
-4.63617
-4.63357
-4.63042
-4.62733
-4.62325
-4.61968
-4.61603
-4.61216
-4.60806
-4.6036
-4.59922
-4.59404
-4.58882
-4.58401
-4.57857
-4.57266
-4.56689
-4.56127
-4.55536
-4.54887
-4.54256
-4.53599
-4.52917
-4.52258
-4.51591
-4.50919
-4.50212
-4.49563
-4.48897
-4.48171
-4.47461
-4.46785
-4.46068
-4.45402
-4.44743
-4.44079
-4.43424
-4.42827
-4.42227
-4.41658
-4.4106
-4.40508
-4.39961
-4.39418
-4.38926
-4.38426
-4.38009
-4.37571
-4.37172
-4.36783
-4.36421
-4.36099
-4.35805
-4.35522
-4.35281
-4.35068
-4.34866
-4.34692
-4.34514
-4.34407
-4.34266
-4.34195
-4.34149
-4.34111
-4.34081
-4.34104
-4.34162
-4.34225
-4.34306
-4.34405
-4.3452
-4.34635
-4.34793
-4.34933
-4.35084
-4.35229
-4.35411
-4.35615
-4.35808
-4.35959
-4.36157
-4.36356
-4.36508
-4.36733
-4.36908
-4.37079
-4.37258
-4.3743
-4.37592
-4.37775
-4.37931
-4.38076
-4.38238
-4.38372
-4.38431
-4.3849
-4.38565
-4.38624
-4.38638
-4.38666
-4.38678
-4.3863
-4.38597
-4.38549
-4.38502
-4.38441
-4.38397
-4.38311
-4.38184
-4.38047
-4.37932
-4.3784
-4.37681
-4.37578
-4.37397
-4.3723
-4.37094
-4.36975
-4.36829
-4.36674
-4.36542
-4.36405
-4.36308
-4.36225
-4.36156
-4.36073
-4.36024
-4.35933
-4.35924
-4.35938
-4.36005
-4.36067
-4.36078
-4.36132
-4.36258
-4.36412
-4.36594
-4.36835
-4.37074
-4.37372
-4.37683
-4.38008
-4.38375
-4.3874
-4.39191
-4.39638
-4.4011
-4.40591
-4.41125
-4.41666
-4.42197
-4.42793
-4.43391
-4.44021
-4.44651
-4.4534
-4.46011
-4.46663
-4.47309
-4.48023
-4.48744
-4.49455
-4.50169
-4.5084
-4.51557
-4.52229
-4.52929
-4.53595
-4.54272
-4.5499
-4.5567
-4.56372
-4.57051
-4.57674
-4.58301
-4.58932
-4.59534
-4.60123
-4.60698
-4.61242
-4.61847
-4.62344
-4.62839
-4.63348
-4.63838
-4.64339
-4.64822
-4.65255
-4.65668
-4.66062
-4.66435
-4.66758
-4.6703
-4.67342
-4.67633
-4.67919
-4.68169
-4.68428
-4.68622
-4.68826
-4.6901
-4.69143
-4.69257
-4.69366
-4.69472
-4.69528
-4.69581
-4.69601
-4.69603
-4.69588
-4.69571
-4.69522
-4.69502
-4.69422
-4.69341
-4.69276
-4.69196
-4.69087
-4.68934
-4.68782
-4.68543
-4.68336
-4.68147
-4.67961
-4.67749
-4.6754
-4.67305
-4.6706
-4.66804
-4.66553
-4.66263
-4.66008
-4.65774
-4.65455
-4.65143
-4.64808
-4.64494
-4.64158
-4.63845
-4.63479
-4.63137
-4.62759
-4.62435
-4.62076
-4.61712
-4.61343
-4.60956
-4.60519
-4.60095
-4.59699
-4.59315
-4.589
-4.58514
-4.58097
-4.57695
-4.57278
-4.56891
-4.56506
-4.56122
-4.55739
-4.55343
-4.54994
-4.54587
-4.54212
-4.53839
-4.53483
-4.53114
-4.52672
-4.52292
-4.51929
-4.51612
-4.51236
-4.50815
-4.50409
-4.50034
-4.49643
-4.49251
-4.48873
-4.48494
-4.48081
-4.47667
-4.47249
-4.46842
-4.46462
-4.46078
-4.45658
-4.45264
-4.4488
-4.44459
-4.44033
-4.43616
-4.43148
-4.42719
-4.42269
-4.41873
-4.41365
-4.40913
-4.40439
-4.39945
-4.39462
-4.39004
-4.38527
-4.38032
-4.37548
-4.37108
-4.36575
-4.36102
-4.35613
-4.35156
-4.34669
-4.34155
-4.33659
-4.33198
-4.32681
-4.32201
-4.31728
-4.31264
-4.30808
-4.30424
-4.30036
-4.29645
-4.29222
-4.28843
-4.28496
-4.28149
-4.27804
-4.27462
-4.27139
-4.2685
-4.26551
-4.26304
-4.26047
-4.25873
-4.25676
-4.25486
-4.25333
-4.25219
-4.25113
-4.25029
-4.24999
-4.24976
-4.2502
-4.25056
-4.25069
-4.25147
-4.25231
-4.2532
-4.25427
-4.25598
-4.25771
-4.25961
-4.26166
-4.26386
-4.26635
-4.26851
-4.27108
-4.27361
-4.27654
-4.2791
