1.9
1.90054
1.90165
1.90261
1.90345
1.90414
1.90468
1.90508
1.90533
1.90542
1.90536
1.90515
1.90477
1.90424
1.90355
1.9027
1.90168
1.90051
1.89919
1.8977
1.89607
1.89428
1.89234
1.89027
1.88805
1.8857
1.88322
1.88061
1.87789
1.87506
1.87212
1.86909
1.86597
1.86278
1.85951
1.85619
1.85281
1.8494
1.84596
1.8425
1.83903
1.83557
1.83213
1.82872
1.82535
1.82204
1.81879
1.81562
1.81253
1.80955
1.80668
1.80393
1.80131
1.79884
1.79652
1.79436
1.79236
1.79054
1.7889
1.78745
1.78618
1.78511
1.78424
1.78356
1.78308
1.78279
1.7827
1.78281
1.7831
1.78358
1.78424
1.78508
1.78608
1.78725
1.78858
1.79005
1.79166
1.7934
1.79527
1.79725
1.79933
1.8015
1.80376
1.8061
1.80851
1.81097
1.81349
1.81604
1.81863
1.82124
1.82387
1.82651
1.82915
1.83178
1.83441
1.83701
1.83959
1.84214
1.84465
1.84712
1.84955
1.85192
1.85425
1.85651
1.85871
1.86084
1.8629
1.86489
1.86679
1.86862
1.87036
1.87202
1.87359
1.87506
1.87644
1.87773
1.87891
1.88
1.88098
1.88187
1.88265
1.88332
1.88389
1.88436
1.88473
1.88498
1.88514
1.88519
1.88514
1.88499
1.88474
1.88439
1.88394
1.8834
1.88277
1.88205
1.88124
1.88034
1.87937
1.87832
1.87719
1.87599
1.87472
1.87339
1.872
1.87055
1.86904
1.86749
1.8659
1.86426
1.86259
1.86089
1.85915
1.8574
1.85563
1.85384
1.85205
1.85025
1.84845
1.84666
1.84487
1.8431
1.84135
1.83962
1.83791
1.83623
1.83459
1.83298
1.83141
1.82988
1.82839
1.82694
1.82554
1.82419
1.82288
1.82161
1.82039
1.81921
1.81807
1.81696
1.81589
1.81484
1.81382
1.81282
1.81184
1.81086
1.80989
1.80892
1.80795
1.80696
1.80595
1.80492
1.80386
1.80276
1.80163
1.80045
1.79922
1.79794
1.7966
1.79521
1.79375
1.79222
1.79063
1.78897
1.78724
1.78545
1.78359
1.78166
1.77966
1.77761
1.77549
1.77332
1.7711
1.76883
1.76651
1.76417
1.76179
1.75939
1.75697
1.75455
1.75212
1.74971
1.74731
1.74494
1.7426
1.7403
1.73806
1.73588
1.73377
1.73174
1.7298
1.72796
1.72622
1.72459
1.72309
1.72171
1.72047
1.71937
1.71841
1.7176
1.71695
1.71645
1.71611
1.71592
1.7159
1.71603
1.71632
1.71677
1.71736
1.71811
1.71899
1.72001
1.72117
1.72245
1.72385
1.72535
1.72697
1.72868
1.73047
1.73235
1.73429
1.73631
1.73837
1.74049
1.74265
1.74484
1.74706
1.74931
1.75157
1.75384
1.75612
1.7584
1.76068
1.76296
1.76524
1.76751
1.76977
1.77203
1.77428
1.77652
1.77875
1.78098
1.7832
1.78542
1.78764
1.78986
1.79209
1.79433
1.79658
1.79884
1.80112
1.80342
1.80574
1.80809
1.81047
1.81289
1.81534
1.81783
1.82036
1.82294
1.82557
1.82824
1.83096
1.83374
1.83657
1.83946
1.8424
1.84539
1.84845
1.85156
1.85473
1.85795
1.86123
1.86456
1.86795
1.87138
1.87487
1.8784
1.88198
1.88559
1.88925
1.89294
1.89667
1.90042
1.9042
1.908
1.91181
1.91563
1.91947
1.9233
1.92714
1.93097
1.93478
1.93858
1.94236
1.94612
1.94984
1.95352
1.95716
1.96076
1.9643
1.96779
1.97122
1.97458
1.97787
1.98109
1.98423
1.98728
1.99025
1.99313
1.99592
1.99861
2.0012
2.00369
2.00607
2.00834
2.0105
2.01255
2.01449
2.01631
2.01802
2.01961
2.02108
2.02243
2.02367
2.02478
2.02578
2.02666
2.02742
2.02807
2.0286
2.02901
2.02932
2.02951
2.0296
2.02958
2.02945
2.02922
2.0289
2.02848
2.02796
2.02735
2.02666
2.02588
2.02502
2.02407
2.02306
2.02197
2.0208
2.01957
2.01828
2.01692
2.01551
2.01403
2.0125
2.01092
2.00929
2.00761
2.00589
2.00412
2.00231
2.00046
1.99857
1.99665
1.9947
1.99272
1.99071
1.98868
1.98663
1.98457
1.98249
1.98041
1.97832
1.97623
1.97415
1.97208
1.97002
1.96799
1.96599
1.96402
1.9621
1.96022
1.9584
1.95665
1.95496
1.95334
1.95181
1.95037
1.94902
1.94777
1.94663
1.94559
1.94466
1.94385
1.94315
1.94258
1.94212
1.94177
1.94155
1.94144
1.94144
1.94155
1.94176
1.94208
1.94249
1.94299
1.94356
1.94422
1.94494
1.94573
1.94656
1.94744
1.94835
1.94929
1.95025
1.95121
1.95218
1.95313
1.95407
1.95499
1.95587
1.95672
1.95751
1.95825
1.95892
1.95953
1.96005
1.96049
1.96083
1.96108
1.96123
1.96126
1.96118
1.96097
1.96063
1.96017
1.95956
1.95881
1.95791
1.95685
1.95564
1.95426
1.95272
1.95101
1.94913
1.94707
1.94484
1.94243
1.93985
1.93709
1.93416
1.93106
1.9278
1.92438
1.9208
1.91709
1.91324
1.90928
1.9052
1.90104
1.8968
1.8925
1.88816
1.88381
1.87945
1.87512
1.87084
1.86662
1.86249
1.85847
1.85458
1.85085
1.84728
1.8439
1.84071
1.83773
1.83497
1.83243
1.83011
1.82803
1.82617
1.82452
1.82309
1.82186
1.82082
1.81995
1.81924
1.81868
1.81824
1.81791
1.81768
1.81752
1.81742
1.81737
1.81735
1.81734
1.81733
1.81731
1.81727
1.81721
1.81711
1.81696
1.81677
1.81653
1.81624
1.81589
1.81548
1.81502
1.8145
1.81392
1.81329
1.81261
1.81188
1.81111
1.81029
1.80943
1.80854
1.80761
1.80664
1.80565
1.80464
1.80361
1.80256
1.80149
1.80041
1.79931
1.79821
1.7971
1.79598
1.79485
1.79373
1.7926
1.79147
1.79034
1.78921
1.78808
1.78695
1.78583
1.78471
1.7836
1.78249
1.7814
1.78031
1.77924
1.77818
1.77714
1.77612
1.77513
1.77416
1.77323
1.77233
1.77148
1.77067
1.76991
1.76921
1.76857
1.768
1.76752
1.76711
1.7668
1.76658
1.76646
1.76645
1.76655
1.76677
1.76711
1.76758
1.76818
1.76891
1.76978
1.77077
1.77191
1.77317
1.77456
1.77607
1.77771
1.77946
1.78132
1.78328
1.78533
1.78747
1.78967
1.79195
1.79427
1.79663
1.79903
1.80144
1.80386
1.80628
1.80868
1.81105
1.81339
1.81568
1.81792
1.82009
1.82219
1.82422
1.82615
1.828
1.82975
1.83141
1.83296
1.83441
1.83576
1.83701
1.83816
1.83921
1.84016
1.84103
1.84181
1.8425
1.84313
1.84369
1.84418
1.84463
1.84502
1.84539
1.84572
1.84604
1.84634
1.84664
1.84695
1.84727
1.84761
1.84797
1.84838
1.84882
1.8493
1.84984
1.85043
1.85108
1.85178
1.85255
1.85338
1.85427
1.85522
1.85623
1.8573
1.85842
1.85959
1.86082
1.86208
1.86339
1.86473
1.8661
1.86749
1.8689
1.87033
1.87177
1.87321
1.87466
1.8761
1.87753
1.87895
1.88035
1.88174
1.8831
1.88444
1.88576
1.88706
1.88832
1.88957
1.89079
1.89198
1.89316
1.89431
1.89544
1.89656
1.89766
1.89876
1.89984
1.90092
1.90201
1.90309
1.90418
1.90528
1.90639
1.90751
1.90866
1.90982
1.91101
1.91222
1.91346
1.91473
1.91602
1.91735
1.91871
1.9201
1.92152
1.92298
1.92446
1.92597
1.92751
1.92907
1.93066
1.93227
1.93389
1.93554
1.9372
1.93886
1.94054
1.94222
1.9439
1.94558
1.94726
1.94893
1.95059
1.95223
1.95386
1.95547
1.95706
1.95862
1.96015
1.96165
1.96313
1.96456
1.96596
1.96733
1.96865
1.96993
1.97117
1.97236
1.97351
1.97461
1.97566
1.97666
1.97761
1.97851
1.97935
1.98013
1.98086
1.98153
1.98214
1.98269
1.98318
1.9836
1.98396
1.98425
1.98447
1.98462
1.9847
1.98471
1.98464
1.98449
1.98426
1.98395
1.98356
1.98309
1.98252
1.98187
1.98113
1.98029
1.97937
1.97834
1.97722
1.97599
1.97467
1.97324
1.97171
1.97007
1.96833
1.96647
1.96451
1.96244
1.96025
1.95795
1.95554
1.95302
1.95039
1.94764
1.94478
1.94182
1.93874
1.93555
1.93225
1.92885
1.92535
1.92174
1.91803
1.91423
1.91033
1.90633
1.90225
1.89808
1.89383
1.88951
1.8851
1.88063
1.87609
1.87149
1.86684
1.86213
1.85738
1.8526
1.84778
1.84293
1.83806
1.83318
1.82829
1.8234
1.81852
1.81365
1.8088
1.80397
1.79918
1.79444
1.78974
1.78509
1.78051
1.77601
1.77158
1.76723
1.76298
1.75882
1.75477
1.75083
1.74701
1.74331
1.73974
1.7363
1.73301
1.72985
1.72684
1.72399
1.72128
1.71874
1.71635
1.71412
1.71206
1.71015
1.70841
1.70684
1.70542
1.70417
1.70308
1.70214
1.70136
1.70073
1.70024
1.6999
1.6997
1.69963
1.69969
1.69988
1.70019
1.7006
1.70113
1.70175
1.70247
1.70327
1.70415
1.7051
1.70611
1.70718
1.70829
1.70945
1.71064
1.71186
1.7131
1.71435
1.7156
1.71686
1.7181
1.71934
1.72055
1.72173
1.72289
1.72401
1.72508
1.72612
1.7271
1.72802
1.72889
1.7297
1.73045
1.73113
1.73175
1.73229
1.73277
1.73318
1.73352
1.73379
1.73399
1.73412
1.73419
1.7342
1.73414
1.73403
1.73387
1.73365
1.73339
1.73308
1.73274
1.73237
1.73197
1.73156
1.73113
1.7307
1.73026
1.72984
1.72943
1.72904
1.72869
1.72837
1.7281
1.72788
1.72772
1.72763
1.72762
1.72769
1.72786
1.72812
1.72848
1.72896
1.72955
1.73026
1.73109
1.73205
1.73314
1.73437
1.73573
1.73722
1.73884
1.7406
1.74248
1.74449
1.74662
1.74887
1.75124
1.7537
1.75627
1.75893
1.76167
1.76448
1.76736
1.77029
1.77327
1.77628
1.77932
1.78237
1.78542
1.78846
1.79148
1.79448
1.79743
1.80033
1.80318
1.80595
1.80864
1.81125
1.81377
1.81617
1.81847
1.82065
1.82271
1.82464
1.82644
1.8281
1.82962
1.83099
1.83223
1.83331
1.83425
1.83504
1.83568
1.83618
1.83653
1.83675
1.83682
1.83677
1.83659
1.83628
1.83586
1.83532
1.83469
1.83395
1.83312
1.83221
1.83122
1.83017
1.82905
1.82789
1.82668
1.82544
1.82417
1.82288
1.82158
1.82028
1.81898
1.8177
1.81643
1.81519
1.81399
1.81282
1.8117
1.81063
1.80961
1.80865
1.80775
1.80692
1.80616
1.80547
1.80486
1.80432
1.80386
1.80349
1.80319
1.80298
1.80285
1.8028
1.80283
1.80294
1.80312
1.80339
1.80372
1.80413
1.8046
1.80514
1.80574
1.80639
1.8071
1.80785
1.80865
1.80949
1.81036
1.81126
1.81218
1.81311
1.81406
1.81502
1.81597
1.81692
1.81787
1.8188
1.8197
1.82059
1.82145
1.82227
1.82307
1.82382
1.82452
1.82518
1.82579
1.82635
1.82685
1.82729
1.82767
1.82798
1.82823
1.82841
1.82853
1.82857
1.82854
1.82844
1.82827
1.82802
1.82771
1.82732
1.82686
1.82633
1.82574
1.82508
1.82435
1.82356
1.82271
1.8218
1.82084
1.81983
1.81877
1.81766
1.81652
1.81534
1.81412
1.81288
1.81162
1.81033
1.80904
1.80774
1.80643
1.80512
1.80382
1.80253
1.80126
1.80001
1.79878
1.79759
1.79643
1.79531
1.79423
1.79319
1.7922
1.79127
1.79039
1.78957
1.7888
1.7881
1.78746
1.78688
1.78636
1.78591
1.78552
1.7852
1.78493
1.78473
1.78459
1.78451
1.78449
1.78453
1.78462
1.78476
1.78496
1.78521
1.7855
1.78584
1.78623
1.78666
1.78712
1.78763
1.78817
1.78875
1.78937
1.79002
1.7907
1.79141
1.79215
1.79291
1.79371
1.79453
1.79538
1.79625
1.79714
1.79806
1.799
1.79997
1.80095
1.80195
1.80297
1.80401
1.80507
1.80614
1.80723
1.80834
1.80945
1.81057
1.8117
1.81284
1.81398
1.81513
1.81628
1.81742
1.81856
1.81969
1.82082
1.82194
1.82304
1.82413
1.8252
1.82625
1.82728
1.82829
1.82928
1.83025
1.83118
1.83209
1.83298
1.83383
1.83466
1.83546
1.83624
1.83699
1.83771
1.83841
1.83908
1.83973
1.84037
1.84098
1.84158
1.84216
1.84273
1.84329
1.84383
1.84437
1.84489
1.84541
1.84592
1.84641
1.8469
1.84738
1.84784
1.84829
1.84872
1.84913
1.84952
1.84988
1.85021
1.8505
1.85075
1.85097
1.85113
1.85124
1.8513
1.8513
1.85123
1.8511
1.8509
1.85063
1.85028
1.84986
1.84936
1.84879
1.84814
1.84741
1.8466
1.84573
1.84477
1.84375
1.84267
1.84152
1.84031
1.83904
1.83773
1.83637
1.83497
1.83353
1.83206
1.83057
1.82906
1.82753
1.826
1.82446
1.82292
1.82139
1.81987
1.81837
1.81688
1.81543
1.814
1.8126
1.81124
1.80993
1.80866
1.80743
1.80626
1.80514
1.80408
1.80308
1.80215
1.80127
1.80047
1.79973
1.79907
1.79848
1.79796
1.79752
1.79715
1.79686
1.79665
1.79652
1.79647
1.7965
1.79661
1.7968
1.79707
1.79743
1.79786
1.79836
1.79895
1.79961
1.80035
1.80115
1.80203
1.80297
1.80397
1.80504
1.80616
1.80733
1.80854
1.8098
1.8111
1.81244
1.8138
1.81518
1.81657
1.81798
1.81939
1.82079
1.82219
1.82357
1.82493
1.82626
1.82756
1.82881
1.83002
1.83118
1.83228
1.83332
1.83428
1.83517
1.83599
1.83672
1.83737
1.83793
1.83839
1.83877
1.83905
1.83923
1.83933
1.83932
1.83923
1.83905
1.83878
1.83842
1.83799
1.83748
1.83691
1.83627
1.83559
1.83486
1.83409
1.8333
1.8325
1.8317
1.8309
1.83013
1.82939
1.8287
1.82807
1.82752
1.82705
1.82669
1.82644
1.82632
1.82634
1.82651
1.82685
1.82736
1.82805
1.82893
1.83001
1.8313
1.83279
1.83449
1.8364
1.83852
1.84086
1.84339
1.84613
1.84906
1.85217
1.85546
1.85891
1.86251
1.86625
1.87012
1.87409
1.87816
1.88231
1.88652
1.89078
1.89507
1.89937
1.90367
1.90795
1.9122
1.9164
1.92054
1.9246
1.92858
1.93246
1.93622
1.93987
1.94338
1.94675
1.94998
1.95305
1.95596
1.9587
1.96128
1.96368
1.9659
1.96794
1.96981
1.97149
1.97299
1.9743
1.97544
1.9764
1.97718
1.97779
1.97823
1.97851
1.97862
1.97858
1.97839
1.97806
1.97758
1.97698
1.97625
1.9754
1.97444
1.97337
1.97221
1.97096
1.96963
1.96823
1.96676
1.96523
1.96366
1.96204
1.96039
1.95871
1.95702
1.95531
1.9536
1.9519
1.9502
1.94852
1.94687
1.94524
1.94365
1.9421
1.94059
1.93914
1.93774
1.9364
1.93512
1.93391
1.93276
1.93169
1.93069
1.92976
1.92892
1.92815
1.92746
1.92686
1.92634
1.9259
1.92555
1.92528
1.92509
1.92499
1.92497
1.92503
1.92517
1.9254
1.92571
1.92609
1.92656
1.9271
1.92772
1.92841
1.92917
1.93001
1.93091
1.93188
1.93291
1.934
1.93515
1.93635
1.9376
1.9389
1.94024
1.94162
1.94303
1.94448
1.94594
1.94743
1.94893
1.95043
1.95194
1.95344
1.95493
1.9564
1.95785
1.95926
1.96063
1.96196
1.96322
1.96443
1.96557
1.96663
1.96761
1.96849
1.96927
1.96995
1.97052
1.97096
1.97128
1.97146
1.97151
1.97141
1.97116
1.97076
1.9702
1.96947
1.96857
1.96749
1.96624
1.96481
1.9632
1.9614
1.95941
1.95724
1.95487
1.95232
1.94958
1.94664
1.94352
1.94021
1.93672
1.93304
1.92918
1.92514
1.92093
1.91654
1.91199
1.90728
1.90241
1.89739
1.89222
1.88692
1.88149
1.87593
1.87026
1.86448
1.8586
1.85262
1.84657
1.84044
1.83425
1.828
1.82171
1.81538
1.80902
1.80265
1.79627
1.7899
1.78354
1.77719
1.77088
1.76461
1.75839
1.75222
1.74611
1.74008
1.73413
1.72826
1.72248
1.7168
1.71123
1.70576
1.7004
1.69516
1.69004
1.68504
1.68017
1.67542
1.6708
1.66631
1.66195
1.65772
1.65362
1.64965
1.64581
1.6421
1.63852
1.63506
1.63173
1.62852
1.62544
1.62247
1.61962
1.61689
1.61428
1.61178
1.60938
1.6071
1.60493
1.60286
1.60089
1.59903
1.59727
1.59561
1.59405
1.59258
1.59122
1.58994
1.58877
1.58769
1.5867
1.58581
1.58501
1.58431
1.58369
1.58318
1.58275
1.58242
1.58219
1.58205
1.58201
1.58206
1.58221
1.58247
1.58282
1.58327
1.58382
1.58448
1.58524
1.58611
1.58709
1.58817
1.58937
1.59068
1.59211
1.59365
1.59531
1.59709
1.59899
1.60101
1.60315
1.60542
1.60782
1.61035
1.61301
1.6158
1.61873
1.62179
1.62499
1.62832
1.63179
1.6354
1.63914
1.64302
1.64704
1.65119
1.65547
1.65988
1.66442
1.66907
1.67385
1.67875
1.68375
1.68886
1.69407
1.69937
1.70476
1.71022
1.71576
1.72136
1.72701
1.73271
1.73844
1.7442
1.74997
1.75576
1.76154
1.7673
1.77305
1.77876
1.78443
1.79006
1.79562
1.80112
1.80653
1.81187
1.81711
1.82226
1.82729
1.83222
1.83703
1.84172
1.84628
1.85071
1.855
1.85915
1.86316
1.86703
1.87075
1.87433
1.87776
1.88104
1.88417
1.88716
1.89
1.8927
1.89526
1.89767
1.89995
1.90209
1.90409
1.90596
1.90771
1.90933
1.91083
1.91221
1.91347
1.91463
1.91567
1.91662
1.91746
1.91821
1.91886
1.91943
1.91991
1.9203
1.92062
1.92087
1.92104
1.92114
1.92117
1.92115
1.92106
1.92091
1.92071
1.92046
1.92016
1.91982
1.91943
1.91899
1.91852
1.91801
1.91746
1.91688
1.91627
1.91563
1.91495
1.91425
1.91352
1.91276
1.91197
1.91115
1.91031
1.90943
1.90853
1.9076
1.90664
1.90565
1.90462
1.90355
1.90245
1.9013
1.90011
1.89888
1.89759
1.89626
1.89487
1.89342
1.89191
1.89034
1.88871
1.887
1.88522
1.88337
1.88144
1.87944
1.87736
1.87519
1.87295
1.87063
1.86822
1.86574
1.86317
1.86053
1.85781
1.85502
1.85215
1.84922
1.84623
1.84318
1.84008
1.83692
1.83372
1.83049
1.82722
1.82392
1.82061
1.81729
1.81396
1.81063
1.80732
1.80402
1.80075
1.79751
1.79432
1.79118
1.78809
1.78506
1.78211
1.77923
1.77643
1.77373
1.77112
1.76861
1.7662
1.76391
1.76173
1.75966
1.75772
1.7559
1.7542
1.75262
1.75117
1.74985
1.74865
1.74758
1.74662
1.74579
1.74507
1.74446
1.74396
1.74357
1.74328
1.74309
1.74299
1.74298
1.74304
1.74318
1.74339
1.74366
1.74399
1.74437
1.74479
1.74525
1.74574
1.74625
1.74679
1.74734
1.74789
1.74845
1.74901
1.74956
1.7501
1.75062
1.75112
1.7516
1.75205
1.75248
1.75287
1.75322
1.75354
1.75382
1.75407
1.75427
1.75444
1.75456
1.75465
1.7547
1.75472
1.7547
1.75465
1.75457
1.75447
1.75434
1.75419
1.75402
1.75385
1.75366
1.75347
1.75328
1.75309
1.75292
1.75275
1.75261
1.75249
1.7524
1.75233
1.75231
1.75233
1.75239
1.75251
1.75268
1.75291
1.7532
1.75355
1.75397
1.75446
1.75503
1.75567
1.75638
1.75718
1.75805
1.759
1.76004
1.76115
1.76235
1.76362
1.76498
1.76642
1.76793
1.76953
1.77119
1.77293
1.77475
1.77663
1.77858
1.78059
1.78267
1.7848
1.78699
1.78923
1.79152
1.79386
1.79624
1.79867
1.80112
1.80362
1.80614
1.80869
1.81126
1.81386
1.81647
1.8191
1.82173
1.82438
1.82703
1.82968
1.83233
1.83498
1.83761
1.84024
1.84286
1.84546
1.84804
1.8506
1.85314
1.85566
1.85814
1.8606
1.86302
1.86541
1.86776
1.87007
1.87235
1.87458
1.87676
1.87889
1.88098
1.88302
1.885
1.88693
1.8888
1.89062
1.89237
1.89406
1.89568
1.89724
1.89873
1.90015
1.90149
1.90276
1.90395
1.90506
1.90608
1.90703
1.90788
1.90865
1.90932
1.9099
1.91039
1.91078
1.91106
1.91125
1.91133
1.9113
1.91117
1.91094
1.91059
1.91013
1.90956
1.90889
1.9081
1.9072
1.90619
1.90507
1.90384
1.90251
1.90107
1.89952
1.89787
1.89612
1.89428
1.89234
1.89031
1.8882
1.88599
1.88371
1.88136
1.87893
1.87644
1.87389
1.87128
1.86862
1.86591
1.86316
1.86038
1.85757
1.85473
1.85188
1.84901
1.84614
1.84326
1.84038
1.83751
1.83466
1.83182
1.829
1.82621
1.82345
1.82073
1.81804
1.8154
1.8128
1.81025
1.80775
1.8053
1.80291
1.80058
1.79831
1.7961
1.79396
1.79188
1.78988
1.78794
1.78608
1.78429
1.78257
1.78093
1.77937
1.77789
1.7765
1.77518
1.77395
1.77281
1.77176
1.7708
1.76994
1.76917
1.7685
1.76793
1.76747
1.76711
1.76686
1.76672
1.7667
1.76678
1.76699
1.76731
1.76775
1.76832
1.769
1.7698
1.77073
1.77177
1.77294
1.77422
1.77562
1.77714
1.77877
1.78051
1.78235
1.7843
1.78635
1.78849
1.79073
1.79305
1.79546
1.79794
1.8005
1.80312
1.80582
1.80857
1.81137
1.81423
1.81713
1.82008
1.82306
1.82609
1.82914
1.83223
1.83535
1.83849
1.84166
1.84485
1.84807
1.8513
1.85456
1.85784
1.86114
1.86446
1.8678
1.87117
1.87455
1.87797
1.8814
1.88486
1.88834
1.89185
1.89538
1.89894
1.90252
1.90613
1.90976
1.91341
1.91708
1.92078
1.92449
1.92821
1.93195
1.93569
1.93945
1.9432
1.94696
1.9507
1.95444
1.95817
1.96187
1.96555
1.96921
1.97282
1.9764
1.97992
1.9834
1.98682
1.99018
1.99347
1.99668
1.99981
2.00286
2.00581
2.00867
2.01143
2.01408
2.01662
2.01904
2.02134
2.02352
2.02556
2.02748
2.02925
2.03089
2.03239
2.03374
2.03494
2.036
2.0369
2.03765
2.03825
2.03869
2.03897
2.0391
2.03908
2.0389
2.03856
2.03807
2.03743
2.03664
2.03571
2.03462
2.0334
2.03204
2.03054
2.0289
2.02714
2.02526
2.02325
2.02113
2.0189
2.01657
2.01413
2.0116
2.00899
2.00629
2.00352
2.00068
1.99777
1.99481
1.9918
1.98874
1.98565
1.98252
1.97938
1.97621
1.97304
1.96986
1.96668
1.9635
1.96034
1.9572
1.95408
1.95099
1.94793
1.94491
1.94193
1.93899
1.9361
1.93326
1.93047
1.92773
1.92505
1.92243
1.91987
1.91736
1.91491
1.91252
1.91019
1.90792
1.9057
1.90354
1.90143
1.89938
1.89737
1.89542
1.89351
1.89165
1.88983
1.88806
1.88634
1.88465
1.88301
1.8814
1.87984
1.87832
1.87683
1.87539
1.87398
1.87261
1.87128
1.86999
1.86874
1.86754
1.86637
1.86524
1.86416
1.86312
1.86212
1.86117
1.86027
1.85941
1.85861
1.85785
1.85715
1.85651
1.85592
1.8554
1.85494
1.85454
1.85422
1.85398
1.85381
1.85373
1.85374
1.85384
1.85404
1.85435
1.85477
1.8553
1.85596
1.85674
1.85766
1.85871
1.8599
1.86123
1.86271
1.86434
1.86611
1.86803
1.8701
1.87231
1.87466
1.87715
1.87977
1.88252
1.88538
1.88835
1.89142
1.89459
1.89783
1.90114
1.90452
1.90794
1.91139
1.91487
1.91836
1.92185
1.92532
1.92878
1.9322
1.93557
1.93889
1.94214
1.94531
1.9484
1.95139
1.95428
1.95706
1.95972
1.96224
1.96464
1.96689
1.96899
1.97094
1.97274
1.97437
1.97583
1.97713
1.97825
1.9792
1.97997
1.98056
1.98097
1.9812
1.98126
1.98114
1.98085
1.98039
1.97977
1.97898
1.97805
1.97696
1.97574
1.97439
1.97292
1.97134
1.96966
1.9679
1.96607
1.96418
1.96224
1.96028
1.9583
1.95633
1.95436
1.95244
1.95055
1.94873
1.94697
1.94531
1.94373
1.94227
1.94091
1.93968
1.93858
1.93761
1.93677
1.93606
1.93549
1.93505
1.93474
1.93455
1.93448
1.93452
1.93465
1.93488
1.93518
1.93555
1.93598
1.93646
1.93697
1.93751
1.93806
1.93861
1.93916
1.93969
1.94019
1.94067
1.94111
1.9415
1.94185
1.94215
1.94239
1.94257
1.9427
1.94277
1.94278
1.94273
1.94264
1.94249
1.9423
1.94206
1.94179
1.94149
1.94116
1.94081
1.94045
1.94009
1.93972
1.93936
1.93901
1.93869
1.93839
1.93812
1.9379
1.93772
1.93759
1.93751
1.9375
1.93755
1.93767
1.93786
1.93812
1.93846
1.93888
1.93938
1.93996
1.94061
1.94134
1.94215
1.94304
1.944
1.94503
1.94613
1.94729
1.94852
1.9498
1.95113
1.95251
1.95393
1.95539
1.95688
1.9584
1.95993
1.96149
1.96305
1.96461
1.96617
1.96772
1.96926
1.97078
1.97228
1.97374
1.97517
1.97655
1.97788
1.97916
1.98038
1.98154
1.98262
1.98363
1.98457
1.98542
1.98618
1.98684
1.98742
1.98789
1.98825
1.98851
1.98866
1.98869
1.9886
1.98839
1.98806
1.9876
1.98701
1.98629
1.98544
1.98445
1.98333
1.98207
1.98067
1.97913
1.97746
1.97565
1.9737
1.9716
1.96937
1.96701
1.9645
1.96186
1.95909
1.95619
1.95316
1.95
1.94672
1.94331
1.93979
1.93615
1.93241
1.92855
1.9246
1.92054
1.91639
1.91215
1.90783
1.90343
1.89895
1.89441
1.88981
1.88516
1.88046
1.87572
1.87094
1.86613
1.86131
1.85647
1.85162
1.84677
1.84193
1.83711
1.83231
1.82753
1.82279
1.8181
1.81346
1.80887
1.80435
1.7999
1.79552
1.79122
1.78702
1.7829
1.77889
1.77498
1.77117
1.76748
1.76391
1.76045
1.75713
1.75392
1.75086
1.74792
1.74512
1.74246
1.73995
1.73757
1.73535
1.73326
1.73133
1.72955
1.72791
1.72643
1.72509
1.72391
1.72288
1.722
1.72128
1.7207
1.72027
1.72
1.71987
1.7199
1.72007
1.72039
1.72085
1.72146
1.72221
1.7231
1.72413
1.72529
1.72659
1.72801
1.72956
1.73123
1.73303
1.73493
1.73695
1.73907
1.74129
1.74361
1.74603
1.74852
1.7511
1.75375
1.75647
1.75926
1.7621
1.765
1.76794
1.77092
1.77394
1.77699
1.78006
1.78314
1.78624
1.78935
1.79247
1.79558
1.79868
1.80177
1.80486
1.80792
1.81096
1.81397
1.81696
1.81991
1.82283
1.82571
1.82856
1.83136
1.83412
1.83683
1.8395
1.84212
1.84469
1.84721
1.84967
1.85208
1.85444
1.85675
1.859
1.86119
1.86333
1.86541
1.86744
1.86941
1.87133
1.87319
1.875
1.87675
1.87844
1.88008
1.88167
1.8832
1.88468
1.88611
1.88749
1.88882
1.8901
1.89133
1.89251
1.89364
1.89473
1.89578
1.89678
1.89775
1.89866
1.89954
1.90038
1.90118
1.90193
1.90265
1.90333
1.90398
1.90458
1.90515
1.90568
1.90618
1.90663
1.90705
1.90744
1.90779
1.9081
1.90837
1.90861
1.90881
1.90897
1.90909
1.90918
1.90922
1.90923
1.90919
1.90911
1.909
1.90884
1.90864
1.90839
1.90811
1.90778
1.9074
1.90698
1.90652
1.906
1.90544
1.90483
1.90417
1.90346
1.90269
1.90188
1.90101
1.90008
1.8991
1.89806
1.89696
1.8958
1.89458
1.89329
1.89193
1.8905
1.88901
1.88744
1.88579
1.88406
1.88226
1.88037
1.8784
1.87634
1.87419
1.87194
1.86961
1.86718
1.86465
1.86203
1.85931
1.85648
1.85356
1.85054
1.84741
1.84418
1.84086
1.83744
1.83392
1.83031
1.82661
1.82282
1.81895
1.81501
1.811
1.80691
1.80278
1.79858
1.79435
1.79008
1.78578
1.78147
1.77714
1.77282
1.76851
1.76423
1.75998
1.75578
1.75163
1.74756
1.74356
1.73966
1.73586
1.73218
1.72862
1.7252
1.72193
1.71881
1.71586
1.71308
1.71048
1.70806
1.70584
1.70382
1.702
1.70038
1.69898
1.69778
1.69679
1.696
1.69543
1.69506
1.69488
1.69491
1.69512
1.69553
1.69611
1.69686
1.69778
1.69887
1.7001
1.70147
1.70298
1.70461
1.70636
1.70823
1.71019
1.71225
1.71439
1.71661
1.71891
1.72127
1.72368
1.72615
1.72867
1.73122
1.73381
1.73644
1.73909
1.74177
1.74447
1.74718
1.74992
1.75266
1.75541
1.75817
1.76094
1.76371
1.76649
1.76926
1.77204
1.77481
1.77757
1.78033
1.78309
1.78583
1.78856
1.79127
1.79397
1.79665
1.79931
1.80195
1.80456
1.80715
1.8097
1.81223
1.81472
1.81718
1.8196
1.82197
1.8243
1.82659
1.82882
1.83101
1.83314
1.83522
1.83723
1.83919
1.84109
1.84291
1.84468
1.84637
1.848
1.84955
1.85103
1.85243
1.85375
1.85499
1.85616
1.85724
1.85823
1.85914
1.85996
1.86069
1.86133
1.86188
1.86234
1.86269
1.86295
1.86311
1.86317
1.86313
1.86299
1.86273
1.86237
1.86191
1.86133
1.86064
1.85984
1.85892
1.85789
1.85674
1.85548
1.8541
1.8526
1.85099
1.84925
1.84739
1.84542
1.84333
1.84112
1.83879
1.83635
1.83379
1.83112
1.82834
1.82545
1.82246
1.81936
1.81617
1.81289
1.80951
1.80605
1.8025
1.79888
1.79519
1.79144
1.78763
1.78377
1.77986
1.77591
1.77193
1.76793
1.76391
1.75988
1.75585
1.75183
1.74782
1.74383
1.73987
1.73595
1.73207
1.72825
1.72449
1.7208
1.71718
1.71364
1.71019
1.70684
1.70359
1.70045
1.69741
1.6945
1.6917
1.68904
1.6865
1.68409
1.68182
1.67969
1.67769
1.67584
1.67413
1.67256
1.67114
1.66985
1.66871
1.66771
1.66684
1.66612
1.66553
1.66507
1.66474
1.66453
1.66446
1.6645
1.66466
1.66494
1.66533
1.66583
1.66644
1.66715
1.66795
1.66886
1.66986
1.67094
1.67212
1.67338
1.67473
1.67616
1.67767
1.67926
1.68092
1.68266
1.68447
1.68636
1.68831
1.69034
1.69244
1.6946
1.69683
1.69913
1.7015
1.70393
1.70643
1.70898
1.7116
1.71427
1.717
1.71979
1.72263
1.72551
1.72844
1.73142
1.73443
1.73747
1.74055
1.74365
1.74677
1.7499
1.75304
1.75619
1.75934
1.76249
1.76562
1.76873
1.77182
1.77488
1.7779
1.78089
1.78383
1.78671
1.78955
1.79232
1.79502
1.79766
1.80022
1.8027
1.8051
1.80741
1.80964
1.81178
1.81383
1.81578
1.81764
1.81941
1.82108
1.82265
1.82413
1.82552
1.82681
1.82802
1.82913
1.83017
1.83111
1.83198
1.83277
1.83348
1.83412
1.8347
1.83522
1.83568
1.83608
1.83644
1.83676
1.83704
1.83728
1.83749
1.83768
1.83785
1.83801
1.83816
1.8383
1.83844
1.83859
1.83874
1.83889
1.83906
1.83925
1.83945
1.83968
1.83992
1.84018
1.84047
1.84077
1.8411
1.84144
1.84181
1.84219
1.84258
1.84299
1.8434
1.84383
1.84425
1.84467
1.84509
1.84549
1.84589
1.84626
1.84661
1.84694
1.84723
1.8475
1.84772
1.8479
1.84804
1.84812
1.84816
1.84814
1.84807
1.84793
1.84774
1.84749
1.84717
1.8468
1.84636
1.84586
1.84531
1.8447
1.84403
1.84331
1.84255
1.84174
1.8409
1.84002
1.83911
1.83818
1.83724
1.83629
1.83534
1.83439
1.83346
1.83256
1.83168
1.83084
1.83005
1.82932
1.82866
1.82807
1.82756
1.82715
1.82683
1.82662
1.82653
1.82656
1.82672
1.82701
1.82744
1.82802
1.82874
1.82962
1.83065
1.83184
1.83318
1.83469
1.83635
1.83817
1.84014
1.84226
1.84452
1.84693
1.84948
1.85216
1.85496
1.85788
1.86091
1.86404
1.86727
1.87057
1.87396
1.87741
1.88092
1.88448
1.88807
1.8917
1.89534
1.899
1.90266
1.90631
1.90995
1.91357
1.91715
1.9207
1.9242
1.92766
1.93105
1.93438
1.93764
1.94082
1.94393
1.94694
1.94987
1.95271
1.95544
1.95807
1.9606
1.96302
1.96533
1.96752
1.9696
1.97155
1.97339
1.9751
1.97669
1.97815
1.97948
1.98069
1.98176
1.98271
1.98353
1.98421
1.98476
1.98519
1.98548
1.98564
1.98568
1.98558
1.98536
1.98502
1.98455
1.98396
1.98325
1.98243
1.98149
1.98044
1.97929
1.97803
1.97668
1.97524
1.9737
1.97209
1.97041
1.96866
1.96685
1.965
1.9631
1.96118
1.95924
1.95729
1.95535
1.95342
1.95152
1.94966
1.94786
1.94612
1.94447
1.94292
1.94147
1.94015
1.93895
1.93791
1.93702
1.9363
1.93576
1.9354
1.93523
1.93527
1.9355
1.93593
1.93657
1.93741
1.93845
1.93969
1.94112
1.94274
1.94453
1.94649
1.94862
1.95089
1.95331
1.95585
1.95851
1.96128
1.96415
1.96709
1.97011
1.9732
1.97633
1.9795
1.98271
1.98594
1.98919
1.99244
1.99569
1.99893
2.00215
2.00536
2.00853
2.01168
2.01478
2.01785
2.02087
2.02383
2.02675
2.0296
2.03239
2.03512
2.03778
2.04037
2.04288
2.04531
2.04766
2.04992
2.0521
2.05419
2.05618
2.05808
2.05987
2.06156
2.06315
2.06462
2.06599
2.06724
2.06837
2.06939
2.07028
2.07105
2.0717
2.07222
2.07261
2.07287
2.073
2.073
2.07287
2.0726
2.07219
2.07165
2.07098
2.07018
2.06924
2.06817
2.06698
2.06565
2.0642
2.06263
2.06094
2.05914
2.05721
2.05518
2.05304
2.0508
2.04846
2.04603
2.04352
2.04092
2.03824
2.0355
2.03269
2.02982
2.0269
2.02393
2.02092
2.01787
2.0148
2.01169
2.00856
2.00542
2.00226
1.99909
1.99591
1.99272
1.98953
1.98634
1.98314
1.97994
1.97674
1.97353
1.97032
1.96709
1.96386
1.96061
1.95735
1.95407
1.95078
1.94746
1.94411
1.94074
1.93735
1.93392
1.93046
1.92697
1.92344
1.91989
1.9163
1.91268
1.90904
1.90536
1.90166
1.89794
1.8942
1.89045
1.88668
1.88291
1.87915
1.87538
1.87163
1.8679
1.86419
1.86051
1.85687
1.85327
1.84971
1.84621
1.84278
1.8394
1.8361
1.83288
1.82974
1.82669
1.82372
1.82085
1.81808
1.81541
1.81285
1.81039
1.80803
1.80578
1.80365
1.80162
1.7997
1.79789
1.79618
1.79459
1.7931
1.79171
1.79042
1.78922
1.78813
1.78712
1.7862
1.78537
1.78461
1.78393
1.78332
1.78278
1.7823
1.78187
1.7815
1.78118
1.7809
1.78066
1.78045
1.78027
1.78012
1.77999
1.77987
1.77977
1.77968
1.7796
1.77952
1.77944
1.77937
1.77928
1.7792
1.7791
1.779
1.7789
1.77878
1.77865
1.77851
1.77837
1.77822
1.77806
1.7779
1.77773
1.77757
1.7774
1.77724
1.77708
1.77693
1.77679
1.77666
1.77655
1.77646
1.77639
1.77634
1.77632
1.77632
1.77636
1.77644
1.77655
1.7767
1.77689
1.77712
1.7774
1.77773
1.7781
1.77853
1.779
1.77952
1.7801
1.78073
1.78141
1.78215
1.78294
1.78379
1.78468
1.78563
1.78664
1.78769
1.7888
1.78996
1.79118
1.79244
1.79376
1.79513
1.79655
1.79802
1.79953
1.8011
1.80272
1.80439
1.8061
1.80787
1.80968
1.81155
1.81346
1.81543
1.81744
1.81951
1.82162
1.82379
1.826
1.82827
1.83058
1.83294
1.83535
1.83781
1.84031
1.84285
1.84544
1.84806
1.85071
1.8534
1.85611
1.85885
1.86161
1.86438
1.86716
1.86994
1.87272
1.87549
1.87825
1.88098
1.88368
1.88634
1.88896
1.89152
1.89403
1.89646
1.89882
1.9011
1.90329
1.90538
1.90736
1.90924
1.911
1.91263
1.91414
1.91551
1.91674
1.91783
1.91877
1.91956
1.92019
1.92067
1.92099
1.92114
1.92114
1.92097
1.92064
1.92014
1.91948
1.91866
1.91768
1.91655
1.91526
1.91381
1.91222
1.91048
1.9086
1.90658
1.90444
1.90217
1.89977
1.89726
1.89465
1.89193
1.88912
1.88622
1.88324
1.88019
1.87707
1.87389
1.87066
1.86738
1.86407
1.86073
1.85737
1.85399
1.8506
1.84722
1.84384
1.84047
1.83712
1.83379
1.83049
1.82723
1.824
1.82081
1.81767
1.81458
1.81154
1.80856
1.80562
1.80275
1.79993
1.79718
1.79447
1.79183
1.78925
1.78671
1.78424
1.78181
1.77943
1.7771
1.77482
1.77258
1.77038
1.76822
1.76609
1.764
1.76193
1.75989
1.75788
1.7559
1.75393
1.75198
1.75006
1.74815
1.74625
1.74437
1.74251
1.74066
1.73883
1.73701
1.73522
1.73344
1.73169
1.72996
1.72826
1.72659
1.72496
1.72336
1.72181
1.72031
1.71886
1.71746
1.71613
1.71487
1.71368
1.71256
1.71152
1.71057
1.70971
1.70894
1.70826
1.70769
1.70721
1.70683
1.70656
1.70639
1.70632
1.70635
1.70648
1.7067
1.70702
1.70743
1.70793
1.7085
1.70915
1.70988
1.71066
1.71151
1.71241
1.71335
1.71433
1.71535
1.71639
1.71744
1.71851
1.71958
1.72064
1.7217
1.72274
1.72376
1.72475
1.72571
1.72663
1.72751
1.72835
1.72913
1.72985
1.73052
1.73112
1.73166
1.73213
1.73254
1.73287
1.73313
1.73331
1.73342
1.73346
1.73341
1.73329
1.73309
1.73282
1.73247
1.73204
1.73154
1.73096
1.73032
1.7296
1.72881
1.72796
1.72704
1.72606
1.72502
1.72393
1.72279
1.7216
1.72036
1.71909
1.71778
1.71644
1.71508
1.71369
1.7123
1.71089
1.70948
1.70808
1.70669
1.70531
1.70396
1.70263
1.70135
1.7001
1.69891
1.69776
1.69668
1.69567
1.69472
1.69386
1.69307
1.69236
1.69175
1.69122
1.69079
1.69045
1.69021
1.69007
1.69002
1.69008
1.69024
1.6905
1.69086
1.69132
1.69188
1.69254
1.6933
1.69416
1.69512
1.69618
1.69734
1.6986
1.69997
1.70144
1.70301
1.70469
1.70648
1.70839
1.71041
1.71254
1.7148
1.71718
1.71968
1.7223
1.72505
1.72792
1.73092
1.73404
1.73728
1.74064
1.74412
1.7477
1.75139
1.75517
1.75904
1.76299
1.76701
1.77109
1.77522
1.77939
1.78359
1.78781
1.79203
1.79624
1.80042
1.80458
1.80869
1.81274
1.81672
1.82063
1.82444
1.82815
1.83176
1.83524
1.8386
1.84182
1.8449
1.84784
1.85062
1.85324
1.8557
1.858
1.86013
1.86208
1.86387
1.86549
1.86694
1.86822
1.86933
1.87027
1.87105
1.87166
1.87212
1.87242
1.87258
1.87258
1.87244
1.87217
1.87177
1.87123
1.87058
1.86982
1.86895
1.86797
1.86691
1.86575
1.86451
1.8632
1.86182
1.86039
1.8589
1.85737
1.8558
1.8542
1.85258
1.85095
1.84931
1.84767
1.84603
1.84442
1.84282
1.84126
1.83973
1.83824
1.8368
1.83541
1.83408
1.83282
1.83163
1.83051
1.82947
1.82851
1.82764
1.82686
1.82616
1.82555
1.82504
1.82462
1.82429
1.82405
1.82391
1.82385
1.82388
1.824
1.82419
1.82447
1.82481
1.82523
1.82572
1.82627
1.82687
1.82753
1.82823
1.82898
1.82977
1.83059
1.83144
1.83231
1.8332
1.83412
1.83504
1.83597
1.83691
1.83785
1.8388
1.83974
1.84069
1.84163
1.84258
1.84352
1.84446
1.84541
1.84635
1.8473
1.84825
1.84921
1.85018
1.85117
1.85216
1.85318
1.85421
1.85527
1.85635
1.85745
1.85858
1.85974
1.86093
1.86214
1.86338
1.86465
1.86595
1.86727
1.86861
1.86997
1.87135
1.87275
1.87416
1.87558
1.87701
1.87844
1.87986
1.88129
1.8827
1.88411
1.8855
1.88687
1.88822
1.88955
1.89085
1.89213
1.89337
1.89457
1.89574
1.89686
1.89795
1.89899
1.89998
1.90093
1.90182
1.90267
1.90346
1.9042
1.90489
1.90553
1.9061
1.90663
1.9071
1.90751
1.90786
1.90817
1.90841
1.90861
1.90875
1.90884
1.90888
1.90887
1.90881
1.90871
1.90857
1.90839
1.90817
1.90791
1.90762
1.9073
1.90695
1.90657
1.90617
1.90574
1.90529
1.90483
1.90434
1.90384
1.90332
1.90279
1.90224
1.90168
1.9011
1.90052
1.89991
1.8993
1.89867
1.89803
1.89737
1.8967
1.89601
1.89531
1.89459
1.89387
1.89313
1.89238
1.89162
1.89086
1.8901
1.88934
1.88859
1.88785
1.88713
1.88644
1.88578
1.88517
1.8846
1.8841
1.88366
1.88331
1.88305
1.88288
1.88283
1.88289
1.88308
1.88341
1.88389
1.88451
1.88529
1.88623
1.88734
1.88861
1.89004
1.89164
1.8934
1.89531
1.89736
1.89956
1.90188
1.90432
1.90687
1.9095
1.91221
1.91497
1.91778
1.92061
1.92344
1.92626
1.92905
1.93179
1.93447
1.93706
1.93954
1.94192
1.94416
1.94625
1.94819
1.94996
1.95154
1.95293
1.95413
1.95512
1.95589
1.95645
1.95678
1.95688
1.95676
1.9564
1.95581
1.95499
1.95393
1.95265
1.95114
1.94941
1.94745
1.94527
1.94288
1.94028
1.93747
1.93447
1.93127
1.92788
1.92431
1.92056
1.91664
1.91256
1.90832
1.90393
1.8994
1.89473
1.88992
1.885
1.87996
1.87482
1.86957
1.86423
1.85881
1.85332
1.84775
1.84213
1.83645
1.83073
1.82497
1.81919
1.81339
1.80759
1.80178
1.79598
1.79019
1.78444
1.77872
1.77304
1.76742
1.76187
1.75638
1.75098
1.74566
1.74045
1.73534
1.73034
1.72547
1.72072
1.71612
1.71166
1.70735
1.70319
1.6992
1.69538
1.69173
1.68826
1.68498
1.68188
1.67897
1.67625
1.67373
1.67141
1.66928
1.66735
1.66562
1.66409
1.66276
1.66163
1.66069
1.65994
1.65939
1.65902
1.65883
1.65883
1.65899
1.65933
1.65983
1.66049
1.6613
1.66225
1.66335
1.66457
1.66591
1.66737
1.66894
1.6706
1.67236
1.67419
1.6761
1.67808
1.68011
1.68218
1.6843
1.68646
1.68864
1.69084
1.69305
1.69528
1.69751
1.69974
1.70197
1.70419
1.70641
1.70863
1.71083
1.71303
1.71523
1.71743
1.71963
1.72184
1.72406
1.72629
1.72855
1.73084
1.73317
1.73553
1.73795
1.74041
1.74294
1.74554
1.74821
1.75095
1.75378
1.75669
1.75968
1.76277
1.76594
1.76921
1.77256
1.77599
1.77951
1.7831
1.78677
1.79051
1.7943
1.79815
1.80204
1.80598
1.80994
1.81392
1.81791
1.82191
1.8259
1.82988
1.83383
1.83776
1.84165
1.84549
1.84928
1.85301
1.85668
1.86028
1.8638
1.86725
1.87061
1.87389
1.87708
1.88017
1.88318
1.88609
1.88891
1.89164
1.89427
1.8968
1.89925
1.9016
1.90386
1.90603
1.90812
1.91012
1.91204
1.91388
1.91564
1.91732
1.91894
1.92049
1.92197
1.92339
1.92475
1.92605
1.9273
1.92851
1.92967
1.93078
1.93186
1.9329
1.9339
1.93488
1.93583
1.93675
1.93765
1.93852
1.93938
1.94022
1.94104
1.94184
1.94263
1.9434
1.94416
1.9449
1.94563
1.94634
1.94704
1.94772
1.94838
1.94902
1.94964
1.95023
1.95079
1.95133
1.95182
1.95228
1.9527
1.95308
1.95341
1.95368
1.9539
1.95405
1.95414
1.95415
1.9541
1.95396
1.95374
1.95343
1.95303
1.95254
1.95195
1.95126
1.95046
1.94956
1.94855
1.94743
1.9462
1.94485
1.9434
1.94183
1.94015
1.93835
1.93645
1.93444
1.93233
1.93012
1.92781
1.92541
1.92292
1.92035
1.91771
1.915
1.91223
1.9094
1.90654
1.90364
1.90072
1.89778
1.89484
1.89191
1.88899
1.88611
1.88327
1.88049
1.87778
1.87515
1.8726
1.87017
1.86784
1.86565
1.86359
1.86168
1.85992
1.85833
1.85692
1.85568
1.85464
1.85379
1.85314
1.85269
1.85245
1.85242
1.85261
1.85301
1.85362
1.85445
1.8555
1.85676
1.85823
1.85991
1.8618
1.8639
1.86619
1.86869
1.87137
1.87424
1.87729
1.88051
1.88389
1.88744
1.89113
1.89496
1.89892
1.90299
1.90716
1.91143
1.91576
1.92016
1.92461
1.92909
1.93359
1.93808
1.94256
1.94701
1.95141
1.95575
1.96001
1.96417
1.96824
1.97218
1.97599
1.97965
1.98317
1.98651
1.98968
1.99267
1.99547
1.99808
2.00048
2.00267
2.00466
2.00643
2.00799
2.00933
2.01045
2.01135
2.01203
2.0125
2.01276
2.01281
2.01266
2.0123
2.01175
2.01101
2.01008
2.00897
2.00769
2.00624
2.00464
2.00289
2.001
1.99897
1.99682
1.99456
1.99218
1.98972
1.98717
1.98454
1.98184
1.97909
1.9763
1.97347
1.97061
1.96774
1.96486
1.96199
1.95914
1.9563
1.9535
1.95074
1.94803
1.94538
1.94278
1.94026
1.93781
1.93545
1.93317
1.93097
1.92887
1.92687
1.92496
1.92314
1.92143
1.91981
1.9183
1.91688
1.91555
1.91432
1.91317
1.91212
1.91114
1.91024
1.90942
1.90867
1.90799
1.90736
1.9068
1.90629
1.90582
1.9054
1.90502
1.90468
1.90436
1.90408
1.90381
1.90357
1.90335
1.90314
1.90294
1.90275
1.90257
1.90239
1.90221
1.90204
1.90186
1.90169
1.90151
1.90132
1.90114
1.90094
1.90075
1.90054
1.90033
1.90012
1.8999
1.89967
1.89944
1.89921
1.89897
1.89872
1.89848
1.89823
1.89797
1.89772
1.89746
1.89721
1.89695
1.8967
1.89645
1.89621
1.89597
1.89573
1.89551
1.89529
1.89508
1.89489
1.89471
1.89455
1.89441
1.89428
1.89418
1.8941
1.89404
1.89401
1.89401
1.89403
1.89409
1.89419
1.89431
1.89447
1.89467
1.89491
1.89519
1.89551
1.89587
1.89628
1.89672
1.89721
1.89774
1.89831
1.89893
1.89958
1.90028
1.90101
1.90179
1.9026
1.90344
1.90432
1.90524
1.90618
1.90715
1.90815
1.90916
1.9102
1.91126
1.91233
1.91342
1.91451
1.91561
1.91672
1.91782
1.91892
1.92002
1.92111
1.92219
1.92326
1.92431
1.92534
1.92635
1.92733
1.92829
1.92922
1.93012
1.93099
1.93183
1.93263
1.93339
1.93412
1.9348
1.93545
1.93606
1.93664
1.93718
1.93768
1.93814
1.93858
1.93899
1.93936
1.93972
1.94006
1.94038
1.94068
1.94098
1.94128
1.94159
1.9419
1.94222
1.94257
1.94294
1.94335
1.9438
1.94429
1.94483
1.94542
1.94608
1.94679
1.94758
1.94844
1.94938
1.95039
1.95148
1.95265
1.95389
1.95522
1.95662
1.95809
1.95964
1.96125
1.96291
1.96463
1.9664
1.9682
1.97003
1.97189
1.97376
1.97563
1.9775
1.97935
1.98118
1.98297
1.98472
1.98641
1.98804
1.9896
1.99107
1.99245
1.99373
1.99491
1.99597
1.99691
1.99772
1.99839
1.99893
1.99931
1.99955
1.99964
1.99957
1.99934
1.99894
1.99838
1.99766
1.99676
1.9957
1.99447
1.99307
1.99151
1.98978
1.98788
1.98582
1.9836
1.98122
1.97869
1.97601
1.97318
1.9702
1.96708
1.96383
1.96045
1.95694
1.95331
1.94958
1.94573
1.94178
1.93774
1.93362
1.92941
1.92513
1.92079
1.91639
1.91195
1.90747
1.90296
1.89843
1.89389
1.88935
1.88483
1.88032
1.87584
1.8714
1.86701
1.86268
1.85842
1.85423
1.85014
1.84614
1.84225
1.83848
1.83483
1.83131
1.82793
1.8247
1.82162
1.81869
1.81594
1.81334
1.81093
1.80868
1.80662
1.80473
1.80303
1.8015
1.80016
1.799
1.79801
1.7972
1.79656
1.79609
1.79578
1.79563
1.79563
1.79578
1.79607
1.79648
1.79703
1.79769
1.79845
1.79932
1.80027
1.8013
1.80241
1.80357
1.80479
1.80605
1.80734
1.80864
1.80997
1.81129
1.8126
1.8139
1.81517
1.81641
1.8176
1.81874
1.81983
1.82084
1.82179
1.82265
1.82343
1.82412
1.82471
1.82521
1.82561
1.8259
1.82609
1.82618
1.82616
1.82604
1.82582
1.8255
1.82508
1.82458
1.82398
1.82331
1.82257
1.82176
1.82089
1.81997
1.81901
1.81803
1.81702
1.81601
1.815
1.814
1.81304
1.81211
1.81123
1.81041
1.80967
1.80901
1.80845
1.808
1.80767
1.80748
1.80742
1.80751
1.80775
1.80816
1.80874
1.8095
1.81045
1.81157
1.81289
1.81439
1.81609
1.81798
1.82005
1.82231
1.82476
1.82739
1.8302
1.83318
1.83633
1.83964
1.84309
1.8467
1.85044
1.85431
1.8583
1.8624
1.8666
1.87089
1.87526
1.87971
1.88421
1.88877
1.89338
1.89801
1.90267
1.90735
1.91203
1.91671
1.92137
1.92601
1.93063
1.93521
1.93974
1.94422
1.94865
1.953
1.95729
1.96149
1.96561
1.96963
1.97357
1.9774
1.98112
1.98474
1.98824
1.99163
1.9949
1.99804
2.00106
2.00394
2.0067
2.00932
2.01181
2.01417
2.01638
2.01846
2.0204
2.02221
2.02387
2.0254
2.02679
2.02805
2.02918
2.03017
2.03103
2.03176
2.03236
2.03284
2.03319
2.03342
2.03354
2.03354
2.03342
2.0332
2.03286
2.03243
2.03189
2.03125
2.03052
2.02969
2.02877
2.02776
2.02667
2.02549
2.02423
2.0229
2.02148
2.01999
2.01842
2.01679
2.01508
2.01331
2.01147
2.00957
2.00761
2.00558
2.0035
2.00137
1.99918
1.99694
1.99465
1.99231
1.98993
1.98751
1.98505
1.98256
1.98003
1.97747
1.97489
1.97228
1.96965
1.96701
1.96435
1.96169
1.95901
1.95633
1.95365
1.95097
1.9483
1.94563
1.94296
1.94031
1.93767
1.93504
1.93243
1.92983
1.92724
1.92467
1.92211
1.91956
1.91703
1.9145
1.91199
1.90948
1.90698
1.90447
1.90197
1.89947
1.89696
1.89444
1.89191
1.88936
1.88679
1.88421
1.8816
1.87897
1.8763
1.87361
1.87088
1.86811
1.86531
1.86247
1.85959
1.85667
1.85371
1.8507
1.84766
1.84458
1.84146
1.83831
1.83512
1.83189
1.82864
1.82536
1.82206
1.81873
1.81539
1.81204
1.80869
1.80533
1.80198
1.79863
1.79531
1.792
1.78873
1.78548
1.78228
1.77913
1.77604
1.773
1.77003
1.76714
1.76434
1.76162
1.759
1.75648
1.75406
1.75177
1.74959
1.74753
1.74561
1.74382
1.74217
1.74066
1.7393
1.73808
1.73702
1.7361
1.73534
1.73473
1.73427
1.73397
1.73382
1.73381
1.73395
1.73424
1.73466
1.73522
1.73591
1.73673
1.73766
1.73872
1.73988
1.74115
1.74251
1.74397
1.74551
1.74712
1.74881
1.75056
