-1.65065
-1.65057
-1.65053
-1.65047
-1.65011
-1.6502
-1.65013
-1.65005
-1.64982
-1.64929
-1.64875
-1.64852
-1.64813
-1.64804
-1.6481
-1.64786
-1.64717
-1.64693
-1.64685
-1.64662
-1.6464
-1.64587
-1.64566
-1.64499
-1.64525
-1.6452
-1.64486
-1.64438
-1.64407
-1.64361
-1.64316
-1.64303
-1.64307
-1.64266
-1.64227
-1.64279
-1.64274
-1.64269
-1.64267
-1.64266
-1.64236
-1.64239
-1.64198
-1.64174
-1.64197
-1.64237
-1.64263
-1.64276
-1.64276
-1.64263
-1.64221
-1.64271
-1.64292
-1.6433
-1.64354
-1.64379
-1.6439
-1.64432
-1.64444
-1.64503
-1.64502
-1.64531
-1.64561
-1.64605
-1.6462
-1.64619
-1.64633
-1.64676
-1.64704
-1.64747
-1.64803
-1.64829
-1.64853
-1.64862
-1.64884
-1.6489
-1.64909
-1.64913
-1.649
-1.649
-1.6496
-1.64973
-1.64999
-1.65055
-1.65064
-1.65071
-1.65078
-1.65067
-1.65086
-1.65149
-1.6512
-1.65151
-1.6515
-1.65148
-1.65146
-1.65157
-1.65168
-1.65162
-1.65171
-1.65195
-1.65172
-1.65149
-1.65125
-1.65101
-1.6509
-1.65095
-1.65084
-1.65057
-1.6503
-1.65032
-1.65019
-1.64991
-1.64947
-1.64948
-1.64933
-1.64919
-1.64888
-1.64888
-1.64873
-1.64843
-1.64857
-1.64811
-1.64796
-1.64765
-1.64689
-1.64673
-1.64673
-1.64673
-1.64673
-1.64688
-1.64673
-1.64659
-1.64629
-1.646
-1.64587
-1.64574
-1.64577
-1.64564
-1.64537
-1.64511
-1.64515
-1.6452
-1.64495
-1.64501
-1.64462
-1.64439
-1.64447
-1.6441
-1.64419
-1.64399
-1.64394
-1.6442
-1.64417
-1.64414
-1.64397
-1.6438
-1.6441
-1.6444
-1.64471
-1.64487
-1.64489
-1.64507
-1.64525
-1.64544
-1.64503
-1.64569
-1.64559
-1.6458
-1.64586
-1.64607
-1.64614
-1.64651
-1.64658
-1.64679
-1.64686
-1.64708
-1.64729
-1.6475
-1.64785
-1.64821
-1.64765
-1.64753
-1.64756
-1.64774
-1.64775
-1.64791
-1.64836
-1.64835
-1.64834
-1.64816
-1.64858
-1.64853
-1.64848
-1.64873
-1.64851
-1.64828
-1.64836
-1.64827
-1.64833
-1.64824
-1.64799
-1.64774
-1.64749
-1.64723
-1.64744
-1.64779
-1.64723
-1.64683
-1.64704
-1.64726
-1.64717
-1.64694
-1.64687
-1.64666
-1.6466
-1.64641
-1.64652
-1.64665
-1.64709
-1.64724
-1.6474
-1.64773
-1.64762
-1.64767
-1.64788
-1.64796
-1.6479
-1.64755
-1.64737
-1.64766
-1.6481
-1.64841
-1.64828
-1.64861
-1.64895
-1.64915
-1.64936
-1.64973
-1.64935
-1.64958
-1.64996
-1.6505
-1.65029
-1.65037
-1.65076
-1.6513
-1.65123
-1.65146
-1.65138
-1.65174
-1.65225
-1.65245
-1.65188
-1.65206
-1.65253
-1.65284
-1.65238
-1.65251
-1.65278
-1.65289
-1.65298
-1.65307
-1.65329
-1.65366
-1.65386
-1.65375
-1.65379
-1.65366
-1.65383
-1.65369
-1.65355
-1.6537
-1.65369
-1.65369
-1.65368
-1.65352
-1.65351
-1.65365
-1.65378
-1.65408
-1.65407
-1.65421
-1.65481
-1.65496
-1.65512
-1.65512
-1.65499
-1.65485
-1.65502
-1.6546
-1.65448
-1.65481
-1.65531
-1.6549
-1.6548
-1.65455
-1.65491
-1.65497
-1.65519
-1.65571
-1.65579
-1.65586
-1.65609
-1.65617
-1.65641
-1.65649
-1.65688
-1.65696
-1.65689
-1.65713
-1.65706
-1.6573
-1.65738
-1.65746
-1.65738
-1.65746
-1.65753
-1.65729
-1.6572
-1.65756
-1.65732
-1.65752
-1.65756
-1.6576
-1.65793
-1.65765
-1.65767
-1.65783
-1.65814
-1.65829
-1.65828
-1.65781
-1.65779
-1.6576
-1.65786
-1.65782
-1.65792
-1.658
-1.65793
-1.65771
-1.65792
-1.65798
-1.65758
-1.65733
-1.65661
-1.6565
-1.65622
-1.65624
-1.65611
-1.65567
-1.65537
-1.65522
-1.65507
-1.65521
-1.65535
-1.65519
-1.65532
-1.65455
-1.65437
-1.65405
-1.65387
-1.65354
-1.65337
-1.65334
-1.65316
-1.65298
-1.65281
-1.65233
-1.6523
-1.65198
-1.65166
-1.65164
-1.65118
-1.65086
-1.6507
-1.65055
-1.65054
-1.65039
-1.65055
-1.65071
-1.65058
-1.65044
-1.65001
-1.65004
-1.65022
-1.64996
-1.65
-1.64989
-1.64934
-1.64894
-1.64885
-1.64906
-1.64897
-1.64859
-1.64836
-1.64843
-1.64836
-1.64814
-1.64808
-1.64786
-1.6478
-1.6479
-1.6477
-1.6475
-1.6473
-1.64696
-1.64723
-1.64705
-1.64702
-1.64716
-1.64699
-1.64699
-1.64669
-1.64669
-1.64656
-1.64689
-1.64662
-1.64666
-1.64656
-1.64693
-1.6467
-1.64678
-1.64687
-1.64713
-1.64739
-1.64751
-1.6481
-1.64824
-1.64899
-1.64884
-1.64901
-1.64963
-1.64965
-1.64937
-1.6497
-1.64972
-1.6499
-1.65007
-1.6504
-1.65087
-1.65118
-1.65134
-1.65149
-1.65178
-1.65192
-1.65249
-1.65276
-1.65256
-1.6528
-1.65258
-1.65264
-1.65255
-1.65259
-1.65261
-1.65248
-1.65233
-1.65247
-1.65274
-1.65271
-1.65251
-1.6526
-1.65223
-1.65229
-1.65235
-1.65239
-1.65243
-1.6526
-1.65277
-1.65277
-1.65277
-1.6523
-1.65197
-1.65164
-1.65175
-1.65185
-1.65164
-1.65097
-1.65075
-1.65037
-1.65013
-1.64974
-1.64964
-1.64894
-1.64853
-1.64781
-1.6474
-1.64698
-1.64657
-1.64631
-1.64605
-1.64579
-1.6457
-1.64561
-1.64584
-1.64638
-1.64603
-1.64585
-1.64523
-1.6451
-1.64513
-1.64519
-1.64528
-1.64525
-1.64495
-1.64514
-1.6455
-1.64576
-1.64574
-1.64605
-1.64594
-1.64602
-1.64627
-1.64654
-1.64669
-1.64715
-1.64747
-1.64796
-1.64845
-1.64834
-1.64807
-1.64855
-1.64871
-1.64917
-1.64945
-1.64957
-1.64966
-1.65002
-1.65037
-1.65099
-1.65128
-1.65124
-1.65149
-1.65201
-1.65205
-1.65177
-1.65163
-1.65192
-1.65204
-1.6523
-1.6524
-1.65264
-1.65226
-1.65188
-1.6515
-1.65142
-1.65103
-1.65049
-1.64995
-1.65017
-1.65039
-1.65002
-1.65009
-1.64972
-1.64966
-1.64975
-1.64969
-1.64933
-1.64929
-1.64925
-1.65012
-1.65009
-1.64976
-1.64958
-1.64956
-1.64954
-1.64907
-1.64936
-1.64905
-1.64889
-1.64889
-1.64903
-1.64918
-1.64903
-1.64903
-1.64888
-1.64874
-1.64814
-1.64814
-1.64785
-1.64741
-1.64757
-1.64774
-1.64776
-1.64793
-1.64781
-1.64784
-1.64772
-1.64746
-1.64721
-1.64741
-1.64763
-1.64739
-1.64747
-1.64771
-1.6478
-1.6473
-1.64742
-1.64754
-1.64737
-1.64797
-1.64827
-1.64858
-1.6489
-1.64908
-1.64881
-1.64915
-1.64935
-1.64924
-1.64929
-1.64964
-1.64984
-1.65004
-1.65008
-1.65012
-1.6506
-1.65062
-1.65094
-1.65109
-1.65108
-1.65075
-1.65071
-1.65096
-1.65103
-1.65095
-1.65114
-1.65087
-1.65118
-1.65118
-1.65116
-1.65097
-1.65122
-1.65115
-1.65107
-1.65082
-1.65056
-1.6509
-1.65062
-1.65048
-1.65034
-1.65004
-1.64959
-1.64944
-1.64943
-1.64928
-1.64913
-1.64929
-1.64869
-1.64841
-1.64827
-1.6483
-1.64819
-1.64809
-1.64815
-1.64792
-1.64785
-1.6478
-1.64775
-1.64803
-1.64801
-1.6477
-1.64771
-1.64773
-1.64791
-1.6484
-1.64891
-1.64912
-1.64903
-1.64941
-1.64949
-1.64942
-1.64951
-1.64945
-1.64984
-1.65009
-1.65018
-1.65027
-1.6502
-1.65059
-1.65052
-1.65059
-1.65081
-1.65087
-1.65077
-1.65066
-1.6507
-1.65058
-1.65045
-1.65092
-1.65107
-1.65092
-1.65077
-1.65121
-1.65104
-1.65102
-1.65099
-1.6505
-1.65077
-1.65089
-1.651
-1.65096
-1.65062
-1.65089
-1.65055
-1.65067
-1.65049
-1.65061
-1.65089
-1.65102
-1.65115
-1.65175
-1.65174
-1.65189
-1.65204
-1.65175
-1.65176
-1.65133
-1.65165
-1.65183
-1.65216
-1.6528
-1.65254
-1.65288
-1.65307
-1.65282
-1.65286
-1.65321
-1.65341
-1.65361
-1.65395
-1.65415
-1.65389
-1.65393
-1.65397
-1.65355
-1.65343
-1.65346
-1.65349
-1.65381
-1.65368
-1.65429
-1.6543
-1.654
-1.6543
-1.65369
-1.65383
-1.65366
-1.65364
-1.65331
-1.65328
-1.65355
-1.65367
-1.65378
-1.65373
-1.65353
-1.65363
-1.65373
-1.65337
-1.65346
-1.6534
-1.65303
-1.65312
-1.65274
-1.65267
-1.65245
-1.65268
-1.6523
-1.65237
-1.65229
-1.6519
-1.65181
-1.65173
-1.65209
-1.65215
-1.65221
-1.65226
-1.65232
-1.65207
-1.65211
-1.65186
-1.65175
-1.65149
-1.65137
-1.65156
-1.65099
-1.65041
-1.65089
-1.65077
-1.65003
-1.64975
-1.64991
-1.64977
-1.64963
-1.64949
-1.64934
-1.64919
-1.64949
-1.64934
-1.64933
-1.64917
-1.64856
-1.6481
-1.64793
-1.64762
-1.64745
-1.64728
-1.64711
-1.64709
-1.64708
-1.64736
-1.64704
-1.64703
-1.64701
-1.6467
-1.64654
-1.64653
-1.64638
-1.64622
-1.64547
-1.64517
-1.64487
-1.64473
-1.6449
-1.64477
-1.6445
-1.64453
-1.64442
-1.64431
-1.64391
-1.64397
-1.64389
-1.64412
-1.64405
-1.64399
-1.64379
-1.64375
-1.64372
-1.64385
-1.64384
-1.64414
-1.64399
-1.64356
-1.64359
-1.64393
-1.64443
-1.64465
-1.64442
-1.6445
-1.64429
-1.6447
-1.64512
-1.6454
-1.64569
-1.64583
-1.64614
-1.64585
-1.64618
-1.64636
-1.64595
-1.64615
-1.64621
-1.64657
-1.6468
-1.64687
-1.6468
-1.64703
-1.64727
-1.64721
-1.64715
-1.6474
-1.64794
-1.64789
-1.64798
-1.64837
-1.64846
-1.64869
-1.64893
-1.64885
-1.64892
-1.64898
-1.6492
-1.64925
-1.64914
-1.64918
-1.64905
-1.64937
-1.64923
-1.64923
-1.64952
-1.6495
-1.64961
-1.64957
-1.64951
-1.64945
-1.64952
-1.64943
-1.64933
-1.64968
-1.64955
-1.64972
-1.64973
-1.64988
-1.64987
-1.65
-1.65012
-1.64978
-1.64943
-1.64923
-1.64902
-1.64925
-1.64918
-1.6494
-1.64931
-1.64922
-1.64898
-1.64888
-1.64893
-1.64853
-1.64842
-1.64801
-1.64791
-1.64735
-1.6471
-1.64715
-1.64735
-1.64711
-1.64687
-1.64648
-1.64625
-1.64632
-1.6461
-1.64589
-1.64568
-1.64563
-1.64559
-1.64541
-1.64524
-1.64463
-1.64448
-1.64449
-1.64421
-1.64409
-1.64429
-1.64435
-1.64472
-1.6451
-1.64489
-1.64499
-1.64495
-1.64493
-1.64506
-1.64476
-1.64446
-1.64462
-1.64449
-1.64452
-1.64456
-1.64535
-1.64555
-1.64574
-1.64594
-1.64645
-1.6468
-1.64684
-1.64704
-1.64707
-1.64741
-1.64728
-1.64775
-1.64806
-1.64791
-1.6485
-1.64908
-1.64919
-1.64899
-1.64937
-1.64959
-1.64979
-1.64983
-1.6497
-1.6494
-1.64909
-1.64861
-1.64856
-1.64835
-1.64813
-1.64804
-1.64808
-1.64842
-1.64799
-1.6477
-1.64754
-1.64738
-1.64705
-1.64687
-1.64652
-1.64617
-1.64627
-1.64561
-1.64569
-1.64517
-1.6451
-1.64518
-1.64496
-1.6449
-1.64468
-1.64461
-1.64425
-1.6445
-1.64445
-1.64426
-1.64407
-1.64375
-1.64388
-1.64372
-1.64388
-1.64389
-1.64422
-1.6441
-1.644
-1.64391
-1.64383
-1.64392
-1.64387
-1.64367
-1.64365
-1.64363
-1.64393
-1.64439
-1.6441
-1.64428
-1.64417
-1.64422
-1.64413
-1.64434
-1.64457
-1.64465
-1.64459
-1.64483
-1.64463
-1.64488
-1.64484
-1.6448
-1.64492
-1.64504
-1.64516
-1.64528
-1.64555
-1.64537
-1.6458
-1.64592
-1.64619
-1.6463
-1.64657
-1.64713
-1.64754
-1.64764
-1.64774
-1.64768
-1.64791
-1.64815
-1.64807
-1.64798
-1.64819
-1.64824
-1.64828
-1.64801
-1.64804
-1.64836
-1.64837
-1.64837
-1.64837
-1.6479
-1.64803
-1.648
-1.64812
-1.64853
-1.64894
-1.64888
-1.64898
-1.64861
-1.64824
-1.64801
-1.64793
-1.64799
-1.6476
-1.64766
-1.64757
-1.64702
-1.64691
-1.64666
-1.6464
-1.64645
-1.64664
-1.64623
-1.64613
-1.64617
-1.64591
-1.64596
-1.6457
-1.64545
-1.6455
-1.64585
-1.64561
-1.64537
-1.64513
-1.6449
-1.64497
-1.6452
-1.64483
-1.64462
-1.64441
-1.64452
-1.64417
-1.64399
-1.64456
-1.64469
-1.64453
-1.64452
-1.64483
-1.64468
-1.6447
-1.64488
-1.64476
-1.64479
-1.64469
-1.64504
-1.64525
-1.64531
-1.64583
-1.64606
-1.64614
-1.64607
-1.64615
-1.64654
-1.64633
-1.64642
-1.64652
-1.64691
-1.64701
-1.64725
-1.64705
-1.64729
-1.64708
-1.64733
-1.64772
-1.64751
-1.64729
-1.64737
-1.6476
-1.64798
-1.64791
-1.64858
-1.64835
-1.64827
-1.64848
-1.64854
-1.6486
-1.64881
-1.64871
-1.64846
-1.64791
-1.64795
-1.6477
-1.64819
-1.64839
-1.64813
-1.64801
-1.64775
-1.64764
-1.64752
-1.64741
-1.64774
-1.64792
-1.64811
-1.64844
-1.64832
-1.64819
-1.64822
-1.64839
-1.64872
-1.64874
-1.64861
-1.64862
-1.64848
-1.64819
-1.64789
-1.64775
-1.6476
-1.64744
-1.64714
-1.64713
-1.64666
-1.6465
-1.64617
-1.646
-1.64583
-1.64565
-1.64562
-1.64574
-1.6457
-1.64566
-1.64578
-1.64574
-1.64585
-1.64626
-1.64622
-1.64587
-1.64583
-1.64564
-1.64576
-1.64572
-1.64568
-1.6455
-1.64577
-1.64559
-1.64572
-1.64554
-1.64537
-1.6452
-1.64504
-1.64502
-1.64516
-1.64544
-1.64513
-1.64527
-1.64585
-1.64569
-1.64567
-1.64549
-1.64532
-1.64528
-1.6451
-1.64491
-1.64471
-1.64451
-1.64415
-1.64378
-1.64401
-1.64409
-1.64416
-1.64437
-1.64442
-1.64372
-1.64377
-1.64381
-1.6437
-1.64359
-1.64317
-1.64261
-1.64249
-1.64252
-1.64241
-1.6426
-1.64264
-1.64269
-1.64274
-1.64295
-1.64316
-1.64338
-1.64346
-1.64339
-1.64348
-1.64357
-1.64368
-1.64379
-1.64361
-1.64359
-1.64403
-1.64417
-1.64417
-1.64403
-1.64375
-1.64407
-1.6438
-1.64399
-1.64388
-1.64408
-1.64429
-1.64435
-1.64396
-1.64419
-1.64426
-1.64404
-1.64398
-1.64377
-1.64341
-1.6432
-1.6436
-1.64416
-1.64396
-1.64407
-1.64388
-1.64384
-1.64381
-1.64377
-1.64374
-1.64401
-1.64413
-1.64455
-1.64498
-1.64495
-1.64492
-1.64488
-1.64515
-1.64467
-1.64478
-1.64474
-1.64501
-1.64526
-1.64522
-1.64532
-1.64556
-1.6458
-1.64573
-1.64627
-1.64634
-1.6461
-1.64631
-1.64681
-1.64685
-1.64719
-1.64752
-1.64753
-1.64754
-1.64723
-1.64707
-1.64704
-1.64747
-1.64727
-1.64707
-1.64762
-1.64755
-1.64732
-1.64738
-1.64729
-1.64733
-1.64722
-1.64726
-1.64698
-1.64686
-1.64733
-1.64704
-1.64645
-1.64601
-1.64571
-1.64572
-1.64573
-1.64544
-1.64546
-1.64533
-1.64566
-1.64554
-1.64543
-1.64563
-1.64524
-1.64516
-1.64509
-1.64519
-1.645
-1.64513
-1.64513
-1.64514
-1.64562
-1.64552
-1.64514
-1.64478
-1.64474
-1.64472
-1.64472
-1.64489
-1.64493
-1.64529
-1.64552
-1.64591
-1.64542
-1.64554
-1.64568
-1.64597
-1.64643
-1.64644
-1.64675
-1.64707
-1.64769
-1.64785
-1.64816
-1.64876
-1.6492
-1.64932
-1.65004
-1.65059
-1.65082
-1.65088
-1.65122
-1.65108
-1.65153
-1.65164
-1.65174
-1.65196
-1.65201
-1.65233
-1.65233
-1.65231
-1.65226
-1.65234
-1.65195
-1.65214
-1.65216
-1.65201
-1.65214
-1.65211
-1.65176
-1.65171
-1.65133
-1.65065
-1.65056
-1.65046
-1.65051
-1.64964
-1.64968
-1.64926
-1.64884
-1.64887
-1.64829
-1.64802
-1.6479
-1.64778
-1.64737
-1.64681
-1.64595
-1.6457
-1.64531
-1.64493
-1.64455
-1.64433
-1.64412
-1.64392
-1.64434
-1.64446
-1.64414
-1.64369
-1.64399
-1.64416
-1.64449
-1.64453
-1.64474
-1.6445
-1.64457
-1.64512
-1.64506
-1.64457
-1.64469
-1.64468
-1.64482
-1.64483
-1.64469
-1.64456
-1.64445
-1.64449
-1.64424
-1.644
-1.64437
-1.64475
-1.64468
-1.64507
-1.64516
-1.64556
-1.64566
-1.64577
-1.64618
-1.64614
-1.64611
-1.64653
-1.64696
-1.64738
-1.64765
-1.64793
-1.64821
-1.64833
-1.64861
-1.64919
-1.64901
-1.64929
-1.64941
-1.64953
-1.64995
-1.65007
-1.64989
-1.65016
-1.65042
-1.65053
-1.65079
-1.65075
-1.6507
-1.6511
-1.65104
-1.65083
-1.65092
-1.6513
-1.65107
-1.65114
-1.65151
-1.65142
-1.65162
-1.65197
-1.652
-1.65188
-1.6516
-1.65116
-1.65101
-1.651
-1.65098
-1.65126
-1.65122
-1.65117
-1.65126
-1.65134
-1.65126
-1.65087
-1.65076
-1.6508
-1.65082
-1.65068
-1.65039
-1.65038
-1.65036
-1.64973
-1.64924
-1.64919
-1.64883
-1.64861
-1.64854
-1.64861
-1.64822
-1.64797
-1.64772
-1.64791
-1.64764
-1.64692
-1.64695
-1.64697
-1.64684
-1.64656
-1.64613
-1.64569
-1.64571
-1.64527
-1.64514
-1.64486
-1.64458
-1.644
-1.64373
-1.64346
-1.6432
-1.64294
-1.64284
-1.64275
-1.64252
-1.64229
-1.64207
-1.64202
-1.64182
-1.64194
-1.64176
-1.6413
-1.64099
-1.64086
-1.64058
-1.64062
-1.64052
-1.64029
-1.64022
-1.63986
-1.64012
-1.64025
-1.64024
-1.63994
-1.63935
-1.63969
-1.63988
-1.63979
-1.63986
-1.63979
-1.63959
-1.63969
-1.63996
-1.63979
-1.64008
-1.64007
-1.63992
-1.64008
-1.6401
-1.64027
-1.6406
-1.64079
-1.64097
-1.64116
-1.6412
-1.64155
-1.64159
-1.64194
-1.64229
-1.64278
-1.64268
-1.64257
-1.64276
-1.64295
-1.64299
-1.64363
-1.64381
-1.64369
-1.64371
-1.64343
-1.64376
-1.64363
-1.64394
-1.64396
-1.64412
-1.64443
-1.64413
-1.64398
-1.64444
-1.64459
-1.64474
-1.64443
-1.64473
-1.64442
-1.64456
-1.64425
-1.64454
-1.64468
-1.64497
-1.64542
-1.64511
-1.6451
-1.64493
-1.64523
-1.64537
-1.64551
-1.64611
-1.64656
-1.64655
-1.64685
-1.647
-1.647
-1.64746
-1.64807
-1.64792
-1.64793
-1.64734
-1.6475
-1.64767
-1.64829
-1.64846
-1.64863
-1.64896
-1.64914
-1.64932
-1.6495
-1.64969
-1.64988
-1.64992
-1.64981
-1.65016
-1.65036
-1.65071
-1.65136
-1.65142
-1.65147
-1.65183
-1.65188
-1.65224
-1.65244
-1.6531
-1.65284
-1.65304
-1.65339
-1.65358
-1.65361
-1.65394
-1.65427
-1.65428
-1.65459
-1.65504
-1.65533
-1.65546
-1.65558
-1.65584
-1.65578
-1.65571
-1.65548
-1.65583
-1.65602
-1.65605
-1.65576
-1.65576
-1.65544
-1.6551
-1.65475
-1.65514
-1.65462
-1.65423
-1.65412
-1.65431
-1.65373
-1.6539
-1.65375
-1.65374
-1.65373
-1.6534
-1.65277
-1.65257
-1.65223
-1.65172
-1.65136
-1.65115
-1.65108
-1.65072
-1.6505
-1.65012
-1.65036
-1.64998
-1.64931
-1.64909
-1.64903
-1.64926
-1.64951
-1.64915
-1.64924
-1.64904
-1.64915
-1.64865
-1.64816
-1.64813
-1.6481
-1.64793
-1.64776
-1.64745
-1.64714
-1.64699
-1.64655
-1.64641
-1.64642
-1.64675
-1.64647
-1.64636
-1.64639
-1.64628
-1.64648
-1.64653
-1.64659
-1.6465
-1.64611
-1.64618
-1.6461
-1.64633
-1.64656
-1.64665
-1.64704
-1.64728
-1.64707
-1.64686
-1.64651
-1.64676
-1.64626
-1.64637
-1.64633
-1.64628
-1.64624
-1.64635
-1.64616
-1.64627
-1.64637
-1.64648
-1.64689
-1.64654
-1.64634
-1.64599
-1.64593
-1.64572
-1.64581
-1.6456
-1.64538
-1.645
-1.64478
-1.64439
-1.64461
-1.64482
-1.64457
-1.64447
-1.64437
-1.64442
-1.64431
-1.64419
-1.64393
-1.64351
-1.64339
-1.64296
-1.64254
-1.64257
-1.64245
-1.64233
-1.64251
-1.6427
-1.64274
-1.64264
-1.64208
-1.64169
-1.6416
-1.64151
-1.64159
-1.64168
-1.64147
-1.64112
-1.64123
-1.64105
-1.64073
-1.64087
-1.64088
-1.64135
-1.64168
-1.64171
-1.64146
-1.64167
-1.64175
-1.64168
-1.64193
-1.64203
-1.64245
-1.64257
-1.64301
-1.64315
-1.6433
-1.64331
-1.64332
-1.64425
-1.64427
-1.64445
-1.64448
-1.64436
-1.6444
-1.64474
-1.64508
-1.64557
-1.64575
-1.64609
-1.64581
-1.64599
-1.64616
-1.64647
-1.64648
-1.64678
-1.64738
-1.64737
-1.6478
-1.64777
-1.64788
-1.64768
-1.64763
-1.64741
-1.64734
-1.6474
-1.64776
-1.64766
-1.64739
-1.64757
-1.64805
-1.64806
-1.64807
-1.64806
-1.64775
-1.64789
-1.64786
-1.64768
-1.6475
-1.64715
-1.64741
-1.64721
-1.64716
-1.64756
-1.6475
-1.64759
-1.64738
-1.64718
-1.64727
-1.64721
-1.64716
-1.64756
-1.64735
-1.64731
-1.64711
-1.64768
-1.64779
-1.64746
-1.64743
-1.64756
-1.6477
-1.64815
-1.6483
-1.64831
-1.64832
-1.64834
-1.64852
-1.6487
-1.64875
-1.64925
-1.6493
-1.64906
-1.64853
-1.64875
-1.64899
-1.64907
-1.64871
-1.64896
-1.64906
-1.64917
-1.64942
-1.64954
-1.6498
-1.65022
-1.65019
-1.65016
-1.65058
-1.65085
-1.65098
-1.65125
-1.65137
-1.65194
-1.65191
-1.65218
-1.65229
-1.6527
-1.65281
-1.65306
-1.65301
-1.65326
-1.65351
-1.65405
-1.65413
-1.65436
-1.65444
-1.65436
-1.65442
-1.65433
-1.65439
-1.65413
-1.65463
-1.65452
-1.65486
-1.6552
-1.65523
-1.65509
-1.65541
-1.65543
-1.65558
-1.65574
-1.65574
-1.65588
-1.65572
-1.6554
-1.65508
-1.65476
-1.65458
-1.6547
-1.65482
-1.65523
-1.65549
-1.65545
-1.65555
-1.6555
-1.65574
-1.65584
-1.65578
-1.65571
-1.65564
-1.65572
-1.65595
-1.65573
-1.65535
-1.65526
-1.65518
-1.65539
-1.65545
-1.65521
-1.65511
-1.65456
-1.6543
-1.65435
-1.65424
-1.65367
-1.65355
-1.65343
-1.65316
-1.65303
-1.6529
-1.65246
-1.65218
-1.65204
-1.65189
-1.65175
-1.65129
-1.65114
-1.65098
-1.65083
-1.65082
-1.6502
-1.65004
-1.64973
-1.64956
-1.64939
-1.64938
-1.64937
-1.64935
-1.64888
-1.64917
-1.64886
-1.6487
-1.64839
-1.64779
-1.64749
-1.64719
-1.64705
-1.64722
-1.64708
-1.64696
-1.64669
-1.64642
-1.64601
-1.64622
-1.64567
-1.64574
-1.64566
-1.64605
-1.64614
-1.64608
-1.64604
-1.64615
-1.64612
-1.6461
-1.64609
-1.64608
-1.64548
-1.6458
-1.64567
-1.64494
-1.64482
-1.64501
-1.64521
-1.64526
-1.64531
-1.64553
-1.64575
-1.64597
-1.6459
-1.64583
-1.64591
-1.64585
-1.64594
-1.64633
-1.64673
-1.64668
-1.64649
-1.64644
-1.647
-1.64726
-1.64753
-1.64779
-1.64791
-1.64803
-1.64785
-1.64767
-1.64795
-1.64808
-1.64807
-1.6479
-1.64789
-1.64819
-1.64849
-1.6494
-1.6497
-1.65016
-1.65003
-1.65019
-1.65036
-1.65053
-1.65116
-1.65149
-1.65166
-1.652
-1.65203
-1.65221
-1.65254
-1.65272
-1.65305
-1.65338
-1.65356
-1.65358
-1.6542
-1.65497
-1.65438
-1.65468
-1.65513
-1.65513
-1.65511
-1.65524
-1.65552
-1.65549
-1.6556
-1.65585
-1.6558
-1.65604
-1.65597
-1.6559
-1.65612
-1.65633
-1.65639
-1.65615
-1.65635
-1.65624
-1.65629
-1.65678
-1.65712
-1.65701
-1.65704
-1.65707
-1.65725
-1.65729
-1.65732
-1.6572
-1.65738
-1.65757
-1.6576
-1.65763
-1.65767
-1.65786
-1.65804
-1.65778
-1.65797
-1.65785
-1.65744
-1.65762
-1.65766
-1.658
-1.65788
-1.65821
-1.65853
-1.6581
-1.65842
-1.65768
-1.65724
-1.65709
-1.65755
-1.65739
-1.65722
-1.65645
-1.65627
-1.65638
-1.65664
-1.65659
-1.65683
-1.656
-1.65562
-1.65539
-1.65529
-1.65519
-1.65523
-1.65496
-1.65498
-1.65469
-1.6544
-1.65425
-1.65409
-1.65347
-1.65299
-1.65251
-1.65247
-1.65197
-1.65177
-1.65142
-1.65181
-1.6519
-1.65154
-1.65132
-1.65124
-1.65071
-1.65034
-1.65025
-1.65032
-1.65009
-1.64971
-1.64962
-1.64939
-1.64901
-1.64908
-1.64885
-1.64908
-1.64856
-1.64849
-1.64843
-1.64852
-1.64832
-1.64812
-1.64838
-1.64819
-1.64816
-1.64784
-1.64737
-1.64752
-1.64706
-1.64707
-1.64664
-1.64622
-1.64625
-1.64615
-1.64605
-1.64627
-1.64649
-1.64598
-1.64592
-1.64633
-1.64614
-1.64596
-1.64625
-1.64639
-1.64654
-1.6461
-1.64597
-1.64599
-1.64572
-1.64561
-1.64596
-1.64587
-1.64593
-1.64599
-1.64591
-1.64629
-1.64576
-1.646
-1.64638
-1.64662
-1.64655
-1.64679
-1.64688
-1.64772
-1.64781
-1.6479
-1.64798
-1.64806
-1.6483
-1.64853
-1.64875
-1.64883
-1.64905
-1.64867
-1.64889
-1.64926
-1.64947
-1.64909
-1.6493
-1.64921
-1.64942
-1.64918
-1.64923
-1.64929
-1.64995
-1.65016
-1.65022
-1.65013
-1.65004
-1.64995
-1.65047
-1.65038
-1.65044
-1.6505
-1.64997
-1.64988
-1.6501
-1.65018
-1.6507
-1.65108
-1.65131
-1.652
-1.65179
-1.65158
-1.65183
-1.65193
-1.65203
-1.65199
-1.65211
-1.65164
-1.65192
-1.65221
-1.65251
-1.65252
-1.65284
-1.65301
-1.65289
-1.65308
-1.65313
-1.65333
-1.65324
-1.65375
-1.65367
-1.65389
-1.65381
-1.65403
-1.65425
-1.65477
-1.65498
-1.65503
-1.65538
-1.65587
-1.65605
-1.65652
-1.65652
-1.65665
-1.65708
-1.65703
-1.65712
-1.65719
-1.6574
-1.65728
-1.65745
-1.6573
-1.65759
-1.65755
-1.6575
-1.65744
-1.65735
-1.6568
-1.65669
-1.65626
-1.65672
-1.65671
-1.65655
-1.65637
-1.65617
-1.65597
-1.65531
-1.65463
-1.65441
-1.65417
-1.65377
-1.65337
-1.65252
-1.65241
-1.6523
-1.65188
-1.65206
-1.65149
-1.65047
-1.65021
-1.64994
-1.64938
-1.64897
-1.64918
-1.64894
-1.64841
-1.64819
-1.64753
-1.64718
-1.6473
-1.64699
-1.64714
-1.64686
-1.64691
-1.64651
-1.64615
-1.64595
-1.64562
-1.64593
-1.6458
-1.64569
-1.64561
-1.64585
-1.64596
-1.64578
-1.64607
-1.64653
-1.6464
-1.64674
-1.64692
-1.64712
-1.64732
-1.64707
-1.64712
-1.64762
-1.64796
-1.6483
-1.64863
-1.64894
-1.64894
-1.64923
-1.6498
-1.65005
-1.65014
-1.65036
-1.65072
-1.65076
-1.65078
-1.65063
-1.65062
-1.65075
-1.65072
-1.65067
-1.65016
-1.64995
-1.64957
-1.6498
-1.64956
-1.64948
-1.64954
-1.64915
-1.64922
-1.64898
-1.64906
-1.64898
-1.64861
-1.6487
-1.64849
-1.64814
-1.6481
-1.64822
-1.6479
-1.64774
-1.64759
-1.64714
-1.64701
-1.64735
-1.64754
-1.64759
-1.64734
-1.64756
-1.64764
-1.64742
-1.64751
-1.64791
-1.64786
-1.64811
-1.64838
-1.64849
-1.64861
-1.64857
-1.64899
-1.64881
-1.64923
-1.64965
-1.64991
-1.65017
-1.65058
-1.65053
-1.65048
-1.65087
-1.65111
-1.65149
-1.65156
-1.65163
-1.65153
-1.65113
-1.65101
-1.65105
-1.65122
-1.65093
-1.65078
-1.65154
-1.65168
-1.65151
-1.65163
-1.65144
-1.6517
-1.65164
-1.65188
-1.6515
-1.65157
-1.65164
-1.65184
-1.65204
-1.65223
-1.65181
-1.65184
-1.65171
-1.65172
-1.65172
-1.65173
-1.65112
-1.65095
-1.65079
-1.65046
-1.65013
-1.6501
-1.65007
-1.64912
-1.64908
-1.64889
-1.64853
-1.64818
-1.64783
-1.64762
-1.64741
-1.64721
-1.64685
-1.64664
-1.64598
-1.64592
-1.64571
-1.64536
-1.6453
-1.6451
-1.6452
-1.6444
-1.64421
-1.64402
-1.64353
-1.6435
-1.64332
-1.6436
-1.64328
-1.64327
-1.64312
-1.64282
-1.64268
-1.64254
-1.64227
-1.6423
-1.64234
-1.64224
-1.64185
-1.64192
-1.6417
-1.64163
-1.64173
-1.64154
-1.64151
-1.64164
-1.64148
-1.64132
-1.64103
-1.6412
-1.64139
-1.64158
-1.64164
-1.64155
-1.64193
-1.64201
-1.64211
-1.64206
-1.64217
-1.6423
-1.64228
-1.64226
-1.64241
-1.64257
-1.64288
-1.6429
-1.64307
-1.64356
-1.64359
-1.64378
-1.64368
-1.64373
-1.64424
-1.64475
-1.64541
-1.64578
-1.6463
-1.64652
-1.64659
-1.64681
-1.64689
-1.64726
-1.64764
-1.64817
-1.6481
-1.64848
-1.64855
-1.64878
-1.64885
-1.64923
-1.64945
-1.64953
-1.6496
-1.64906
-1.64898
-1.64904
-1.64971
-1.64977
-1.64997
-1.65003
-1.65038
-1.65087
-1.65076
-1.65109
-1.65112
-1.65145
-1.65161
-1.65162
-1.65162
-1.65176
-1.6522
-1.65263
-1.65276
-1.65272
-1.65252
-1.65292
-1.65316
-1.65339
-1.65331
-1.65337
-1.65387
-1.65422
-1.65441
-1.65443
-1.6546
-1.65477
-1.65477
-1.65492
-1.65506
-1.65475
-1.65518
-1.65515
-1.65527
-1.65523
-1.65519
-1.65514
-1.65494
-1.65443
-1.65468
-1.65431
-1.6544
-1.65433
-1.65441
-1.65419
-1.65441
-1.65449
-1.65426
-1.65388
-1.6541
-1.65402
-1.65409
-1.654
-1.65392
-1.65399
-1.65421
-1.65397
-1.65389
-1.6535
-1.65357
-1.65349
-1.65326
-1.65332
-1.65324
-1.65316
-1.65263
-1.65255
-1.65202
-1.6518
-1.65187
-1.6524
-1.65233
-1.65151
-1.65159
-1.65183
-1.65191
-1.652
-1.65209
-1.65233
-1.65227
-1.65206
-1.6523
-1.65239
-1.65218
-1.65198
-1.65177
-1.65171
-1.65151
-1.65145
-1.6514
-1.65104
-1.65098
-1.65108
-1.65057
-1.65037
-1.65046
-1.6501
-1.6499
-1.65014
-1.65023
-1.65017
-1.65042
-1.65081
-1.6506
-1.65084
-1.65108
-1.65086
-1.65065
-1.65058
-1.65097
-1.65121
-1.65129
-1.65137
-1.6516
-1.65138
-1.65146
-1.65123
-1.65086
-1.65093
-1.65085
-1.65047
-1.65054
-1.65015
-1.65006
-1.64997
-1.65018
-1.65009
-1.65014
-1.64974
-1.64963
-1.64983
-1.64942
-1.6493
-1.64934
-1.64922
-1.64894
-1.64866
-1.64853
-1.6484
-1.64811
-1.64767
-1.64768
-1.64753
-1.64739
-1.64739
-1.64724
-1.64709
-1.64709
-1.64709
-1.64724
-1.64709
-1.64695
-1.6465
-1.64636
-1.64577
-1.64595
-1.64598
-1.64571
-1.64545
-1.64565
-1.64587
-1.64594
-1.64572
-1.64582
-1.64593
-1.6462
-1.64619
-1.64604
-1.64606
-1.6464
-1.64645
-1.64592
-1.646
-1.64611
-1.64623
-1.64652
-1.64622
-1.64624
-1.64597
-1.64618
-1.6464
-1.64678
-1.64688
-1.64698
-1.6474
-1.64738
-1.64767
-1.64767
-1.64797
-1.64797
-1.64844
-1.6492
-1.64952
-1.64968
-1.65014
-1.65029
-1.65044
-1.65074
-1.65103
-1.65161
-1.65188
-1.65123
-1.65118
-1.65157
-1.6518
-1.65186
-1.65206
-1.65225
-1.65213
-1.65229
-1.6523
-1.65229
-1.65242
-1.65269
-1.65279
-1.65304
-1.65313
-1.65321
-1.65328
-1.65334
-1.6537
-1.6539
-1.65394
-1.65398
-1.65416
-1.65434
-1.65406
-1.65393
-1.65409
-1.65395
-1.65381
-1.65397
-1.65397
-1.65413
-1.65397
-1.65397
-1.65396
-1.6541
-1.65424
-1.65438
-1.65466
-1.65434
-1.65431
-1.65459
-1.65456
-1.65452
-1.65434
-1.65399
-1.6538
-1.65375
-1.65355
-1.65319
-1.65314
-1.65292
-1.6524
-1.65218
-1.65196
-1.65173
-1.6518
-1.65187
-1.65178
-1.65184
-1.6519
-1.6518
-1.65155
-1.6516
-1.6518
-1.65139
-1.65097
-1.65071
-1.65059
-1.65017
-1.6499
-1.65007
-1.65025
-1.65027
-1.64984
-1.64986
-1.64987
-1.64943
-1.64929
-1.64945
-1.6493
-1.64885
-1.6487
-1.64854
-1.64884
-1.64853
-1.64837
-1.64851
-1.64819
-1.64772
-1.64831
-1.64784
-1.64827
-1.64749
-1.64732
-1.64714
-1.64681
-1.64664
-1.64616
-1.64643
-1.6461
-1.64607
-1.6465
-1.64632
-1.64555
-1.64583
-1.64596
-1.64625
-1.64609
-1.64578
-1.64563
-1.64518
-1.64519
-1.64475
-1.64507
-1.64525
-1.64514
-1.64518
-1.64509
-1.6453
-1.64538
-1.64516
-1.6451
-1.6449
-1.64441
-1.64468
-1.64467
-1.64467
-1.64452
-1.64484
-1.64488
-1.64492
-1.64513
-1.64489
-1.64542
-1.64582
-1.64577
-1.64588
-1.64585
-1.64613
-1.64643
-1.64643
-1.64644
-1.64676
-1.64663
-1.64696
-1.64685
-1.64734
-1.64769
-1.6479
-1.64795
-1.64831
-1.64867
-1.64874
-1.64925
-1.64916
-1.64877
-1.64914
-1.64935
-1.64955
-1.64961
-1.64996
-1.65001
-1.6499
-1.64994
-1.65043
-1.65061
-1.65049
-1.65097
-1.65114
-1.6513
-1.65146
-1.65161
-1.65176
-1.65191
-1.6522
-1.65218
-1.65247
-1.65275
-1.65257
-1.65254
-1.65312
-1.65278
-1.6529
-1.65286
-1.65297
-1.65308
-1.65303
-1.65344
-1.65385
-1.6538
-1.65405
-1.65385
-1.65395
-1.65405
-1.65399
-1.65393
-1.65387
-1.65381
-1.6539
-1.65413
-1.65406
-1.65383
-1.6542
-1.65426
-1.65462
-1.65437
-1.65426
-1.6543
-1.65448
-1.65466
-1.65482
-1.65483
-1.65468
-1.65527
-1.65511
-1.65538
-1.65505
-1.6547
-1.6551
-1.65474
-1.65467
-1.65444
-1.65375
-1.65397
-1.65387
-1.65361
-1.65335
-1.65338
-1.65311
-1.65313
-1.65316
-1.65287
-1.65288
-1.6529
-1.65306
-1.65307
-1.65292
-1.65278
-1.65279
-1.6528
-1.65281
-1.65313
-1.65285
-1.65272
-1.65289
-1.65262
-1.65281
-1.65224
-1.65183
-1.65219
-1.65225
-1.65201
-1.65193
-1.65171
-1.65149
-1.65143
-1.65123
-1.65119
-1.6513
-1.65097
-1.65095
-1.65078
-1.65047
-1.65047
-1.65047
-1.65048
-1.65034
-1.65051
-1.65023
-1.65056
-1.65044
-1.65077
-1.65065
-1.65038
-1.65011
-1.64969
-1.64941
-1.64974
-1.64962
-1.64964
-1.64951
-1.65012
-1.64983
-1.64968
-1.64968
-1.64998
-1.64996
-1.64979
-1.64976
-1.64973
-1.64954
-1.64919
-1.64899
-1.64893
-1.64963
-1.64956
-1.64949
-1.64987
-1.64978
-1.65
-1.65037
-1.65028
-1.64989
-1.64949
-1.6497
-1.64946
-1.65012
-1.65004
-1.6498
-1.64987
-1.64979
-1.64957
-1.64966
-1.6493
-1.64894
-1.64875
-1.64857
-1.6487
-1.64868
-1.64868
-1.64884
-1.64871
-1.64844
-1.64834
-1.64855
-1.64847
-1.64871
-1.64865
-1.64876
-1.64889
-1.64857
-1.64872
-1.64858
-1.64875
-1.64939
-1.64958
-1.64978
-1.65029
-1.65066
-1.65133
-1.65141
-1.65149
-1.65158
-1.65181
-1.65205
-1.65198
-1.65237
-1.65214
-1.65222
-1.65259
-1.65265
-1.65286
-1.65321
-1.65309
-1.65342
-1.65343
-1.65374
-1.65343
-1.65355
-1.65397
-1.65407
-1.65416
-1.65438
-1.65459
-1.65449
-1.65467
-1.65469
-1.65469
-1.65453
-1.65466
-1.65493
-1.65473
-1.65483
-1.65491
-1.65469
-1.6543
-1.65375
-1.65364
-1.65338
-1.65341
-1.65343
-1.6533
-1.65301
-1.65286
-1.65241
-1.65179
-1.65148
-1.65131
-1.65129
-1.65127
-1.65094
-1.65106
-1.65057
-1.65069
-1.6508
-1.65106
-1.65117
-1.65113
-1.65123
-1.65119
-1.65099
-1.65095
-1.6506
-1.65071
-1.65066
-1.65062
-1.65013
-1.64963
-1.64975
-1.64972
-1.64984
-1.64981
-1.64918
-1.64901
-1.64854
-1.64884
-1.64868
-1.64824
-1.64795
-1.64782
-1.64785
-1.64773
-1.64779
-1.64755
-1.64778
-1.64802
-1.64828
-1.64825
-1.64824
-1.64825
-1.64872
-1.64861
-1.64852
-1.64845
-1.64871
-1.64883
-1.64942
-1.64913
-1.64932
-1.64967
-1.65004
-1.65042
-1.65067
-1.65109
-1.65122
-1.6515
-1.65149
-1.65134
-1.6521
-1.6524
-1.65226
-1.65271
-1.65285
-1.65314
-1.65327
-1.65354
-1.65379
-1.65388
-1.65426
-1.65432
-1.65482
-1.655
-1.65531
-1.65606
-1.65618
-1.65644
-1.65654
-1.65662
-1.65653
-1.65688
-1.65737
-1.65739
-1.6571
-1.65695
-1.65708
-1.65691
-1.65673
-1.65684
-1.65694
-1.65719
-1.65697
-1.6569
-1.65698
-1.6569
-1.65681
-1.65657
-1.65632
-1.65621
-1.65611
-1.65554
-1.65527
-1.65515
-1.65502
-1.65504
-1.65521
-1.65476
-1.65522
-1.65507
-1.65492
-1.65461
-1.65459
-1.65458
-1.65426
-1.65469
-1.65451
-1.65433
-1.65354
-1.65335
-1.65301
-1.65297
-1.65323
-1.65364
-1.65374
-1.65354
-1.65334
-1.65329
-1.65309
-1.65273
-1.65314
-1.65294
-1.6532
-1.65285
-1.65251
-1.65217
-1.65184
-1.65166
-1.65163
-1.65161
-1.6516
-1.65159
-1.65113
-1.65114
-1.65115
-1.65087
-1.65074
-1.65033
-1.65022
-1.65028
-1.65034
-1.65026
-1.65004
-1.64997
-1.64977
-1.64987
-1.64998
-1.65025
-1.65098
-1.65096
-1.65124
-1.65123
-1.65107
-1.65106
-1.65091
-1.6509
-1.6509
-1.65119
-1.65134
-1.65148
-1.65131
-1.65115
-1.65098
-1.65066
-1.65048
-1.6506
-1.65072
-1.65023
-1.65004
-1.65015
-1.64995
-1.64976
-1.64925
-1.64905
-1.64931
-1.64971
-1.64937
-1.64902
-1.64883
-1.64894
-1.64891
-1.64858
-1.64871
-1.64869
-1.64838
-1.64838
-1.64809
-1.64826
-1.64813
-1.64771
-1.64791
-1.64796
-1.64818
-1.64825
-1.64848
-1.64827
-1.64867
-1.64878
-1.64904
-1.64886
-1.64884
-1.64958
-1.64957
-1.64987
-1.64987
-1.64988
-1.64988
-1.65004
-1.6499
-1.65006
-1.65038
-1.65054
-1.65086
-1.65132
-1.65148
-1.65149
-1.65164
-1.65224
-1.65254
-1.65283
-1.65282
-1.6528
-1.65293
-1.6529
-1.65316
-1.65342
-1.65306
-1.65316
-1.65355
-1.65347
-1.65355
-1.65346
-1.65367
-1.65387
-1.65361
-1.65426
-1.65429
-1.65432
-1.65449
-1.65435
-1.65451
-1.65392
-1.65422
-1.65392
-1.65406
-1.65451
-1.65435
-1.65434
-1.65417
-1.65431
-1.65445
-1.65444
-1.65442
-1.65381
-1.6538
-1.65394
-1.65379
-1.65378
-1.65333
-1.65334
-1.65319
-1.65335
-1.65307
-1.65339
-1.65356
-1.65344
-1.65362
-1.65366
-1.65339
-1.65329
-1.65333
-1.65278
-1.65269
-1.65259
-1.65265
-1.65272
-1.65294
-1.65316
-1.65308
-1.65315
-1.65323
-1.65346
-1.65353
-1.65331
-1.6537
-1.65377
-1.6534
-1.65348
-1.65296
-1.65304
-1.65327
-1.6532
-1.65312
-1.65336
-1.65358
-1.65381
-1.65404
-1.65382
-1.65389
-1.65351
-1.65359
-1.65396
-1.65404
-1.65411
-1.65434
-1.65411
-1.65433
-1.65411
-1.65433
-1.65456
-1.65433
-1.6544
-1.65493
-1.65471
-1.65463
-1.65471
-1.65493
-1.6547
-1.65477
-1.65454
-1.65491
-1.65497
-1.65503
-1.65494
-1.65499
-1.65474
-1.65508
-1.65481
-1.65484
-1.65502
-1.65488
-1.65473
-1.65503
-1.65501
-1.65499
-1.65541
-1.65537
-1.65546
-1.65555
-1.65532
-1.65538
-1.65543
-1.65577
-1.65594
-1.65566
-1.65566
-1.65536
-1.65519
-1.65487
-1.65498
-1.65434
-1.65383
-1.65363
-1.65356
-1.65334
-1.65296
-1.65318
-1.65295
-1.65256
-1.65277
-1.65253
-1.65243
-1.65204
-1.65149
-1.6511
-1.65085
-1.65016
-1.64992
-1.64999
-1.64976
-1.64954
-1.64917
-1.64911
-1.64875
-1.64856
-1.64837
-1.64818
-1.64801
-1.6474
-1.64724
-1.6468
-1.64697
-1.64715
-1.64704
-1.64664
-1.6464
-1.64617
-1.6464
-1.64635
-1.64615
-1.64627
-1.6464
-1.64623
-1.64638
-1.64639
-1.6458
-1.64568
-1.64586
-1.64576
-1.64581
-1.64586
-1.64623
-1.6466
-1.64637
-1.64644
-1.64683
-1.64661
-1.64639
-1.64678
-1.64671
-1.6462
-1.64613
-1.64622
-1.6463
-1.64653
-1.64616
-1.64638
-1.64646
-1.64667
-1.64674
-1.6465
-1.6464
-1.64676
-1.64696
-1.64685
-1.6472
-1.64769
-1.64803
-1.64761
-1.64779
-1.64766
-1.64769
-1.64771
-1.64774
-1.64776
-1.64778
-1.64766
-1.64738
-1.64726
-1.64729
-1.64732
-1.64751
-1.6474
-1.64729
-1.64735
-1.64756
-1.64717
-1.64694
-1.64687
-1.64695
-1.64734
-1.64714
-1.64725
-1.64751
-1.64733
-1.64791
-1.64835
-1.64849
-1.64893
-1.64893
-1.64892
-1.64923
-1.64893
-1.64923
-1.64938
-1.64923
-1.64953
-1.64953
-1.64936
-1.6495
-1.64993
-1.6502
-1.65047
-1.65058
-1.65052
-1.65031
-1.65099
-1.65091
-1.65066
-1.65071
-1.65105
-1.65078
-1.65079
-1.6508
-1.65064
-1.65048
-1.65091
-1.65088
-1.65099
-1.65109
-1.65088
-1.65097
-1.6512
-1.65097
-1.65059
-1.6502
-1.6498
-1.64925
-1.64945
-1.64935
-1.64894
-1.64868
-1.64872
-1.64845
-1.64834
-1.64777
-1.64796
-1.64754
-1.64728
-1.64731
-1.6472
-1.64693
-1.64637
-1.64611
-1.64601
-1.6462
-1.64595
-1.64586
-1.64531
-1.64537
-1.64499
-1.64491
-1.64484
-1.64462
-1.64396
-1.64391
-1.64416
-1.64428
-1.64455
-1.64423
-1.64406
-1.64406
-1.64406
-1.64393
-1.64426
-1.64429
-1.64449
-1.64439
-1.6446
-1.64483
-1.6446
-1.64439
-1.64434
-1.6446
-1.64441
-1.64453
-1.6445
-1.64479
-1.64492
-1.64566
-1.64596
-1.64641
-1.6464
-1.6464
-1.6461
-1.64625
-1.6467
-1.64655
-1.6467
-1.6467
-1.64685
-1.64745
-1.6473
-1.647
-1.647
-1.6467
-1.64685
-1.64685
-1.64716
-1.64732
-1.64733
-1.64794
-1.64842
-1.64859
-1.64876
-1.6494
-1.64927
-1.64961
-1.6501
-1.65013
-1.65017
-1.65051
-1.65084
-1.65042
-1.6506
-1.65107
-1.65109
-1.65094
-1.65078
-1.65106
-1.65088
-1.65114
-1.65108
-1.65131
-1.65122
-1.65141
-1.65144
-1.65129
-1.65113
-1.65095
-1.6509
-1.65113
-1.6509
-1.65079
-1.65068
-1.65084
-1.65069
-1.65008
-1.6499
-1.64986
-1.64966
-1.64975
-1.64983
-1.6499
-1.64981
-1.64972
-1.64963
-1.64938
-1.64942
-1.64917
-1.64831
-1.64805
-1.64795
-1.64754
-1.64729
-1.64705
-1.6468
-1.64656
-1.64633
-1.6458
-1.64528
-1.64537
-1.64501
-1.64512
-1.64463
-1.64444
-1.64427
-1.64396
-1.64381
-1.64366
-1.64338
-1.64311
-1.6433
-1.6432
-1.64326
-1.64303
-1.64281
-1.64276
-1.64286
-1.64298
-1.64266
-1.64295
-1.64325
-1.64372
-1.64344
-1.64302
-1.64321
-1.64326
-1.64348
-1.6434
-1.64348
-1.64387
-1.64381
-1.64392
-1.64403
-1.64369
-1.64412
-1.6444
-1.64438
-1.64436
-1.64495
-1.64524
-1.64537
-1.64566
-1.64565
-1.64594
-1.64577
-1.64605
-1.64618
-1.6463
-1.64642
-1.64653
-1.64664
-1.64674
-1.64698
-1.64707
-1.647
-1.64692
-1.64698
-1.64689
-1.64694
-1.64668
-1.64672
-1.6469
-1.64708
-1.6471
-1.64726
-1.64697
-1.64698
-1.64698
-1.64683
-1.64668
-1.64638
-1.64668
-1.64683
-1.64637
-1.64637
-1.64607
-1.64608
-1.64609
-1.64655
-1.64611
-1.64613
-1.64661
-1.64663
-1.64651
-1.64684
-1.64703
-1.64707
-1.64696
-1.64715
-1.64704
-1.64693
-1.64697
-1.64686
-1.64705
-1.64694
-1.64682
-1.647
-1.64703
-1.6469
-1.64692
-1.64739
-1.64725
-1.6474
-1.6474
-1.6471
-1.64724
-1.64752
-1.6475
-1.64747
-1.6479
-1.64771
-1.64812
-1.64838
-1.64863
-1.64828
-1.64837
-1.64877
-1.64886
-1.64879
-1.64872
-1.6485
-1.64842
-1.64789
-1.64782
-1.64759
-1.64766
-1.64712
-1.64674
-1.64681
-1.64657
-1.64649
-1.64671
-1.64647
-1.64654
-1.64646
-1.64653
-1.64691
-1.64668
-1.64676
-1.64639
-1.64617
-1.64641
-1.6459
-1.64614
-1.64594
-1.64589
-1.64584
-1.64564
-1.64575
-1.64602
-1.64613
-1.64625
-1.64592
-1.6462
-1.64602
-1.646
-1.64597
-1.64595
-1.64578
-1.64591
-1.64619
-1.64632
-1.64661
-1.64689
-1.64672
-1.647
-1.64728
-1.64725
-1.64708
-1.64767
-1.64765
-1.64763
-1.64746
-1.6476
-1.6479
-1.64805
-1.6479
-1.64821
-1.64808
-1.64766
-1.648
-1.6482
-1.64811
-1.64819
-1.64858
-1.64884
-1.64911
-1.64939
-1.64954
-1.6497
-1.64973
-1.65007
-1.65073
-1.65064
-1.65087
-1.65095
-1.65119
-1.65113
-1.65138
-1.65148
-1.65202
-1.65226
-1.65265
-1.65272
-1.65262
-1.65266
-1.65329
-1.65375
-1.65374
-1.65385
-1.65424
-1.65446
-1.65449
-1.65435
-1.65448
-1.65429
-1.65406
-1.65411
-1.65429
-1.65429
-1.65412
-1.65392
-1.65386
-1.65362
-1.65367
-1.65325
-1.65311
-1.65221
-1.6519
-1.65143
-1.65125
-1.65107
-1.65058
-1.65053
-1.64988
-1.64938
-1.64919
-1.64899
-1.6485
-1.64815
-1.64797
-1.64763
-1.64715
-1.64698
-1.64652
-1.64666
-1.64606
-1.64562
-1.64503
-1.64445
-1.64419
-1.64378
-1.64369
-1.6436
-1.64352
-1.64331
-1.6431
-1.64245
-1.64227
-1.64255
-1.64254
-1.64224
-1.64225
-1.64197
-1.64186
-1.6416
-1.64166
-1.64128
-1.64137
-1.64117
-1.64128
-1.6414
-1.64139
-1.64138
-1.64155
-1.64127
-1.64131
-1.64136
-1.64173
-1.64166
-1.6416
-1.64156
-1.64168
-1.64197
-1.64226
-1.64257
-1.64274
-1.64293
-1.64342
-1.64363
-1.644
-1.64468
-1.64476
-1.645
-1.64586
-1.64657
-1.64639
-1.64651
-1.64649
-1.64677
-1.64736
-1.64736
-1.64765
-1.64795
-1.64825
-1.6487
-1.64884
-1.64929
-1.64944
-1.64973
-1.65002
-1.6503
-1.65059
-1.65056
-1.65068
-1.65064
-1.65119
-1.65129
-1.65137
-1.6513
-1.65122
-1.65142
-1.65207
-1.65226
-1.65243
-1.65244
-1.65274
-1.65317
-1.65315
-1.65311
-1.65336
-1.65359
-1.65367
-1.65358
-1.65378
-1.65367
-1.65355
-1.65342
-1.65313
-1.65269
-1.65284
-1.65299
-1.65298
-1.65328
-1.65327
-1.65311
-1.65295
-1.6534
-1.65325
-1.65325
-1.65341
-1.65358
-1.65421
-1.65439
-1.65474
-1.65479
-1.6547
-1.65507
-1.65485
-1.65494
-1.65519
-1.65485
-1.65466
-1.65508
-1.65521
-1.65549
-1.65577
-1.65591
-1.65574
-1.65572
-1.6557
-1.65582
-1.65624
-1.6562
-1.65569
-1.65594
-1.65571
-1.65563
-1.65584
-1.65589
-1.65577
-1.65594
-1.65579
-1.65548
-1.65501
-1.65497
-1.65463
-1.65442
-1.6539
-1.65382
-1.65343
-1.65334
-1.65263
-1.65267
-1.6527
-1.65273
-1.65275
-1.65232
-1.65233
-1.65219
-1.6519
-1.65191
-1.65192
-1.65178
-1.65179
-1.6518
-1.65151
-1.65168
-1.65139
-1.65126
-1.65129
-1.65131
-1.65135
-1.65138
-1.65127
-1.65131
-1.65136
-1.65111
-1.65102
-1.65063
-1.65084
-1.65046
-1.65024
-1.65062
-1.65086
-1.6508
-1.65029
-1.65024
-1.65035
-1.6503
-1.65072
-1.65053
-1.6505
-1.65092
-1.65089
-1.65056
-1.65054
-1.65052
-1.65064
-1.65077
-1.65075
-1.65058
-1.65056
-1.65084
-1.65036
-1.65033
-1.6503
-1.65026
-1.65022
-1.65018
-1.64983
-1.64993
-1.64988
-1.65057
-1.65051
-1.64998
-1.6499
-1.65027
-1.65048
-1.65038
-1.65058
-1.65001
-1.65004
-1.64977
-1.64949
-1.64935
-1.64906
-1.64906
-1.64906
-1.64891
-1.64845
-1.64828
-1.64812
-1.6478
-1.64763
-1.64746
-1.6476
-1.64758
-1.64711
-1.6471
-1.64679
-1.64709
-1.64693
-1.64664
-1.6465
-1.64697
-1.64685
-1.64659
-1.64619
-1.64594
-1.64571
-1.64565
-1.6456
-1.64526
-1.64524
-1.64508
-1.64539
-1.64527
-1.64562
-1.64538
-1.64576
-1.64572
-1.64583
-1.64582
-1.64643
-1.64675
-1.64709
-1.64699
-1.64721
-1.6479
-1.64785
-1.64811
-1.64868
-1.64972
-1.65016
-1.65046
-1.65047
-1.65002
-1.65034
-1.65111
-1.65159
-1.6516
-1.65193
-1.6524
-1.65287
-1.65319
-1.65336
-1.65397
-1.65443
-1.65488
-1.65503
-1.65516
-1.65544
-1.65571
-1.65582
-1.65562
-1.6554
-1.65517
-1.65568
-1.65602
-1.65619
-1.65635
-1.65664
-1.6569
-1.65684
-1.65707
-1.65636
-1.65608
-1.65609
-1.65652
-1.65647
-1.65625
-1.65585
-1.65544
-1.65545
-1.65514
-1.65481
-1.65492
-1.65485
-1.65447
-1.65392
-1.65381
-1.65324
-1.65295
-1.65236
-1.65206
-1.65129
-1.65113
-1.65081
-1.65033
-1.64986
-1.64953
-1.6492
-1.64888
-1.6484
-1.64809
-1.64807
-1.64807
-1.64792
-1.64793
-1.64779
-1.64766
-1.64709
-1.64698
-1.64658
-1.64635
-1.64597
-1.64591
-1.64571
-1.64507
-1.64489
-1.64474
-1.64459
-1.64461
-1.6448
-1.6444
-1.64416
-1.64409
-1.64434
-1.64445
-1.64443
-1.64427
-1.64458
-1.64445
-1.64448
-1.64423
-1.64429
-1.64481
-1.64505
-1.64514
-1.64525
-1.64536
-1.64563
-1.64561
-1.64559
-1.64603
-1.64617
-1.64616
-1.64616
-1.64676
-1.64691
-1.64751
-1.6475
-1.64765
-1.64794
-1.64807
-1.64835
-1.64832
-1.64859
-1.64856
-1.64836
-1.64816
-1.64825
-1.64834
-1.64857
-1.64864
-1.64901
-1.64907
-1.64942
-1.64932
-1.64936
-1.6491
-1.64898
-1.64885
-1.64887
-1.64889
-1.64845
-1.64831
-1.64832
-1.64802
-1.64817
-1.64832
-1.64832
-1.64892
-1.64876
-1.64876
-1.64875
-1.64889
-1.64843
-1.64842
-1.64856
-1.6484
-1.64825
-1.64869
-1.64899
-1.64883
-1.64897
-1.64942
-1.64881
-1.64881
-1.64896
-1.64896
-1.64911
-1.64911
-1.64911
-1.64911
-1.64882
-1.64883
-1.64868
-1.64885
-1.64871
-1.64842
-1.64844
-1.64862
-1.64849
-1.64821
-1.64809
-1.64843
-1.64846
-1.64819
-1.64838
-1.64858
-1.64847
-1.64821
-1.64841
-1.64816
-1.64837
-1.64812
-1.64803
-1.64794
-1.648
-1.64882
-1.64918
-1.6497
-1.64976
-1.64968
-1.64974
-1.6498
-1.64986
-1.64977
-1.64998
-1.65004
-1.6501
-1.6506
-1.6505
-1.6504
-1.65105
-1.65124
-1.65098
-1.65132
-1.6518
-1.65198
-1.6517
-1.65142
-1.65189
-1.6519
-1.6519
-1.6516
-1.6519
-1.65204
-1.65203
-1.65232
-1.65215
-1.65197
-1.65209
-1.65206
-1.65203
-1.65154
-1.65134
-1.65115
-1.6511
-1.6512
-1.651
-1.65139
-1.65134
-1.65113
-1.65107
-1.65132
-1.65111
-1.65136
-1.65115
-1.6508
-1.65075
-1.65025
-1.65006
-1.64987
-1.64984
-1.64997
-1.64965
-1.64964
-1.64964
-1.64964
-1.64935
-1.64922
-1.6494
-1.64944
-1.64919
-1.64925
-1.64901
-1.64908
-1.64902
-1.64896
-1.6492
-1.64915
-1.64911
-1.64922
-1.64934
-1.64946
-1.64988
-1.65015
-1.65011
-1.64977
-1.64958
-1.64984
-1.64978
-1.65002
-1.6504
-1.65032
-1.65053
-1.65073
-1.65061
-1.65048
-1.65004
-1.65033
-1.65061
-1.65042
-1.65082
-1.65046
-1.65022
-1.65013
-1.64957
-1.6496
-1.64931
-1.64901
-1.64915
-1.64913
-1.6491
-1.64876
-1.64871
-1.64865
-1.64858
-1.64805
-1.64797
-1.64759
-1.6475
-1.64756
-1.64716
-1.64676
-1.64666
-1.64656
-1.64676
-1.64696
-1.64656
-1.64631
-1.64576
-1.64551
-1.64452
-1.64428
-1.6442
-1.64412
-1.64405
-1.64383
-1.64392
-1.64342
-1.64307
-1.64334
-1.64316
-1.64269
-1.64253
-1.64268
-1.64269
-1.64225
-1.64213
-1.64187
-1.64148
-1.64139
-1.64132
-1.64126
-1.64092
-1.64119
-1.64133
-1.64087
-1.64059
-1.64061
-1.6402
-1.64026
-1.64033
-1.64027
-1.64022
-1.64064
-1.64093
-1.64137
-1.64138
-1.64171
-1.64189
-1.64194
-1.6423
-1.64236
-1.64305
-1.64328
-1.64368
-1.64393
-1.64419
-1.6446
-1.64502
-1.64529
-1.64571
-1.64614
-1.64641
-1.64668
-1.64664
-1.64705
-1.64686
-1.64711
-1.64736
-1.64744
-1.64737
-1.64759
-1.64795
-1.64815
-1.64834
-1.64851
-1.64867
-1.64867
-1.64896
-1.64893
-1.64888
-1.64867
-1.64875
-1.64896
-1.64901
-1.64859
-1.64861
-1.64861
-1.64815
-1.64842
-1.64823
-1.64803
-1.64797
-1.64789
-1.6478
-1.64801
-1.64805
-1.64808
-1.64841
-1.64858
-1.64813
-1.64784
-1.64784
-1.64783
-1.64753
-1.64752
-1.64752
-1.64706
-1.64691
-1.64676
-1.64677
-1.64678
-1.6471
-1.64714
-1.64687
-1.64662
-1.64669
-1.64707
-1.64686
-1.64726
-1.64693
-1.64677
-1.64692
-1.64725
-1.64728
-1.64719
-1.64726
-1.64721
-1.64747
-1.64775
-1.64804
-1.64805
-1.64823
-1.64782
-1.64803
-1.64825
-1.64879
-1.64904
-1.64854
-1.6482
-1.64832
-1.64845
-1.64858
-1.64901
-1.64915
-1.64959
-1.64987
-1.65
-1.65028
-1.65025
-1.65082
-1.65108
-1.65133
-1.65142
-1.6518
-1.65202
-1.65192
-1.65227
-1.65245
-1.65276
-1.65291
-1.65351
-1.65378
-1.65374
-1.65353
-1.65391
-1.65428
-1.65448
-1.65467
-1.65439
-1.65455
-1.65424
-1.65423
-1.65389
-1.6537
-1.65395
-1.65388
-1.65411
-1.65417
-1.65377
-1.65351
-1.65339
-1.65311
-1.65282
-1.65253
-1.65208
-1.65237
-1.65176
-1.65129
-1.65111
-1.65093
-1.65105
-1.65116
-1.65097
-1.65077
-1.65057
-1.65037
-1.64986
-1.64905
-1.64885
-1.64864
-1.64858
-1.64838
-1.64847
-1.64812
-1.64807
-1.64802
-1.64767
-1.64732
-1.64712
-1.64708
-1.64675
-1.64656
-1.64623
-1.6459
-1.64557
-1.6454
-1.64509
-1.64523
-1.64492
-1.64477
-1.64492
-1.64508
-1.64509
-1.6448
-1.64467
-1.64378
-1.64335
-1.64323
-1.64326
-1.64315
-1.64318
-1.64307
-1.64297
-1.64286
-1.64291
-1.64266
-1.64287
-1.64338
-1.64314
-1.64305
-1.64282
-1.64289
-1.64281
-1.64304
-1.64282
-1.64291
-1.64269
-1.64309
-1.64318
-1.64329
-1.64339
-1.64335
-1.64287
-1.64253
-1.64251
-1.64264
-1.64247
-1.64261
-1.64245
-1.64245
-1.6423
-1.64246
-1.64262
-1.64278
-1.64295
-1.64296
-1.64344
-1.6433
-1.64348
-1.64365
-1.64397
-1.64414
-1.64356
-1.64358
-1.64374
-1.64436
-1.64437
-1.64393
-1.64363
-1.64363
-1.64347
-1.64331
-1.6433
-1.64328
-1.64296
-1.64263
-1.6423
-1.64211
-1.64222
-1.64233
-1.64213
-1.64223
-1.64248
-1.64243
-1.64237
-1.64246
-1.6421
-1.64219
-1.64213
-1.64267
-1.64216
-1.64225
-1.6422
-1.64199
-1.64194
-1.6422
-1.64231
-1.64228
-1.6424
-1.64298
-1.64266
-1.64295
-1.6431
-1.64356
-1.64373
-1.6436
-1.64363
-1.64397
-1.64372
-1.64379
-1.64386
-1.64394
-1.64403
-1.64474
-1.6453
-1.64573
-1.64571
-1.64601
-1.64646
-1.64677
-1.64694
-1.64697
-1.64701
-1.6472
-1.6471
-1.64731
-1.64722
-1.64774
-1.64781
-1.64773
-1.64781
-1.64804
-1.64812
-1.6482
-1.64857
-1.6488
-1.64948
-1.64985
-1.64976
-1.65012
-1.65033
-1.65037
-1.65041
-1.6509
-1.65122
-1.65154
-1.65184
-1.65214
-1.65258
-1.65256
-1.65282
-1.65293
-1.65333
-1.65326
