4.83657
4.82679
4.81776
4.80949
4.802
4.79531
4.78941
4.78433
4.78006
4.77662
4.77399
4.77219
4.77121
4.77104
4.77168
4.77311
4.77532
4.7783
4.78204
4.7865
4.79167
4.79752
4.80403
4.81117
4.85574
4.86432
4.87339
4.88289
4.89279
4.94226
4.95341
4.89586
4.90839
4.92111
4.93396
4.94689
4.95985
4.9728
4.98568
4.99845
5.01104
5.02341
5.03551
5.0473
5.05871
5.0697
5.08023
5.09026
5.09973
5.10861
5.11686
5.12446
5.13135
5.13752
5.14295
5.1476
5.15146
5.15452
5.15677
5.15819
5.1588
5.15858
5.15755
5.15572
5.1531
5.1497
5.14554
5.14065
5.13506
5.12879
5.12187
5.11434
5.10623
5.15748
5.1498
5.14167
5.1331
5.12416
5.11486
5.10526
5.09539
5.08529
5.075
5.06454
5.05396
5.0433
5.03257
5.02181
5.01106
5.00034
4.98967
4.97909
4.96861
4.95826
4.94807
4.93804
4.92821
4.91858
4.90918
4.90002
4.89112
4.88249
4.87414
4.8661
4.85836
4.85095
4.84387
4.83714
4.83076
4.82474
4.81909
4.81383
4.80895
4.80447
4.80039
4.79672
4.79346
4.79061
4.78818
4.78617
4.78458
4.78342
4.78267
4.78235
4.78244
4.78295
4.78386
4.78518
4.78689
4.789
4.79148
4.79434
4.79755
4.69781
4.70364
4.70989
4.71656
4.72363
4.73108
4.7389
4.74706
4.75556
4.76437
4.77348
4.78286
4.79249
4.80235
4.81242
4.82267
4.83309
4.84365
4.85432
4.86508
4.8759
4.88676
4.89763
4.90848
4.91929
4.93003
4.94067
4.95119
4.96155
4.97174
4.98172
4.99147
5.00097
5.01019
5.01911
5.02771
5.03597
5.04387
5.0514
5.05855
5.11525
5.12276
5.12983
5.13646
5.14264
5.14838
5.15369
5.15857
5.16302
5.16706
5.17071
5.17397
5.17685
5.17939
5.18158
5.18346
5.18503
5.18632
5.18734
5.18811
5.18864
5.18896
5.18907
5.18899
5.18874
5.18833
5.26341
5.26368
5.26381
5.26381
5.26369
5.26344
5.26307
5.26258
5.26196
5.26123
5.26037
5.25938
5.25826
5.25701
5.25561
5.25406
5.25236
5.2505
5.24847
5.24627
5.24389
5.24133
5.23857
5.23561
5.23245
5.22909
5.22551
5.22172
5.29496
5.29176
5.28833
5.28466
5.28076
5.27663
5.27227
5.26768
5.26288
5.25786
5.25264
5.24723
5.24163
5.23585
5.22991
5.22382
5.21759
5.21123
5.20477
5.20522
5.34533
5.3394
5.33339
5.32731
5.32118
5.31502
5.30885
5.30267
5.29651
5.29038
5.28429
5.27827
5.27232
5.17059
5.16487
5.15929
5.15385
5.14857
5.14344
5.13849
5.1337
5.12908
5.12464
5.12037
5.11627
5.11233
5.10855
5.10493
5.10146
5.09812
5.0949
5.0918
5.0888
5.08587
5.08302
5.08021
5.07743
5.07466
5.07188
5.06908
5.06621
5.06328
5.06025
5.05709
5.0538
5.05034
5.0467
5.04285
5.03876
5.03443
5.02983
5.02494
5.01973
5.01421
5.00834
5.00212
4.99552
4.98855
4.98118
4.9734
4.96522
4.95662
4.9476
4.93815
4.92827
4.91797
4.90724
4.89608
4.88451
4.87253
4.86014
4.84735
4.83417
4.82062
4.80671
4.79244
4.77785
4.76293
4.74772
4.73222
4.71646
4.70046
4.68423
4.66781
4.65121
4.63445
4.61756
4.60056
4.58347
4.56632
4.54914
4.53194
4.51476
4.49761
4.48052
4.46351
4.4466
4.42982
4.41319
4.39674
4.38047
4.36442
4.34859
4.33301
4.3177
4.30267
4.28794
4.27351
4.25941
4.24565
4.23222
4.21916
4.20645
4.19411
4.18215
4.17056
4.15936
4.14853
4.13809
4.12802
4.11834
4.10903
4.10008
4.0915
4.08328
4.0754
4.06786
4.06064
4.05375
4.04715
3.98043
3.97485
3.96954
3.96448
3.95966
3.95506
3.95068
3.94649
3.8794
3.87605
3.87284
3.86978
3.86685
3.86404
3.86133
3.92975
3.92803
3.92641
3.92488
3.92344
3.92207
3.92078
3.91956
3.91842
3.91735
3.91635
3.91542
3.91457
3.9138
3.9131
3.91249
3.91197
3.91154
3.9112
3.91095
3.87136
3.87165
3.87204
3.87253
3.87314
3.87384
3.86717
3.86845
3.86982
3.87129
3.87285
3.8745
3.87624
3.87807
3.87999
3.88198
3.88406
3.88621
3.88843
3.89073
3.89309
3.89552
3.89802
3.90057
3.9032
3.90588
3.90862
3.91143
3.91431
3.91726
3.92028
3.92337
3.92655
3.92981
3.93317
3.93664
3.94021
3.84331
3.84665
3.81639
3.8189
3.82162
3.82454
3.82769
3.83108
3.83473
3.83864
3.84283
3.84733
3.85213
3.85726
3.86274
3.86858
3.87479
3.8814
3.88841
3.89584
3.91613
3.92644
3.93724
3.94855
3.96039
3.97278
3.98574
3.99927
3.89335
3.91314
3.93353
3.95454
3.97617
3.99842
4.0213
4.04482
4.06896
4.09373
4.11912
4.14511
4.17169
4.19884
4.22652
4.2547
4.28335
4.31241
4.34184
4.37156
4.40151
4.43163
4.46181
4.49198
4.52204
4.5519
4.58144
4.61056
4.63916
4.66713
4.69436
4.72075
4.7462
4.77063
4.79394
4.81607
4.83696
4.85655
4.87482
4.93329
4.94843
4.96221
4.97465
4.98579
4.99568
5.00437
5.01194
5.01847
5.02403
5.02873
5.03266
5.03591
5.03857
5.04075
5.04253
5.04401
5.04526
5.04636
5.04738
5.04839
5.04945
5.05059
5.05188
5.05334
5.055
5.05688
5.05901
5.06139
5.06403
5.06694
5.0701
5.07351
5.07716
5.08105
5.08515
5.08945
5.09394
5.09859
5.10338
5.0156
5.01928
5.02309
5.02703
5.03106
5.03518
5.03936
5.04359
5.04786
5.05214
5.05643
5.06071
5.06496
5.06918
5.07336
5.07747
5.08152
5.0855
5.11311
5.11657
5.11992
5.12316
5.12627
5.12924
5.13206
5.13472
5.13721
5.1395
5.01981
5.02281
5.02559
5.02814
5.03042
5.03243
5.03413
5.0355
5.03652
5.03716
5.03739
5.04096
5.0407
5.03993
5.03863
5.03676
5.03431
5.03124
5.02753
5.02316
5.01812
5.01239
5.00595
4.99881
4.99095
4.98239
4.97313
4.96318
4.95256
4.94129
4.9294
4.91693
4.90391
4.89039
4.8764
4.862
4.84724
4.83218
4.81687
4.80138
4.78575
4.77005
4.75435
4.73869
4.70823
4.69452
4.68104
4.66786
4.65501
4.64253
4.63048
4.61889
4.60778
4.59719
4.58714
4.57764
4.56871
4.56035
4.55256
4.54535
4.5387
4.5326
4.52704
4.52199
4.51743
4.51334
4.50967
4.5064
4.50348
4.50089
4.49857
4.49649
4.4946
4.49287
4.49124
4.48968
4.48815
4.48661
4.48501
4.48334
4.48154
4.47961
4.4775
4.4752
4.47269
4.46996
4.467
4.46379
4.46035
4.45667
4.45276
4.44862
4.44428
4.43974
4.43503
4.43018
4.42519
4.42011
4.41496
4.40976
4.40456
4.39937
4.39424
4.38918
4.38423
4.37942
4.37477
4.3703
4.36605
4.36203
4.35826
4.35476
4.35154
4.3486
4.34596
4.34363
4.3416
4.33988
4.33845
4.33733
4.33649
4.33592
4.33562
4.33557
4.33576
4.33616
4.33675
4.33753
4.33845
4.33952
4.34069
4.34195
4.34328
4.34466
4.34605
4.34746
4.34884
4.35019
4.35148
4.35271
4.35384
4.35488
4.3558
4.3566
4.35726
4.36833
4.36909
4.3697
4.37016
4.37046
4.3706
4.37057
4.37039
4.37005
4.36955
4.3689
4.3681
4.36714
4.36605
4.36481
4.36343
4.36193
4.36029
4.35854
4.35666
4.35467
4.35257
4.35036
4.34804
4.34563
4.47653
4.47394
4.47125
4.46846
4.46556
4.46256
4.45946
4.45626
4.28793
4.28631
4.28463
4.28288
4.28107
4.27923
4.27735
4.27545
4.27354
4.27162
4.26973
4.26786
4.26521
4.26342
4.2617
4.26007
4.25854
4.25713
4.25586
4.25473
4.25378
4.25301
4.25244
4.2521
4.252
4.25217
4.25261
4.25334
4.2544
4.25578
4.25752
4.25963
4.26212
4.26502
4.26834
4.2721
4.27632
4.281
4.28616
4.29182
4.298
4.30469
4.31192
4.31969
4.32802
4.33691
4.34637
4.35641
4.36703
4.37823
4.39002
4.4024
4.41538
4.42894
4.44309
4.45782
4.47312
4.489
4.50545
4.52245
4.53999
4.55806
4.59503
4.61429
4.63407
4.65432
4.67504
4.69621
4.7178
4.73979
4.76215
4.78486
4.8079
4.83122
4.85482
4.87864
4.90267
4.92686
4.9512
4.97563
5.00014
5.02467
5.04921
5.0737
5.09812
5.12243
5.14659
5.17056
5.19432
5.21781
5.24101
5.26388
5.28639
5.30851
5.33019
5.35141
5.37215
5.39236
5.41598
5.43747
5.45838
5.4787
5.49839
5.51746
5.53587
5.55362
5.5707
5.58709
5.63421
5.64926
5.6636
5.67723
5.69014
5.70235
5.71386
5.72469
5.73484
5.74433
5.75319
5.76141
5.76904
5.77608
5.78257
5.78853
5.79398
5.79896
5.80349
5.8076
5.81133
5.8147
5.81775
5.82051
5.82301
5.82529
5.82738
5.8293
5.83109
5.83279
5.83442
5.83601
5.83759
5.83918
5.84182
5.84425
5.84678
5.84944
5.66688
5.6683
5.66995
5.67183
5.67397
5.67637
5.67905
5.68202
5.68527
5.68882
5.69266
5.6968
5.70122
5.70593
5.7109
5.71614
5.72162
5.72733
5.73325
5.73936
5.74564
5.75205
5.75857
5.76516
5.7718
5.77845
5.78507
5.79162
5.79807
5.80436
5.76071
5.76638
5.77177
5.77684
5.78154
5.78582
5.78963
5.79293
5.79567
5.79781
5.79929
5.80007
5.80012
5.79939
5.79784
5.79544
5.79216
5.78797
5.78284
5.77675
5.7697
5.76165
5.75261
5.74258
5.73154
5.71952
5.70652
5.69255
5.67763
5.6618
5.64507
5.62748
5.60907
5.58987
5.56994
5.5493
5.52802
5.50615
5.48373
5.46082
5.43748
5.41376
5.38973
5.36544
5.34094
5.3163
5.29157
5.2668
5.24206
5.2174
5.19286
5.16851
5.14438
5.12054
5.09701
5.07385
5.0511
5.0288
5.00697
4.98567
4.96492
4.94474
4.92517
4.90624
4.88796
4.87036
4.85345
4.82915
4.81311
4.79779
4.7832
4.76934
4.75622
4.74384
4.73219
4.72127
4.71107
4.70159
4.69281
4.61499
4.60878
4.61538
4.61093
4.60711
4.60387
4.6012
4.59907
4.59744
4.59628
4.59555
4.59522
4.59524
4.59557
4.59617
4.597
4.59802
4.59916
4.6004
4.60168
4.60296
4.60419
4.60532
4.60632
4.60713
4.60772
4.60803
4.60804
4.60771
4.607
4.60587
4.6043
4.60227
4.59974
4.59669
4.59311
4.58898
4.58429
4.57903
4.5732
4.5668
4.55982
4.55227
4.54415
4.53548
4.52626
4.51651
4.50625
4.45833
4.44592
4.43302
4.41965
4.40583
4.39159
4.37695
4.36193
4.34656
4.33086
4.31486
4.29859
4.28206
4.26532
4.24837
4.23125
4.21398
4.19659
4.1791
4.16153
4.14392
4.12628
4.10864
4.09102
4.07345
4.05595
4.03854
4.02125
4.0041
3.98711
3.9703
3.95371
3.93735
3.92123
3.9054
3.88986
3.87463
3.85975
3.84522
3.83107
3.81732
3.80399
3.79109
3.77864
3.76666
3.75516
3.74417
3.73369
3.72374
3.71434
3.70548
3.6972
3.68948
3.68236
3.67582
3.66989
3.66456
3.65985
3.65575
3.65227
3.64942
3.64719
3.64558
3.6446
3.64424
3.6445
3.64537
3.64686
3.64895
3.65164
3.65492
3.65879
3.66323
3.66824
3.6738
3.6799
3.68653
3.69367
3.70132
3.70945
3.71805
3.7271
3.73658
3.74648
3.75677
3.76744
3.73739
3.75163
3.76618
3.78101
3.7961
3.81143
3.82696
3.84268
3.85855
3.87455
3.89066
3.90683
3.92306
3.9393
3.95553
3.97172
3.98784
4.00388
4.0198
4.03557
4.05117
4.06657
4.08176
4.09672
4.11141
4.12581
4.13993
4.15372
4.16719
4.18031
4.19308
4.20548
4.21751
4.22916
4.24042
4.2513
4.26179
4.2719
4.28162
4.29096
4.29993
4.30853
4.31678
4.32469
4.33226
4.33952
4.34647
4.35314
4.35954
4.36569
4.37161
4.37731
4.38283
4.38817
4.39337
4.39845
4.40342
4.4083
4.41314
4.43496
4.44099
4.44708
4.45323
4.45949
4.46585
4.47236
4.47903
4.48588
4.49293
4.5002
4.50771
4.51548
4.52352
4.53185
4.54048
4.54943
4.5587
4.56831
4.57826
4.58856
4.59922
4.61024
4.62162
4.63336
4.50595
4.51864
4.53175
4.54527
4.55918
4.57348
4.58816
4.6032
4.61858
4.6343
4.65033
4.66664
4.68323
4.70007
4.71713
4.73439
4.75182
4.7694
4.7871
4.8049
4.82277
4.84067
4.85859
4.87649
4.89436
4.91215
4.92986
4.94744
4.96489
4.98217
4.99926
5.01615
5.03281
5.04922
5.06536
5.08122
5.09679
5.11204
5.12696
5.14155
5.15578
5.16965
5.18315
5.19627
5.209
5.22133
5.23325
5.24477
5.25586
5.26653
5.27677
5.28658
5.29594
5.30486
5.31333
5.32134
5.3289
5.33599
5.34262
5.34878
5.35446
5.35968
5.36441
5.36867
5.37245
5.37576
5.37858
5.38094
5.38281
5.38423
5.38517
5.38566
5.38571
5.38531
5.38934
5.38725
5.38475
5.38188
5.37863
5.37504
5.37112
5.36689
5.36238
5.35761
5.3526
5.34738
5.34199
5.33644
5.33077
5.32502
5.3192
5.31336
5.30752
5.30172
5.29599
5.29037
5.28488
5.27956
5.27444
5.26955
5.26491
5.26056
5.25652
5.25282
5.24947
5.2465
5.24392
5.24175
5.24
5.23868
5.2378
5.23736
5.23735
5.23777
5.23862
5.23988
5.24154
5.24357
5.24595
5.24864
5.21552
5.2189
5.2225
5.22625
5.23012
5.23406
5.23799
5.24188
5.24564
5.24923
5.25257
5.2556
5.25825
5.26044
5.26212
5.26322
5.26366
5.2634
5.26236
5.26049
5.25774
5.25406
5.24942
5.24378
5.23711
5.22939
5.22061
5.21076
5.19985
5.18788
5.17488
5.16087
5.14589
5.12997
5.11317
5.09553
5.07711
5.05799
4.84451
4.82701
4.80905
4.7907
4.77203
4.75314
4.73409
4.71497
4.69586
4.67682
4.65794
4.63929
4.62093
4.60293
4.58536
4.56827
4.55172
4.53577
4.52045
4.50581
4.4919
4.47875
4.46639
4.45484
4.44414
4.43431
4.42536
4.4173
4.41014
4.40389
4.39855
4.39413
4.39061
4.38799
4.38625
4.3854
4.3854
4.38625
4.38792
4.39038
4.39362
4.39759
4.40229
4.40767
4.41369
4.42033
4.42755
4.43531
4.44357
4.45229
4.46144
4.47097
4.48084
4.49101
4.50144
4.51209
4.52292
4.53388
4.54493
4.55605
4.56718
4.57829
4.58935
4.60032
4.61116
4.62185
4.63235
4.64263
4.65266
4.66242
4.67189
4.68103
4.68983
4.69827
4.70632
4.71397
4.72121
4.72802
4.73439
4.7403
4.74574
4.75071
4.7552
4.75919
4.76269
4.76569
4.76818
4.77016
4.77162
4.77258
4.77302
4.77295
4.77236
4.77126
4.76965
4.76754
4.76493
4.76182
4.75823
4.75415
4.74961
4.74461
4.73916
4.73328
4.72698
4.72029
4.7132
4.70576
4.69798
4.68987
4.68148
4.57891
4.57111
4.5631
4.55492
4.5466
4.53816
4.52966
4.46852
4.46051
4.45255
4.44468
4.43694
4.42937
4.42202
4.41493
4.40814
4.4017
4.39564
4.39001
4.38485
4.3802
4.3761
4.37259
4.3697
4.36748
4.36595
4.36515
4.3651
4.36585
4.36741
4.36982
4.37309
4.37724
4.3823
4.38829
4.39521
4.40307
4.4119
4.42169
4.43244
4.44417
4.45687
4.47053
4.48515
4.50072
4.51722
4.53465
4.55299
4.57222
4.59231
4.61324
4.63498
4.6575
4.68078
4.70476
4.72943
4.75474
4.78064
4.80709
4.8908
4.91955
4.94871
4.97824
5.00809
5.0382
5.06852
5.099
5.12958
5.16021
5.14394
5.1736
5.20314
5.23249
5.26161
5.29045
5.31896
5.34709
5.37481
5.40207
5.42883
5.45506
5.48071
5.50578
5.53021
5.65156
5.67585
5.69944
5.72233
5.74449
5.76592
5.78663
5.8066
5.82583
5.84434
5.86213
5.87921
5.89558
5.91128
5.9263
5.94067
5.95442
5.96755
5.9801
5.99208
6.00352
6.01445
6.02489
6.03487
6.04441
6.05353
6.06227
6.07064
6.07867
6.08639
6.09381
6.10095
6.10784
6.15707
6.16358
6.1699
6.17602
6.18197
6.18776
6.19339
6.19888
6.20423
6.20944
6.21453
6.21949
6.22431
6.22901
6.23357
6.23799
6.24227
6.2464
6.25036
6.25415
6.25775
6.26116
6.26435
6.26731
6.27002
6.27248
6.27465
6.27651
6.27805
6.27925
6.28008
6.28052
6.28054
6.28013
6.27925
6.27789
6.27601
6.2736
6.17194
6.16795
6.16338
6.15821
6.15241
6.14596
6.13884
6.13104
6.12253
6.11329
6.10332
6.0926
6.08111
6.06885
6.05581
6.04199
6.02738
6.01199
5.99582
5.97888
5.96118
5.94272
5.92354
5.90364
5.88304
5.86178
5.83988
5.81738
5.7943
5.77067
5.74655
5.72196
5.69695
5.67156
5.64583
5.6198
5.59353
5.56705
5.54042
5.51366
5.48684
5.46
5.43317
5.4064
5.37973
5.35319
5.32684
5.3007
5.27481
5.2492
5.22391
5.19896
5.17439
5.15021
5.12646
5.10316
5.08032
5.05798
5.03614
4.99357
4.97472
4.95644
4.93874
4.92163
4.90512
4.88922
4.87392
4.85925
4.74721
4.73641
4.7262
4.71659
4.70756
4.69911
4.69125
4.68397
4.67725
4.6711
4.66551
4.66047
4.65596
4.65198
4.64851
4.64555
4.64307
4.64107
4.63953
4.63843
4.63776
4.63749
4.6376
4.63809
4.63892
4.64007
4.64152
4.64326
4.64525
4.64747
4.64991
4.65253
4.65531
4.65824
4.66128
4.66442
4.66764
4.67091
4.67422
4.67755
4.68089
4.68421
4.68751
4.69078
4.69401
4.69718
4.70031
4.70337
4.70638
4.70932
4.71222
4.71506
4.71787
4.72064
4.72339
4.72612
4.72886
4.73162
4.73441
4.73725
4.74015
4.74314
4.74623
4.74943
4.75276
4.75624
4.75989
4.76372
4.76774
4.77196
4.7764
4.78106
4.78595
4.79108
4.79644
4.80205
4.80789
4.56062
4.5624
4.56445
4.56678
4.56937
4.57224
4.57538
4.57878
4.58244
4.58635
4.5905
4.59488
4.59947
4.60428
4.60927
4.61445
4.61978
4.62526
4.63087
4.63659
4.6424
4.64828
4.65422
4.6602
4.66619
4.67218
4.67815
4.68407
4.68994
4.69574
4.70144
4.70703
4.71249
4.71781
4.72297
4.72796
4.73276
4.73737
4.74176
4.74594
4.74989
4.7536
4.75707
4.76028
4.76325
4.76595
4.7684
4.77058
4.85303
4.85692
4.86052
4.86385
4.86691
4.86971
4.87224
4.87453
4.87658
4.87841
4.88002
4.88142
4.88263
4.88366
4.88453
4.88525
4.88583
4.88628
4.88663
4.88689
4.88707
4.88719
4.88726
4.8873
4.88732
4.88733
4.88736
4.8874
4.88748
4.88761
4.88779
4.88804
4.88837
4.88879
4.88929
4.8899
4.89062
4.89145
4.8924
4.89346
4.89465
4.89596
4.8974
4.89895
4.90063
4.90242
4.90432
4.90634
4.90845
4.91066
4.91296
4.91534
4.91779
4.92029
4.92285
4.92544
4.92806
4.93069
4.93332
4.93594
4.93853
4.94107
4.94356
4.94597
4.9483
4.95052
4.95262
4.95459
4.95641
4.95806
4.95953
4.9608
4.96187
4.96271
4.96331
4.96365
4.96374
4.96354
4.96305
4.96227
4.96117
4.95975
4.958
4.95591
4.95348
4.9507
4.94756
4.94407
4.94021
5.03551
5.03091
5.02601
5.02081
5.01531
5.00952
5.00345
4.9971
4.99048
4.9836
4.97647
4.9691
5.10266
5.09006
5.07729
5.06437
5.05132
5.03815
5.02489
5.01154
4.99812
4.98465
4.97115
4.95763
4.9441
4.93058
4.91709
4.90364
4.89025
4.87692
4.86367
4.85051
4.83746
4.82454
4.81174
4.79909
4.7866
4.68803
4.67628
4.66475
4.65344
4.64238
4.63157
4.62103
4.61077
4.6008
4.59114
4.5818
4.57279
4.56413
4.55583
4.5479
4.54037
4.53323
4.52651
4.52022
4.51438
4.50899
4.50407
4.49963
4.49569
4.49225
4.48933
4.48694
4.48508
4.53075
4.53065
4.53108
4.53202
4.53349
4.53549
4.53802
4.54108
4.54466
4.54878
4.55342
4.55858
4.56426
4.57045
4.57713
4.58431
4.59196
4.60009
4.60867
4.61769
4.62713
4.63699
4.64724
4.65786
4.66883
4.68014
4.69176
4.70368
4.71587
4.7283
4.74096
4.75383
4.76688
4.78008
4.79342
4.80687
4.82041
4.83402
4.84767
4.86135
4.87502
4.88867
4.90229
4.91584
4.92931
4.94268
4.95593
5.11501
5.12728
5.13933
5.15113
5.16267
5.17394
5.18492
5.19559
5.20596
5.21599
5.22568
5.23502
5.244
5.25259
5.26079
5.26858
5.27596
5.2829
5.2894
5.29544
5.301
5.33879
5.34373
5.34814
5.35202
5.35535
5.35813
5.36034
5.36196
5.36301
5.36345
5.3633
5.36254
5.36118
5.3592
5.35662
5.35343
5.34964
5.30699
5.30208
5.2966
5.29057
5.28399
5.27688
5.26927
5.26118
5.25261
5.2436
5.23417
5.22434
5.21414
5.20359
5.19272
5.18155
5.1701
5.15841
5.07759
5.06851
5.05924
5.04979
5.04018
4.98154
4.97542
4.96913
4.96265
4.95601
4.94921
4.94224
4.93512
4.92783
4.92038
4.91276
4.90496
4.89697
4.8888
4.88043
4.87184
4.86303
4.85399
4.84472
4.83518
4.82539
4.81534
4.805
4.79438
4.78348
4.77229
4.76081
4.74903
4.73697
4.72462
4.712
4.69911
4.63433
4.61948
4.6044
4.58912
4.57365
4.55802
4.54224
4.52634
4.51034
4.49428
4.47817
4.46205
4.44594
4.42988
4.41389
4.39801
4.38227
4.3667
4.35132
4.33618
4.32131
4.30673
4.29247
4.27856
4.26504
4.25192
4.23924
4.22702
4.21529
4.20407
4.19338
4.18324
4.17366
4.16468
4.1563
4.14853
4.14139
4.1349
4.12905
4.12385
4.11931
4.11543
4.11222
4.10967
4.10777
4.10653
4.10594
4.10599
4.10666
4.10795
4.10985
4.11232
4.04029
4.04642
4.05301
4.06003
4.06747
4.0753
3.91503
3.92435
3.93427
3.94474
3.95575
3.96727
3.97927
3.99172
4.00457
4.01781
4.03139
4.04528
4.05943
4.07383
4.08842
4.10317
4.11804
4.13299
4.14799
4.163
4.17799
4.19291
4.20775
4.22245
4.237
4.25137
4.26553
4.27945
4.29312
4.30652
4.31962
4.33242
4.3449
4.35705
4.36888
4.38036
4.39151
4.40232
4.4128
4.42295
4.43278
4.44231
4.45153
4.46047
4.46913
4.44749
4.45385
4.45996
4.46584
4.4715
4.47697
4.48225
4.46998
4.47507
4.48001
4.48481
4.48948
4.49403
4.49848
4.50283
4.5071
4.51129
4.5154
4.51945
4.52344
4.52736
4.53122
4.53502
4.53875
4.54242
4.54602
4.54953
4.55296
4.5563
4.55952
4.56263
4.5656
4.56841
4.57106
4.57351
4.57574
4.57774
4.57947
4.58091
4.58202
4.58278
4.58316
4.58311
4.58261
4.58163
4.58013
4.57808
4.57545
4.57221
4.56834
4.56381
4.55861
4.55271
4.54612
4.62415
4.61687
4.60885
4.60011
4.59067
4.58054
4.56975
4.55834
4.54634
4.53379
4.52074
4.50724
4.49335
4.47911
4.4646
4.44986
4.43497
4.41998
4.40496
4.38997
4.37508
4.36034
4.34582
4.33158
4.31767
4.30415
4.29107
4.27848
4.26644
4.25499
4.24417
4.23402
4.22458
4.2159
4.20799
4.2009
4.19465
4.18925
4.18475
4.18114
4.17845
4.17669
4.17586
4.17597
4.17701
4.17898
4.18187
4.18567
4.19036
4.19591
4.2023
4.20949
4.21744
4.22611
4.22174
4.23175
4.24232
4.25337
4.26486
4.27668
4.28878
4.30107
4.31347
4.32588
4.33822
4.35039
4.36231
4.37389
4.38503
4.39564
4.40564
4.41496
4.42351
4.43123
4.43805
4.44391
4.44877
4.45259
4.45534
4.45699
4.45754
4.45698
4.45531
4.45514
4.4532
4.45015
4.44604
4.44091
4.43481
4.42779
4.41993
4.41127
4.40189
4.39184
4.3812
4.37003
4.3584
4.34637
4.33399
4.32134
4.30846
4.2954
4.28222
4.26897
4.25569
4.24241
4.22917
4.21601
4.20296
4.19005
4.17729
4.16471
4.15233
4.14017
4.12824
4.11655
4.10511
4.09394
4.10402
4.09355
4.08335
4.07068
4.06149
4.05261
4.04404
4.03576
4.0278
4.02014
4.01279
4.00575
3.99902
3.99259
3.98646
3.98064
3.97513
3.96992
3.96501
3.96041
3.9561
3.9521
3.94839
3.94499
3.94188
3.93907
3.93656
3.93435
3.93244
3.93082
3.92951
3.9285
3.92779
3.92738
3.92728
3.92749
3.92801
3.92885
3.93001
3.9315
3.93331
3.93546
3.93795
3.94079
3.89013
3.89291
3.89608
3.89967
3.90368
3.90811
3.91298
3.92927
3.93535
3.9419
3.94893
3.95644
3.96446
3.97298
3.98203
3.9916
4.00172
4.01238
4.02359
4.03537
4.04772
4.06063
4.07413
4.08821
4.10287
4.11812
4.13395
4.12049
4.13753
4.15515
4.17335
4.19212
4.21145
4.23135
4.2518
4.27279
4.29432
4.31637
4.33893
4.362
4.38554
4.40955
4.43402
4.45892
4.48424
4.50996
4.53606
4.56252
4.58932
4.61642
4.64383
4.67149
4.6994
4.72753
4.75585
4.78433
4.81294
4.84166
4.87047
4.89932
4.92818
4.95704
4.98586
5.09463
5.12229
5.1498
5.17715
5.20429
5.2312
5.25785
5.2842
5.31023
5.3359
5.36119
5.38606
5.41049
5.43445
5.45791
5.48085
5.46806
5.48942
5.51016
5.53027
5.54973
5.56852
5.58662
5.604
5.62065
5.63656
5.65171
5.66608
5.67966
5.69244
5.70441
5.71556
5.72588
5.73536
5.744
5.75179
5.75872
5.76479
5.77
5.77434
5.77782
5.78042
5.78216
5.78302
5.66204
5.66171
5.66055
5.65855
5.6557
5.65202
5.64751
5.64217
5.636
5.62901
5.6212
5.6237
5.61461
5.60473
5.59407
5.58264
5.57046
5.55755
5.54391
5.52957
5.51455
5.49886
5.48253
5.46558
5.44804
5.42993
5.41128
5.39211
5.37245
5.35234
5.33179
5.31085
5.28954
5.26789
5.24594
5.2237
5.20122
5.17853
5.15565
5.13261
5.10944
5.08618
5.06285
5.03947
5.01607
4.99268
4.96933
4.94603
4.92282
4.89971
4.87673
4.85389
4.83123
4.80876
4.78649
4.76446
4.57595
4.56048
4.54518
4.53006
4.51514
4.50042
4.48593
4.47168
4.45768
4.44395
4.43051
4.41736
4.40453
4.39202
4.37987
4.36807
4.35664
4.3456
4.33497
4.32475
4.31495
4.3056
4.2967
4.28826
4.2803
4.27283
4.26584
4.25936
4.25339
4.24794
4.24301
4.23861
4.23474
4.23141
4.22861
4.22636
4.22464
4.22347
4.22284
4.22275
4.22319
4.22417
4.22568
4.22772
4.23027
4.27979
4.28401
4.28874
4.29396
4.29967
4.30586
4.31251
4.31963
4.32719
4.33518
4.3436
4.35243
4.36166
4.37127
4.38126
4.3916
4.40229
4.41331
4.42464
4.43628
4.4482
4.4604
4.47285
4.48555
4.56447
4.57835
4.59247
4.60682
4.6214
4.63618
4.65117
4.66636
4.68173
4.69728
4.713
4.7289
4.74495
4.76117
4.77755
4.79408
4.81077
4.82763
4.84464
4.86181
4.87916
4.89667
4.91436
4.93224
4.9503
4.96856
4.98702
5.0057
5.02459
5.04371
5.06306
5.08265
5.10249
5.12257
5.14292
5.12951
5.14926
5.16927
5.18956
5.2101
5.2309
5.25195
5.27325
5.29478
5.31654
5.3385
5.36065
5.38297
5.40545
5.42805
5.45075
5.47353
5.49634
5.51917
5.54197
5.5647
5.58733
5.60982
5.63212
5.65419
5.67599
5.69747
5.71859
5.73929
5.75953
5.77927
5.79845
5.81704
5.83498
5.85224
5.86877
5.88453
5.89948
5.91359
5.92683
5.93916
5.95056
5.961
5.97047
5.97895
5.98641
5.99286
5.99829
6.00269
6.00606
6.00841
6.00974
6.01006
6.0094
6.00775
6.00515
6.0016
5.99714
5.99178
5.98556
5.97849
5.9706
5.96193
5.9525
5.94234
5.93147
5.91993
5.90775
5.89494
5.88154
5.86757
5.85305
5.83802
5.82249
5.80649
5.79003
5.77314
5.75583
5.73813
5.72006
5.70162
5.68285
5.66374
5.64433
5.62463
5.60466
5.60099
5.58018
5.55917
5.53798
5.51662
5.49511
5.47348
5.45174
5.4299
5.40799
5.38603
5.36403
5.34202
5.32002
5.29804
5.27611
5.25424
5.23246
5.21079
5.18923
5.16782
5.14658
5.12551
5.10463
5.08397
5.06353
5.04334
5.02341
5.00374
4.98436
4.96528
4.9465
4.92803
4.9099
4.89209
4.87464
4.85753
4.84078
4.85967
4.8448
4.83031
4.81621
4.80251
4.7892
4.77629
4.76379
4.75171
4.74004
4.72879
4.71796
4.70756
4.6976
4.68807
4.67898
4.67034
4.66214
4.6544
4.64711
4.64029
4.63392
4.62802
4.62259
4.61763
4.61314
4.60912
4.60559
4.60252
4.59994
4.59782
4.59619
4.59502
4.59432
4.59408
4.5943
4.59497
4.59609
4.59764
4.59961
4.602
4.60479
4.60797
4.61153
4.61544
4.6197
4.62428
4.62916
4.63433
4.63976
4.64544
4.65134
4.65745
4.66373
4.67016
4.67673
4.6834
4.69017
4.697
4.70387
4.71076
4.71766
4.72453
4.73138
4.73817
4.74489
4.75153
4.75807
4.82525
4.83245
4.83952
4.84646
4.85325
4.85989
4.86638
4.87271
4.8789
4.88493
4.8908
4.89653
4.90212
4.90757
4.91288
4.91806
4.92313
4.92808
4.93292
4.93766
4.9423
4.94685
4.95133
4.95572
4.96004
4.9643
4.96849
4.97261
4.97668
4.98069
4.98463
4.98852
4.99234
4.99609
4.99977
5.00337
5.00688
5.0103
5.01362
5.01681
5.01988
5.02281
5.02559
5.02819
5.03061
5.03282
5.03482
5.03657
5.03807
5.0393
5.04023
5.04085
5.04113
5.04107
4.92932
4.93005
4.93039
4.93032
4.92984
4.92892
4.92756
4.92574
4.92346
4.92071
4.91748
4.91378
4.9096
4.90494
4.89981
4.89421
4.88815
4.88165
4.8747
4.86734
4.85956
4.85139
4.78445
4.77742
4.76989
4.76202
4.75383
4.74534
4.73659
4.86195
4.85339
4.84454
4.83543
4.82608
4.81651
4.80676
4.79685
4.7868
4.77664
4.76638
4.75605
4.74568
4.73527
4.72486
4.71446
4.70408
4.69376
4.68349
4.6733
4.66321
4.65322
4.64336
4.63362
4.67852
4.66818
4.65799
4.64798
4.63815
4.6285
4.61907
4.70374
4.69752
4.69159
4.68594
4.68058
4.67554
4.6708
4.66639
4.6623
4.65856
4.65517
4.65213
4.64945
4.64715
4.64523
4.6437
4.64257
4.64184
4.64153
4.64164
4.64218
4.64316
4.64458
4.64646
4.6488
4.6516
4.65488
4.65865
4.6629
4.66764
4.67289
4.67865
4.68491
4.69169
4.699
4.70682
4.71518
4.72406
4.73348
4.74343
4.75391
4.76492
4.77647
4.78854
4.80113
4.81424
4.82785
4.84197
4.85658
4.87167
4.88723
4.90323
4.91967
4.93652
4.95376
4.97138
4.98933
5.0076
5.02616
5.04496
5.06398
5.08318
5.10252
5.12196
5.14145
5.16095
5.1804
5.19977
5.21899
5.23802
5.2568
5.27528
5.29339
5.31109
5.32832
5.34501
5.36112
5.37659
5.39136
5.40537
5.41859
5.43094
5.4424
5.45291
5.46243
5.47092
5.47834
5.48467
5.48987
5.49392
5.4968
5.49849
5.499
5.4983
5.4964
5.49332
5.48905
5.48362
5.47704
5.46935
5.46056
5.45073
5.43989
5.42808
5.41536
5.40176
5.38736
5.3722
5.35634
5.33985
5.32279
5.30522
5.2872
5.2688
5.25008
5.23111
5.21195
5.19265
5.17328
5.15389
5.13454
5.11528
5.09616
5.07723
5.05854
5.04011
5.022
5.00424
4.98685
4.96989
4.95336
4.93729
4.92172
4.90665
4.8921
4.87809
4.86464
4.85174
4.83942
4.82767
4.8165
4.80592
4.79592
4.78651
4.77768
4.76944
4.76177
4.75468
4.74816
4.7422
4.7368
4.73194
4.72763
4.72384
4.72058
4.71782
4.71557
4.7138
4.7125
4.71167
4.71128
4.71133
4.71178
4.71264
4.71388
4.71548
4.71742
4.71967
4.72222
4.72503
4.72808
4.73134
4.73477
4.73833
4.74199
4.74571
4.74945
4.75315
4.75676
4.77383
4.77668
4.77927
4.78156
4.78346
4.78493
4.78591
4.78632
4.78611
4.78522
4.78359
4.78116
4.77788
4.77369
4.76856
4.76244
4.7553
4.7471
4.73784
4.7275
4.71607
4.70354
4.68993
4.67526
4.65954
4.64281
4.62509
4.59288
4.57307
4.55242
4.53097
4.50879
4.48593
4.46245
4.4384
4.41384
4.38884
4.36344
4.39463
4.36885
4.34282
4.31661
4.29026
4.2638
4.23729
4.21075
4.18423
4.15775
4.13136
4.10507
4.07892
4.05294
4.02714
4.00155
3.9762
4.00773
3.9835
3.95956
3.93594
3.91265
3.88971
3.86714
3.84497
3.8232
3.80187
3.78099
3.76058
3.74066
3.72124
3.70235
3.68401
3.66623
3.64903
3.63242
3.61643
3.60107
3.58635
3.57229
3.55889
3.54618
3.53417
3.52285
3.51225
3.50237
3.49085
3.48251
3.47492
3.46807
3.46197
3.45661
3.452
3.44813
3.44501
3.44263
3.44098
3.44006
3.43987
3.4404
3.44163
3.44357
3.66006
3.67094
3.68241
3.69442
3.70692
3.71988
3.73326
3.74701
3.76109
3.77546
3.79008
3.80489
3.81987
3.83496
3.85014
3.86535
3.88058
3.89578
3.91092
3.91429
3.92933
3.94425
3.95903
3.97366
3.98813
4.00242
4.01655
4.0305
4.04429
4.05791
4.07139
4.08472
4.09792
4.11101
4.124
4.13691
4.14977
4.16257
4.17536
4.18813
4.20091
4.21371
4.22656
4.23945
4.25239
4.26541
4.2785
4.29166
4.30491
4.31823
4.33162
4.34507
4.35859
4.37215
4.38575
4.39937
4.413
4.42661
4.4402
4.45373
4.46719
4.48056
4.49382
4.50695
4.51993
4.53272
4.54533
4.55772
4.56988
4.58179
4.59343
4.60479
4.61586
4.62663
4.63708
4.6472
4.65699
4.66645
4.67557
4.68434
4.69277
4.70086
4.70861
4.71603
4.81702
4.82239
4.82739
4.83202
4.83631
4.84025
4.84387
4.84718
4.8502
4.85295
4.85544
4.8577
4.85973
4.86156
4.86321
4.86469
4.86603
4.86723
4.86833
4.86932
4.87024
4.87109
4.87189
4.87265
4.87339
4.87411
4.87482
4.87553
4.87625
4.87699
4.87774
4.8785
4.87929
4.88009
4.88091
4.88174
4.88258
4.88342
4.88424
4.88506
4.88584
4.88659
4.88728
4.88792
4.88848
4.94088
4.96624
4.96703
4.96769
4.9682
4.96855
4.96872
4.96872
4.96852
4.96811
4.96748
4.96662
4.96553
4.96419
4.9626
4.96076
4.83885
4.83681
4.83461
4.83223
4.82967
4.82694
4.82403
4.82093
4.81766
4.81421
4.81058
4.80678
4.80281
4.79867
4.79437
4.78991
4.78529
4.78053
4.77562
4.77058
4.7654
4.7601
4.70489
4.69988
4.69476
4.68952
4.68416
4.6787
4.67312
4.66743
4.66163
4.65572
4.6497
4.64356
4.63731
4.63094
4.62444
4.61782
4.61106
4.60417
4.59714
4.58997
4.58266
4.5752
4.56759
4.55983
4.55192
4.54387
4.53566
4.52732
4.51883
4.51022
4.50149
4.49264
4.48369
4.47465
4.46554
4.45636
4.44715
4.43791
4.42867
4.41944
4.41025
4.40112
4.39207
4.38313
4.37431
4.36563
4.35713
4.34883
4.34073
4.33288
4.32527
4.31795
4.31091
4.30419
4.29778
4.29172
4.28601
4.28067
4.2757
4.27111
4.26691
4.34032
4.33534
4.3308
4.3267
4.32304
4.31983
4.31706
4.31473
4.31284
4.31139
4.31038
4.30979
4.30963
4.30989
4.31056
4.31163
4.31311
4.31499
4.31725
4.3199
4.32292
4.32632
4.33009
4.33421
4.3387
4.34353
4.34872
4.35425
4.36013
4.36636
4.37292
4.37982
4.38707
4.39466
4.40258
4.41085
4.41947
4.42843
4.43773
4.44739
4.4574
4.46776
4.42853
4.54651
4.5587
4.57119
4.58398
4.59708
4.61049
4.62419
4.63819
4.65249
4.66708
4.68196
4.69713
4.71257
4.72829
4.74428
4.76053
4.77703
4.79377
4.81075
4.82795
4.84537
4.863
4.88081
4.89881
4.91698
4.93529
4.95375
4.97234
4.99103
5.00981
5.02868
5.0476
5.06656
5.08554
5.10452
5.12348
5.1424
5.16125
5.18001
5.19865
5.21714
5.23547
5.2536
5.38118
5.39188
5.40227
5.41231
5.42199
5.43128
5.44017
5.44864
5.45665
5.4642
5.47126
5.47783
5.48388
5.4894
5.49438
5.49882
5.50271
5.50605
5.50884
5.51108
5.51278
5.51396
5.51462
5.51478
5.51447
5.51371
5.51252
5.51092
5.50896
5.50666
5.50406
5.50119
5.49809
5.49479
5.49134
5.48777
5.48411
5.48041
5.4767
5.47302
5.46941
5.46589
5.46249
5.45926
5.45621
5.45338
5.45078
5.44845
5.4464
5.44466
5.44323
5.44214
5.44139
5.44101
5.44099
5.44134
5.44208
5.4432
5.4447
5.44659
5.44886
5.45151
5.45453
5.45792
5.46167
5.46576
5.4702
5.47495
5.48002
5.48538
5.49101
5.4969
5.50303
5.50938
5.51591
5.52262
5.52946
5.53642
5.54346
5.55055
5.55766
5.56476
5.57181
5.57878
5.58562
5.5923
5.59879
5.60503
5.61099
5.61664
5.62191
5.62679
5.63122
5.63517
5.63859
5.64145
5.64372
5.64536
5.64634
5.64664
5.64621
5.64506
5.64314
5.64046
5.63699
5.63273
5.62768
5.62184
5.61522
5.60781
5.59965
5.59073
5.5811
5.57076
5.55975
5.41048
5.40127
5.39154
5.38132
5.37066
5.35959
5.34816
5.3364
5.32435
5.31206
5.29956
5.28689
5.27408
5.26117
5.24819
5.23516
5.22212
5.20909
5.19608
5.18313
5.17023
5.15741
5.14468
5.13204
5.11951
5.10709
5.09477
5.08258
5.0705
5.05855
5.04671
5.035
5.02341
5.01196
5.00063
4.98944
4.97839
4.96748
4.95674
4.94616
4.93576
4.92554
4.91553
4.90573
4.89617
4.88686
4.87781
4.86904
4.86058
4.85244
4.84463
4.83718
4.83011
4.82342
4.81714
4.81127
4.80584
4.80086
4.79633
4.79227
4.78868
4.78558
4.78296
4.78083
4.77919
4.77805
4.7774
4.77723
4.77755
4.77835
4.77961
4.78134
4.78352
4.78613
4.78917
4.79262
4.79646
4.80068
4.80525
4.81016
4.81538
4.82089
4.82666
4.83268
4.8389
4.84531
4.85188
4.85857
4.86536
4.91157
4.91924
4.9269
4.93452
4.94206
4.9495
4.95679
4.9639
4.9708
4.97743
4.98378
4.9898
4.99546
5.00072
5.00555
5.00992
5.0138
5.01716
5.01996
5.02219
5.02382
5.02482
5.02518
5.02488
5.0239
5.02223
5.0447
5.04159
5.03773
5.03312
5.02776
5.02165
5.01479
5.00719
4.99886
4.98981
4.98006
4.96963
4.95852
4.94677
4.9344
4.92142
4.90788
4.89379
4.87919
4.8641
4.84857
4.83262
4.81629
4.79961
4.78263
4.76537
4.74789
4.7302
4.71236
4.69441
4.67637
4.6583
4.64022
4.62219
4.60423
4.58638
4.56869
4.55118
4.53391
4.51689
4.50017
4.48378
4.46775
4.45212
4.43691
4.42215
4.40788
4.39412
4.38089
4.36821
4.35612
4.34462
4.33374
4.32349
4.31389
4.30495
4.29668
4.28909
4.28218
4.27597
4.27044
4.26561
4.26147
4.25802
4.25525
4.25315
4.25171
4.25093
4.25079
4.25127
4.25237
4.25405
4.60877
4.60946
4.61039
4.61156
4.61295
4.61454
4.61634
4.28633
4.29236
4.29876
4.30548
4.31252
4.31983
4.3274
4.33519
4.34318
4.35134
4.35965
4.36807
4.37659
4.38517
4.39379
4.40243
4.41105
4.41964
4.42817
4.43662
4.44496
4.45317
4.46124
4.46914
4.47685
4.48437
4.49166
4.49872
4.50554
4.5121
4.5184
4.52443
4.53019
4.53566
4.54085
4.54577
4.54193
4.54689
4.5516
4.55605
4.56027
4.56426
4.56802
4.57158
4.57493
4.5781
4.58108
4.58389
4.58654
4.58903
4.59136
4.59353
4.59555
4.5974
4.59908
4.60058
4.60187
4.60294
4.60377
4.60432
4.60457
4.60448
4.60401
4.60313
4.60178
4.59993
4.59753
4.59454
4.5909
4.79373
4.78855
4.78259
4.77581
4.76817
4.75965
4.75024
4.73991
4.72867
4.71651
4.70344
4.6895
4.67469
4.65907
4.64266
4.62553
4.60773
4.58933
4.57041
4.51408
4.49561
4.47688
4.45797
4.43898
4.41998
4.40109
4.38238
4.36395
4.34588
4.32826
4.31116
4.29467
4.27886
4.26378
4.24951
4.23609
4.22359
4.21203
4.20147
4.19193
4.18345
4.17604
4.16973
4.16452
4.16042
4.15744
4.15557
4.15481
4.15516
3.97398
3.97492
3.97702
3.98024
3.98458
3.99001
3.99651
4.00406
4.13407
4.14563
4.15824
4.17185
4.18645
4.20198
4.21843
4.23574
4.25389
4.27284
4.29255
4.31298
4.33409
4.35584
4.3782
4.40112
4.42456
4.44849
4.47287
4.49765
4.5228
4.54828
4.57405
4.60007
4.62631
4.65273
4.67929
4.70595
4.73267
4.75943
4.78618
4.81289
4.83952
4.86603
4.89238
4.91855
4.94449
4.97017
4.99554
5.02057
5.04523
5.06947
5.11281
5.13826
5.16317
5.18749
5.21118
5.23422
5.25655
5.27814
5.29896
5.31896
5.33812
5.3564
5.41751
5.4344
5.4503
5.46516
5.47897
5.4917
5.50333
5.51384
5.52321
5.53143
5.53849
5.54437
5.54907
5.5526
5.55495
5.55612
5.55613
5.55497
5.55268
5.54926
5.54474
5.53913
5.53247
5.52478
5.51609
5.50643
5.49585
5.49888
5.48696
5.47423
5.46073
5.4465
5.4316
5.41606
5.39992
5.38323
5.36603
5.34837
5.33028
5.31182
5.29301
5.2739
5.25452
5.23491
5.2151
5.19512
5.17501
5.15478
5.13447
5.1141
5.09369
5.07325
5.05282
5.03239
5.01198
4.99161
4.97128
4.951
4.93078
4.91062
4.89053
4.8705
4.85055
4.83067
4.81086
4.81479
4.80259
4.79046
4.77839
4.76639
4.75445
4.74256
4.73073
4.71896
4.70723
4.69556
4.68394
4.67237
4.66086
4.6494
4.63799
4.62665
4.61537
4.60416
4.59302
4.58195
4.57096
4.56005
4.54923
4.5385
4.52787
4.51734
4.50691
4.4966
4.48639
4.4763
4.46633
4.45647
4.44674
4.43714
4.42765
4.41829
4.40905
4.39992
4.39092
4.38204
4.37326
4.3646
4.35604
4.34758
4.33921
4.33094
4.32275
4.31464
4.31964
4.31358
4.30756
4.30159
4.29565
4.28975
4.28387
4.27802
4.27219
4.26639
4.26059
4.25482
4.24906
4.24332
4.2376
4.2319
4.22623
4.22059
4.21499
4.20942
4.20391
4.19846
4.19307
4.18776
4.18255
4.17743
4.17244
4.16757
4.16285
4.15829
4.15391
4.14972
4.14574
4.142
4.1385
4.13527
4.13233
4.12969
4.12738
4.12542
4.12382
4.1226
4.12179
4.1214
4.12146
4.12197
4.12296
3.99744
3.9986
4.00027
4.00247
4.00521
4.00852
4.0124
4.01686
4.02193
4.0276
4.03389
4.04081
4.04836
4.05655
4.06537
4.07484
4.08494
4.09568
4.10705
4.11904
4.13165
4.14485
4.23062
4.24319
4.2563
4.26993
4.28406
4.29865
4.31367
4.32908
4.34485
4.36093
4.37728
4.39385
4.41059
4.42744
4.44435
4.46126
4.47812
4.49485
4.51141
4.52773
4.54375
4.55942
4.57466
4.58942
4.60365
4.61729
4.6303
4.64262
4.6542
4.66501
4.67501
4.68416
4.69243
4.69979
4.70621
4.71169
4.71619
4.7197
4.72221
4.84076
4.84118
4.84051
4.83874
4.83588
4.83192
4.82689
4.82078
4.81363
4.80545
4.79626
4.78609
4.77498
4.76295
4.75004
4.73631
4.7218
4.70656
4.69064
4.67411
4.65704
4.63949
4.62152
4.60322
4.56959
4.55065
4.53161
4.51254
4.49352
4.47462
4.45591
4.43747
4.41936
4.40165
4.3844
4.36767
4.35151
4.33598
4.32111
4.30696
4.29355
4.28093
4.26911
4.25812
4.24798
4.23871
4.23031
4.22279
4.21572
4.21233
4.20985
4.20828
4.2076
4.2078
4.20886
4.21076
4.21348
4.217
4.2213
4.22634
4.23211
4.23856
4.24566
4.25339
4.26172
4.2706
4.28
4.28988
4.30022
4.31097
4.3221
4.33357
4.34534
4.35737
4.36964
4.38211
4.39473
4.40749
4.42034
4.43326
4.44621
4.45917
4.47211
4.48501
4.49785
4.5106
4.52325
4.53578
4.54819
4.56045
4.57256
4.58451
4.59631
4.60794
4.61942
4.63073
4.64189
4.65289
4.66375
4.67448
4.68507
4.69554
4.70591
4.66571
4.67511
4.68447
4.69379
4.70308
4.71235
4.72159
4.73083
4.74005
4.74927
4.75848
4.76768
4.77686
4.78603
4.79517
4.80429
4.81336
4.82239
4.83135
4.84024
4.84905
4.85776
4.86635
4.87481
4.88313
4.89129
4.89919
4.90698
4.91456
4.92192
4.92904
4.9359
4.82218
4.82477
4.82702
4.82893
4.83048
4.83168
4.83251
4.83299
4.83309
4.83284
4.83222
4.83124
4.8299
4.82821
4.82618
4.82381
4.82111
4.81809
4.81476
4.81113
4.80721
4.803
4.79853
4.7938
4.78883
4.78362
4.77819
4.77255
4.7667
4.76067
4.75446
4.74807
4.74153
4.73483
4.72799
4.72101
4.7139
4.70667
4.69932
4.69185
4.68428
4.6766
4.66883
4.66095
4.65298
4.64492
4.63677
4.62853
4.62021
4.6118
4.60331
4.59474
4.5861
4.57738
4.56858
4.55972
4.5508
4.62683
4.61817
4.60942
4.60061
4.59173
4.58279
4.5738
4.56477
4.5557
4.54661
4.53751
4.5284
4.5193
4.51021
4.50115
4.49214
4.48318
4.47429
4.46547
4.45675
4.44813
4.43962
4.43124
4.42301
4.41492
4.40699
4.39923
4.39165
4.38426
4.38902
4.54932
4.54292
4.53687
4.53116
4.5258
4.52078
4.51611
4.51176
4.50774
4.50402
4.50061
4.49748
4.49462
4.492
4.4896
4.4874
4.48538
4.49639
4.49436
4.49243
4.49057
4.48875
4.48693
4.48509
4.4832
4.48123
4.47916
4.47695
4.47458
4.47204
4.46931
4.46637
4.4632
4.45981
4.45618
4.45232
4.44823
4.44391
4.43938
4.43466
4.42975
4.42469
4.4195
4.41421
4.40884
4.40344
4.39804
4.39267
4.38737
4.38219
4.37716
4.37233
4.36773
4.3634
4.35939
4.35573
4.35246
4.34962
4.34723
4.34534
4.34396
4.34314
4.34289
4.34324
4.34421
4.34581
4.34808
4.35102
4.35464
4.35895
4.36397
4.3697
4.35326
4.3607
4.36886
4.37773
4.38731
4.3976
4.40859
4.42026
4.43261
4.44563
4.4593
4.4736
4.48853
4.50405
4.52015
4.53682
4.55401
4.57172
4.58991
4.60856
4.62763
4.6471
4.66694
4.68711
4.70758
4.7283
4.74925
4.77039
4.79167
4.81305
4.8345
4.85596
4.87739
4.89875
4.91998
4.94105
4.96191
4.9825
5.00278
5.0227
5.04221
5.06126
5.0798
5.0978
5.11519
5.13194
5.148
5.16334
5.1779
5.19165
5.20455
5.21658
5.22769
5.23787
5.24707
5.25528
5.26249
5.26866
5.27379
5.27786
5.28088
5.28282
5.2837
5.28351
5.28226
5.22925
5.22588
5.22151
5.21615
5.20982
5.20254
5.19435
5.18525
5.1753
5.16451
5.24363
5.2339
5.22347
5.21236
5.20064
5.18833
5.17549
5.16216
5.14838
5.1342
5.06146
5.05035
5.039
5.02745
4.99302
4.98193
4.97078
4.98074
4.97016
4.95962
4.94918
4.93887
4.92872
4.91877
4.90903
4.89955
4.89033
4.88141
4.8728
4.86451
4.85656
4.84895
4.84169
4.83478
4.82822
4.822
4.81611
4.81054
4.80529
4.80032
4.79562
4.79116
4.78692
4.78287
4.8618
4.86498
4.86814
4.87122
4.87417
4.87695
4.87952
4.88182
4.88382
4.88545
4.8867
4.8875
4.88782
4.88762
4.88688
4.88555
4.88361
4.88103
4.87781
4.8739
4.86932
4.86404
4.85806
4.85138
4.844
4.83594
4.8272
4.8178
4.80775
4.79708
4.78581
4.77397
4.76159
4.74869
4.73532
4.72151
4.70729
4.71657
4.70462
4.69242
4.68001
4.66743
4.65471
4.64188
4.62898
4.61602
4.60306
4.59011
4.57721
4.56437
4.55164
4.53903
4.52656
4.51427
4.50216
4.49027
4.47861
4.46719
4.45604
4.44517
4.43459
4.42433
4.41438
4.40476
4.42861
4.42063
4.41304
4.40583
4.39901
4.3926
4.38658
4.38097
4.37577
4.37099
4.36661
4.36265
4.3591
4.35596
4.35323
4.3509
4.34898
4.34746
4.34634
4.3456
4.34524
4.34526
4.34565
4.3464
4.34751
4.34896
4.35074
4.35285
4.35528
4.35802
4.36105
4.36437
4.36798
4.37186
4.37599
4.38039
4.38502
4.3899
4.39501
4.40034
4.40588
4.41164
4.40388
4.40823
4.41278
4.41755
4.42253
4.42771
4.43309
4.43868
4.44446
4.45044
4.4566
4.46296
4.46951
4.47623
4.48313
4.4902
4.49744
4.50483
4.51238
4.52006
4.52787
4.5358
4.54384
4.55197
4.56017
4.56845
4.57676
4.58511
4.59347
4.60183
4.61016
4.61845
4.62668
4.63484
4.6429
4.65085
4.65867
4.66635
4.67388
4.68124
4.68842
4.69542
4.70222
4.70882
4.71522
4.72141
4.72741
4.7332
4.73879
4.74419
4.74941
4.75446
4.75935
4.76409
4.76869
4.77318
4.77757
4.78188
4.78612
4.79032
4.79449
4.79866
4.80283
4.80704
4.8113
4.81563
4.82004
4.82456
4.8292
4.83397
4.83888
4.84396
4.84921
4.87338
4.87946
4.88574
4.89222
4.8989
4.90579
4.91289
4.92019
4.92769
4.93538
4.94326
4.95132
4.95955
4.96793
4.97645
4.98682
4.99554
5.00435
5.04037
5.04918
5.05802
5.06688
5.07572
5.08452
5.09327
5.10194
5.11049
5.11892
5.12719
5.13528
5.14316
5.15082
5.15823
5.03151
4.99706
5.00266
5.00796
5.01294
5.01759
5.0219
5.02587
5.02949
5.03275
5.03566
5.03822
5.04042
5.04226
5.04375
5.0449
5.04572
5.0462
5.04636
5.04621
5.04576
5.04503
5.04402
5.04275
5.04123
5.03948
5.03752
5.03536
5.03302
5.03051
5.02785
5.02505
5.02214
