-0.679231
-0.679231
-0.679231
-0.549929
-0.180877
-0.180877
-0.412183
-0.412183
-0.412183
-0.281794
-0.19925
-0.0495278
0.408849
0.408849
0.396656
0.359104
0.359104
0.308338
0.518595
0.663438
0.663438
0.663438
0.666782
0.666782
0.940301
0.940301
0.258028
0.582275
0.721359
0.721359
0.721359
0.721359
0.721359
0.721359
0.0622061
0.446367
0.446367
0.264606
-0.182936
-0.57499
-0.608237
-0.608237
-0.608237
-0.520897
-0.520897
-0.520897
-0.520897
-0.270495
-0.884119
-0.569241
-0.569241
-0.569241
-0.851429
-0.851429
-0.803794
-0.666953
-0.666953
-0.666953
-0.666953
-0.666953
-0.666953
-0.666953
-0.666953
-0.666953
-0.666953
-0.666953
-0.444424
0.356858
0.824937
0.824937
0.308574
0.308574
-0.489601
-0.489601
-0.489601
-0.489601
-0.489601
-0.489601
-0.489601
-0.489601
-0.489601
-0.226563
-0.660794
-0.660794
-0.660794
-0.660794
-0.660794
-0.660794
-0.757615
-0.580481
-0.580481
-0.671604
-0.671604
-0.671604
-0.671604
-0.554528
-0.554528
-0.554528
-0.554528
-0.554528
-0.554528
-0.554528
-0.554528
-0.554528
-0.554528
0.290454
0.290454
0.827384
0.827384
0.827384
0.447606
0.519883
0.519883
0.519883
-0.364686
-0.364686
-0.364686
-0.893963
-0.949085
-0.763189
-0.763189
-0.0364223
-0.409822
-0.240261
-0.833894
-0.833894
-0.833894
-0.833894
-0.833894
-0.833894
-0.734462
-0.776454
-0.776454
-0.776454
-0.776454
-0.776454
-0.776454
-0.776454
-0.243623
0.472917
0.472917
0.89991
0.611178
0.605183
0.605183
0.71894
0.71894
0.71894
0.701012
0.773702
0.773702
0.773702
0.0693611
-0.186446
-0.677289
-0.775352
-0.775352
-0.775352
-0.48644
-0.48644
-0.48644
-0.30514
-0.183068
0.256269
0.462475
0.462475
-0.419695
-0.357343
-0.710052
-0.546056
-0.546056
0.349611
0.859802
0.686933
0.485873
0.485873
0.143225
0.527411
0.527411
0.840936
0.840936
0.840936
0.675588
0.675588
0.974593
0.137097
0.9755
0.9755
0.9755
0.554189
0.554189
0.722937
0.323654
0.323654
1.08727
1.08727
1.08727
1.08727
1.08727
1.08727
1.08727
1.08727
1.08727
1.08727
0.892189
0.591916
0.591916
0.591916
0.610109
0.728378
0.728378
0.728378
0.728378
0.728378
0.728378
0.728378
0.728378
0.577571
0.595763
0.384848
0.384848
0.384848
0.384848
0.384848
0.384848
-0.184945
-0.911887
-0.911887
-0.302034
-0.186885
-0.452008
-0.452008
-0.452008
-0.543621
-0.543621
-0.785647
-0.785647
-0.766112
-0.766112
-0.766112
-0.121243
-0.772692
-0.823925
-0.823925
-1.0439
-0.349549
-0.596371
-0.596371
-0.596371
-0.596371
-1.05423
-0.559662
-0.57121
-0.573687
-0.573687
-0.573687
-0.573687
-0.329679
-0.307786
0.550222
0.550222
0.726394
0.111473
0.428716
0.428716
0.428716
0.419553
0.758784
0.758784
0.340006
0.525452
0.759871
0.759871
0.759871
0.811084
0.658788
0.758998
0.752896
0.752896
0.418113
0.771205
0.771205
0.273764
0.273764
0.477897
0.477897
0.842898
0.685159
0.662983
0.468875
0.468875
0.468875
0.468875
0.468875
0.762847
0.762847
0.762847
0.762847
0.762847
0.37845
-0.264121
-0.95394
-0.386975
0.347794
-0.371044
0.408641
0.408641
-0.173183
-0.189713
-1.04102
-0.191449
0.326017
0.452916
-0.37773
0.429641
1.04478
0.263126
0.308219
0.308219
0.308219
0.308219
0.543854
0.543854
0.430489
-0.31501
-0.405494
-0.405494
-0.405494
0.373541
1.17339
1.17339
1.0403
0.320627
0.319645
0.851734
0.486367
0.618841
0.661756
0.661756
0.687716
0.687716
0.687716
0.96155
0.96155
0.96155
0.96155
0.552415
0.552415
0.424943
0.424943
-0.392503
-0.563927
-0.563927
-0.481311
-0.870769
-0.870769
-0.870769
-0.870769
-0.399365
-0.266605
0.109623
-0.0140176
0.010717
0.756069
0.0848943
-0.145455
0.426796
0.426796
0.426796
0.426796
0.426796
0.823443
0.689456
0.689456
0.416379
0.416379
0.68459
0.68459
0.806835
0.806835
0.806835
0.806835
0.806835
0.806835
0.806835
0.570304
0.570304
0.570304
0.570304
0.570304
-0.198674
-0.564245
-0.468807
-0.468807
-0.468807
-0.468807
-0.468807
-0.370069
-0.370069
-0.370069
-0.370069
-0.623383
-0.947429
-0.947429
-0.294696
-0.94796
-0.94796
-0.94796
-0.94796
-0.94796
-0.94796
-0.94796
-0.617796
-0.617796
-0.617796
-0.270529
-0.270529
-0.226825
0.561284
0.561284
0.872733
0.411884
-0.404256
0.471141
0.471141
0.471141
0.471141
0.471141
0.471141
0.740005
0.740005
0.740005
0.231171
-0.552689
-0.552689
-0.727119
-0.727119
-0.678783
-0.678783
-0.833371
-0.833371
-0.307963
0.381211
0.669121
0.669121
0.669121
0.559703
0.499922
0.499922
0.905472
0.615431
0.615431
0.781847
0.781847
0.733449
0.733449
0.733449
0.724648
0.724648
0.724648
0.724648
0.724648
0.508719
0.508719
0.233819
0.233819
0.556405
0.556405
0.556405
0.556405
0.556405
0.556405
0.556405
0.556405
0.556405
0.418792
0.418792
-0.359892
-0.359892
-0.359892
-0.359892
-0.35579
-0.934678
-0.842013
-0.842013
-0.842013
-0.475754
-0.475754
-0.475754
-0.599874
-0.375348
0.0537567
-0.529667
-0.533406
-0.533406
-0.533406
-0.533406
-0.533406
-0.533406
-0.533406
-0.533406
-0.823458
-0.823458
-0.823458
-0.823458
-0.823458
-0.823458
-0.823458
-0.819291
-0.819291
-0.282731
0.116039
-0.176509
-0.814372
-0.317197
-0.317197
-0.317197
0.193941
0.853196
0.853196
0.853196
0.853196
0.853196
0.853196
0.853196
0.853196
1.0063
1.0063
1.0063
0.566063
0.566063
0.566063
0.332431
0.376585
0.376585
0.376585
0.376585
-0.461856
-0.461856
-0.578526
-0.578526
-0.760447
-0.0055507
-0.0726388
0.760403
0.52132
0.52132
0.52132
0.52132
0.52132
0.790419
0.850154
0.850154
0.0593229
0.438145
0.438145
0.438145
0.438145
0.438145
0.438145
-0.359412
-0.359412
-0.359412
-0.359412
-0.359412
-0.387692
-0.387692
-0.387692
-0.783523
-0.633373
-0.633373
-0.633373
-0.058987
0.52806
0.52806
0.797583
0.303798
0.492147
0.492147
0.492147
0.492147
-0.219627
0.61944
0.61944
0.61944
0.61944
0.61944
0.61944
0.61944
0.61944
0.142808
0.759141
0.759141
0.759141
0.759141
0.759141
0.759141
0.759141
0.759141
0.759141
0.759141
0.149354
0.507312
0.507312
0.507312
0.507312
0.668066
0.668066
0.668066
0.477927
0.477927
0.902177
0.598352
0.560359
0.560359
0.560359
0.560359
0.560359
0.560359
0.957981
0.408236
0.408236
0.19167
0.156111
-0.636002
-0.636002
-0.636002
-0.636002
-0.636002
-0.524838
-0.524838
-0.524838
-0.524838
-0.524838
-0.524838
-0.524838
-0.524838
-0.524838
-0.524838
-0.524838
-0.524838
-0.524838
-0.319338
-0.394037
-0.394037
-0.394037
-0.394037
-0.513329
-0.513329
-0.577093
0.258
0.258
0.452962
0.839802
1.16653
0.357179
0.516112
0.516112
0.516112
0.516112
0.516112
0.516112
0.50954
0.50954
0.50954
0.50954
0.50954
0.706731
0.599757
0.599757
0.599757
0.599757
0.599757
0.599757
0.408129
0.408129
0.408129
0.666942
0.666942
0.666942
0.900959
0.900959
0.900959
0.732606
0.732606
0.732606
0.732606
0.732606
0.732606
0.732606
0.732606
0.732606
0.732606
0.495556
0.495556
0.495556
0.495556
0.495556
0.495556
0.555113
0.555113
0.555113
0.809997
0.809997
0.809997
0.809997
0.809997
0.571815
0.571815
0.571815
-0.307123
0.335093
0.718647
0.718647
0.718647
0.718647
0.718647
0.718647
0.718647
0.718647
0.718647
-0.117145
-0.91108
-0.91108
-0.91108
-0.91108
-0.91108
-0.503068
-0.503068
0.262103
0.376123
0.790088
0.750322
0.750322
0.750322
0.396674
0.673517
0.673517
0.673517
0.702613
0.474481
0.474481
0.474481
0.499178
0.499178
0.499178
0.499178
0.499178
0.595499
0.595499
0.456725
0.456725
0.474178
0.687619
0.687619
0.661992
0.661992
0.661992
0.661992
0.575339
0.849493
1.04335
0.393018
0.529746
0.529746
0.529746
0.529746
0.529746
0.529746
0.289119
0.289119
0.289119
0.308858
0.308858
0.669116
0.756751
0.412971
0.412971
0.600938
0.817879
0.817879
0.640126
0.640126
0.640126
0.271478
0.932157
0.932157
0.932157
0.932157
0.148546
-0.504701
-0.504701
-0.509305
-0.992127
-0.497876
-0.456637
0.292145
0.649468
-0.221763
-0.302686
-0.825051
-0.825051
-0.825051
-1.00852
-0.671206
-0.671206
-0.671206
-0.671206
-0.671206
-0.82175
-0.82175
-0.708601
-0.708601
-0.568267
-0.568267
-0.568267
-0.568267
-0.568267
-0.568267
-0.568267
-0.765532
-0.317659
-0.317659
-0.317659
-0.800075
-0.800075
-0.789715
-0.555986
-0.555986
-0.586649
-0.586649
-0.586649
-0.586649
-0.538549
-0.824129
-0.274867
-0.274867
0.598333
0.598333
0.742517
0.742517
0.742517
0.343167
0.343167
0.732628
0.732628
0.732628
0.625847
0.625847
0.625847
0.625847
0.625847
0.625847
-0.0784559
-0.78408
-0.78408
-0.78408
-0.738705
-0.738705
-0.698399
-0.698399
-0.698399
-0.698399
-0.73655
-0.73655
-0.73655
-0.73655
-0.73655
-0.812942
-0.812942
-0.754708
-0.754708
-0.754708
-0.224298
0.663768
0.663768
0.663768
0.675752
0.675752
0.675752
0.44716
0.44716
0.44716
0.44716
0.44716
0.44716
0.435066
0.623613
0.623613
0.623613
0.245093
0.245093
-0.259332
-0.259332
-0.221134
-0.078833
-0.40615
0.170151
0.498746
0.498746
0.460077
0.460077
0.557255
0.584406
0.584406
0.523485
0.92658
0.819491
0.819491
0.819491
0.819491
0.819491
0.249243
0.216332
-0.604357
-0.932872
-0.932872
-0.405193
-0.405193
-0.405193
-0.405193
-0.405193
0.345322
0.345322
0.262267
0.357236
0.357236
0.310687
0.670898
0.397475
-0.205171
-0.188529
-0.32787
0.36269
0.36269
0.859195
0.822929
0.822929
0.822929
0.853725
0.853725
0.853725
0.853725
0.853725
0.853725
0.853725
0.758335
0.939587
0.939587
0.939587
0.939587
1.0562
0.762672
0.762672
0.762672
0.603534
0.474346
0.474346
0.830047
0.830047
0.840497
0.840497
0.840497
0.840497
0.543564
0.543564
0.543564
0.543564
0.941175
0.449161
0.449161
0.584007
0.30089
-0.578346
-0.578346
-0.578346
-0.632503
-0.632503
-0.635311
-0.635311
-0.635311
-0.635311
-0.635311
-0.560098
-0.0240881
-0.389002
-0.389002
-0.389002
-0.389002
0.415905
-0.479386
-0.479386
-0.591222
-0.591222
-0.591222
-0.591222
-0.591222
-0.591222
-0.591222
-0.830312
-0.874785
-0.874785
-0.702812
-0.702812
-0.702812
-0.702812
-0.102239
0.718011
0.718011
0.718011
0.718011
0.47299
0.47299
-0.203699
-0.716723
-0.589014
-0.00374673
-0.468462
-0.468462
-0.468462
0.120441
0.558405
0.558405
0.558405
0.558405
0.558405
0.558405
0.558405
0.617403
0.617403
0.617403
0.617403
0.485979
-0.112039
0.186547
0.804418
0.804418
0.804418
0.804418
1.06703
1.06703
0.255544
0.559253
0.362541
0.873188
0.873188
0.873188
0.873188
0.873188
0.406906
0.406906
0.406906
0.406906
0.406906
0.435505
0.421944
0.538721
0.407902
-0.115533
0.540174
0.540174
0.540174
0.622103
0.420062
0.866023
0.866023
0.866023
0.866023
0.866023
0.0210552
0.381809
-0.473023
-0.473023
0.424581
0.424581
0.424581
0.424581
0.372075
-0.294149
-0.0835587
0.684161
0.684161
0.558517
0.558517
0.558517
0.654869
0.654869
0.421467
0.421467
0.329444
-0.337138
0.257019
0.516674
0.516674
0.753986
0.753986
0.753986
0.780062
0.563727
0.308779
0.339
0.409021
0.575673
0.575673
0.544694
0.544694
0.544694
0.544694
0.544694
0.544694
0.544694
0.376933
0.376933
0.613667
-0.265129
-0.265129
-0.145107
-0.0401237
0.603733
0.603733
0.603733
0.603733
-0.221542
-0.0320228
-0.137854
-0.935195
-0.935195
-0.935195
-0.799171
-0.986055
-0.986055
-0.441846
-0.441846
-0.441846
-0.604062
-0.604062
-0.604062
-0.360241
-0.360241
-0.360241
0.461517
0.461517
0.461517
0.814032
0.814032
0.393523
0.393523
0.393523
-0.384098
-0.449579
-0.449579
-0.449579
0.295243
0.559198
0.559198
0.559198
0.559198
0.559198
0.559198
0.559198
0.559198
0.559198
0.948332
0.948332
0.461055
0.898919
0.898919
0.725409
0.725409
0.404545
0.404545
0.404545
0.27408
-0.362146
-0.563236
-0.944219
-0.944219
-0.813357
-0.813357
-0.813357
-0.327243
-0.379855
0.404063
0.404063
0.921404
0.410479
0.410479
0.410479
0.410479
0.410479
0.410479
0.410479
0.410479
0.39694
0.39694
0.39694
0.40673
0.40673
0.40673
0.40673
0.40673
0.40673
-0.481303
-0.481303
0.271257
-0.511103
-0.813495
-0.813495
-0.813495
-0.813495
-0.825502
-0.825502
-0.568533
-0.568533
-0.568533
-0.568533
-0.578113
0.316629
0.431765
0.946393
0.89501
0.89501
0.89501
0.89501
0.89501
0.457848
0.547658
0.547658
0.547658
0.547658
0.645887
0.645887
0.645887
0.645887
0.653178
0.653178
0.373676
-0.254909
0.571224
0.571224
0.571224
0.313201
0.159511
-0.525893
-0.525893
-0.3906
0.340669
0.699981
0.49599
0.815534
0.779312
0.779312
0.718736
0.718736
0.718736
0.718736
0.718736
0.351139
-0.517103
-0.549573
-0.740087
-0.740087
-0.740087
-0.988865
-0.732805
-0.732805
-0.339149
-0.618396
-0.618396
-0.618396
-0.618396
-0.618396
-0.618396
-0.618396
-0.618396
-0.618396
-0.618396
-0.618396
-0.743319
-0.326304
-0.326304
-0.86378
-0.524976
-0.605423
-0.605423
-0.575079
-0.575079
-0.345922
-0.345922
-0.638084
-0.471805
-0.213256
0.270654
0.270654
0.23717
-0.570436
-0.570436
-0.570436
-0.570436
-0.570436
-0.570436
-0.570436
-0.570436
-0.667963
-0.667963
-0.667963
-0.667963
-0.667963
-0.318404
-0.318404
-0.8803
-0.932718
-0.932718
-0.932718
-0.275676
0.290208
0.290208
-0.534701
-0.534701
-0.191639
-0.631752
-0.631752
-0.898368
-0.982834
-1.24487
-0.812629
-0.393991
-0.485738
-0.485738
-0.799064
-0.799064
-0.684884
-0.596598
-0.543771
-0.593599
-0.593599
-0.56401
-0.56401
-0.56401
-0.56401
-0.56401
-0.56401
-0.56401
-0.56401
-0.639261
-0.788437
-0.0530152
-0.908539
-0.908539
-0.908539
-0.363099
-0.363099
-1.11775
-0.39749
0.491371
0.861129
0.861129
0.861129
0.793926
0.793926
0.793926
0.793926
0.448023
0.448023
0.448023
0.456089
0.528544
0.528544
0.528544
0.271089
0.37082
1.02925
0.739446
0.739446
0.739446
0.739446
0.739446
0.629726
0.629726
0.629726
0.629726
0.600702
0.600702
0.600702
0.600702
0.600702
0.600702
0.600702
0.600702
0.600702
0.867347
0.867347
0.867347
0.867347
0.867347
0.339633
0.53561
0.53561
0.53561
0.53561
0.53561
0.957197
0.957915
0.957915
0.708487
0.708487
0.708487
0.708487
0.708487
0.708487
0.713504
0.383662
0.705822
0.219419
0.219419
0.440867
0.550983
0.293999
-0.273653
-0.626597
-0.626597
-0.626597
-0.626597
-0.476174
-0.476174
-0.476174
-0.476174
-0.931878
-0.931878
-0.845844
-0.845844
-0.234926
-0.234926
-0.234926
-0.64317
-0.690883
-0.690883
-0.690883
-0.690883
-0.707769
-0.707769
-0.724684
-0.416897
0.241865
0.465469
0.465469
0.734954
0.734954
0.734954
0.734954
0.734954
0.734954
0.734954
0.734954
0.734954
0.734954
0.734954
0.734954
0.734954
0.810301
0.810301
0.343227
0.487912
0.864717
0.864717
0.864717
0.309473
0.309473
0.919031
0.935463
0.935463
0.935463
0.935463
0.935463
0.935463
0.935463
0.935463
0.935463
0.935463
0.935463
0.935463
0.935463
0.857664
0.857664
0.857664
0.449095
0.517514
0.884477
0.346829
-0.119083
-0.28592
-0.28592
-0.28592
-0.574723
-0.574723
-0.739958
-0.739958
-0.520036
-0.520036
-0.520036
-0.520036
-0.520036
-0.520036
-0.719144
-0.719144
-0.719144
-0.719144
-0.719144
-0.719144
-0.719144
-0.749108
-0.749108
-0.749108
-0.749108
-0.387896
-0.387896
-0.387896
0.473154
0.473154
0.550259
0.59261
0.59261
0.809732
0.958101
0.749231
0.461813
-0.0982259
-0.281421
-0.806497
-0.113011
-0.804379
-0.804379
-0.500745
-0.500745
-0.500745
-0.500745
-0.430308
-0.614991
-0.21587
-0.458587
-0.458587
-0.481877
-0.481877
-0.95549
-0.95549
-0.873213
-0.272667
-0.272667
0.149411
0.541952
0.541952
0.541952
0.541952
0.541952
0.541952
0.541952
0.541952
0.541952
0.541952
0.468715
0.468715
0.291985
-0.529108
-0.247097
-0.259775
-0.259775
-0.259775
-0.259775
-0.822144
-0.822144
-0.42072
-0.548921
-0.553974
-0.668004
-0.524657
-0.524657
-0.466935
-0.466935
0.0489034
0.728155
0.728155
0.728155
0.728155
0.728155
0.288801
0.229598
-0.256505
0.116966
0.964317
0.964317
0.196867
-0.443267
-0.443267
-0.443267
-0.443267
-0.443267
-0.443267
-0.443267
0.388549
0.365378
0.699374
0.707649
0.707649
0.382404
0.382404
0.382404
0.931184
0.931184
0.820203
0.33516
0.33516
0.33516
-0.315741
-0.315741
0.44769
0.44769
0.44769
0.494412
0.753738
0.753738
0.765905
0.765905
0.765905
0.810384
0.810384
0.272085
0.395069
0.395069
0.22164
0.993901
0.993901
0.993901
0.993901
0.633588
0.633588
0.57866
0.144979
-0.27191
-1.08809
-1.08809
-1.01498
-0.570203
-0.366804
-0.366804
0.350816
0.833735
0.896971
0.656889
0.656889
0.656889
0.656889
0.656889
0.656889
0.656889
0.656889
0.834409
0.392822
0.392822
0.392822
0.392822
0.392822
0.392822
0.392822
0.392822
0.614184
0.614184
0.614184
0.473173
0.704696
0.482836
0.482836
0.482836
0.840801
0.840801
0.850953
0.850953
0.850953
0.990305
0.101667
0.295425
-0.502232
-0.502232
-0.502232
-0.502232
-0.502232
-0.502232
-0.502232
-0.904965
-0.904965
-0.317869
-0.471097
-0.471097
-0.471097
0.369886
0.369886
0.369886
0.437268
-0.333828
-0.333828
-0.333828
-0.57402
-0.57402
-0.57402
-0.57402
-0.57402
-0.57402
0.195641
-0.355803
-0.355803
-0.355803
-0.395339
-0.7482
-0.7482
-0.561421
-0.561421
-0.561421
-0.561421
-0.561421
0.143985
0.906095
0.906095
0.906095
0.676002
0.676002
0.676002
0.676002
0.676002
0.378557
0.378557
-0.394617
-0.512322
-0.512322
-0.512322
-0.512322
-0.511439
-0.511439
-0.635693
-0.635693
-0.545753
-0.589515
-0.589515
-0.589515
-0.569517
-0.569517
-0.838256
-0.838256
-0.838256
-0.885034
-0.885034
-0.655901
-0.655901
-0.655901
-0.655901
-0.3848
-0.899755
-0.397205
-0.271218
-0.562953
-0.562953
-0.562953
-0.562953
-0.562953
-0.562953
-0.562953
-0.562953
-0.562953
-0.170939
-0.0200533
-0.867693
-0.867693
-0.867693
-0.867693
-0.867693
-0.867693
-0.867693
-0.867693
-0.867693
-0.867693
-0.867693
-0.43885
-0.43885
-0.43885
-0.43885
-0.767138
-0.767138
-0.767138
-0.446498
0.369887
0.369887
0.289903
-0.592666
-0.592666
-0.592666
0.107015
-0.788588
-0.483745
-0.483745
-0.859788
-0.859788
-0.859788
-0.626915
-0.29884
-0.554734
-0.554734
-0.554734
-0.554734
-0.554734
-0.554734
-0.554734
-0.554734
-0.554734
-0.560229
-0.560229
-0.560229
-0.560229
-0.560229
-0.560229
-0.560229
-0.560229
-0.560229
-0.560229
-0.560229
-0.581043
-0.581043
-0.581043
-0.581043
-0.581043
-0.581043
-0.581043
-0.52697
-0.52697
-0.816103
-0.816103
-0.816103
-0.0871938
0.265479
-0.471786
-0.471786
-0.523701
-0.523701
-0.362675
-0.362675
0.390981
-0.341399
-0.341399
-0.341399
-0.514194
-0.63509
-0.63509
-0.63509
-0.63509
-0.63509
-0.568262
-0.568262
-0.39953
0.256439
0.256439
0.489994
0.489994
0.569141
0.569141
0.569141
0.569141
0.569141
0.569141
0.988454
0.988454
1.05452
0.249914
0.249914
-0.325037
-0.325037
-0.925693
-0.440948
-0.440948
-0.440948
0.387959
-0.433722
-0.433722
-0.950514
-0.532506
-0.488331
-0.9802
-0.596612
-0.596612
-0.779483
-0.856056
-0.856056
-0.856056
-0.800737
-0.327412
-0.327412
-0.327412
-0.94077
-1.09365
-0.686178
-0.686178
-0.686178
-0.53821
-0.782249
-0.782249
-0.782249
-0.782249
-0.782249
-0.0676771
0.222738
-0.382331
0.427147
0.552868
0.622735
0.622735
0.622735
0.0188054
-0.643947
-0.643947
-0.643947
-0.643947
-0.915957
-0.915957
-0.681722
-0.681722
-0.681722
-0.681722
-0.681722
-0.681722
-0.681722
-0.681722
-0.681722
-0.591492
-0.591492
-0.229541
0.65907
0.65907
0.65907
0.829336
0.829336
0.203066
-0.552767
-0.552767
-0.659487
-0.659487
-0.730429
-0.0214833
-0.115701
0.234763
0.465673
0.465673
0.465673
0.465673
0.465673
0.465673
0.67243
0.67243
0.725576
0.725576
0.725576
0.725576
0.725576
0.784172
0.784172
0.430785
0.546609
0.546609
0.546609
0.546609
0.85077
0.930856
0.930856
0.628499
0.365389
0.658372
0.658372
0.475738
0.475738
0.720701
0.720701
0.720701
0.720701
0.720701
0.720701
0.633121
0.0518117
0.849982
0.221915
0.575779
0.575779
0.575779
0.544008
0.544008
-0.298962
-0.441533
-0.441533
-0.441533
-0.441533
-0.441533
-0.632866
-0.632866
-0.632866
-0.632866
-0.632866
-0.632866
-0.632866
-0.632866
-0.869477
-0.724201
-0.439195
-0.36458
-0.380045
-0.378
-0.657147
-0.657147
-0.657147
-0.657147
-1.02055
-0.338161
-0.338161
0.490177
0.213191
0.872865
0.872865
0.872865
0.872865
0.872865
0.872865
0.771682
0.379602
0.379602
0.379602
0.379602
0.842157
0.506933
0.730329
0.730329
0.730329
0.612739
0.612739
0.563897
0.563897
0.563897
0.261377
0.808782
0.808782
0.808782
0.808782
0.693556
0.693556
0.316283
0.550094
0.550094
0.603976
0.603976
0.603976
0.603976
0.603976
0.570561
0.570561
0.570561
0.65249
0.65249
0.65249
0.65249
0.65249
0.65249
0.477398
0.661944
0.661944
0.785995
0.640893
0.640893
0.732646
0.843648
0.741691
0.741691
0.366734
-0.468266
-0.518718
-0.518718
-0.984811
-0.60869
-0.60869
-0.60869
-0.60869
-0.60869
-0.60869
-0.603441
-0.603441
-0.603441
-0.603441
-0.603441
-0.603441
-0.603441
-0.91953
-0.91953
-0.91953
-0.91953
-0.220577
0.227675
0.557384
0.557384
0.557384
0.557384
0.557384
0.882551
0.882551
0.882551
0.882551
0.886844
0.886844
0.642927
-0.204252
-0.894333
-0.894333
-0.0432766
-0.313338
-0.695752
-0.525896
0.317043
0.395904
0.395904
0.585234
0.410354
0.410354
-0.0995762
-0.464674
-0.617166
-0.617166
-0.617166
-0.572533
-0.572533
-0.572533
-0.529901
0.0526235
0.559318
0.559318
0.559318
0.559318
0.500102
-0.33952
-0.617078
-0.57582
-0.630295
-0.718604
-0.632575
-0.632575
-0.632575
-0.632575
-0.632575
-0.632575
-0.632575
-0.632575
-0.632575
-0.632575
-0.552783
-0.552783
-0.760374
-0.760374
-0.760374
-0.760374
-0.760374
-0.760374
-0.760374
-0.714902
-0.453809
-0.453809
-0.453809
-0.453809
-0.30358
-0.449687
-0.449687
-0.449687
-0.449687
-0.388482
-0.742346
-0.742346
-0.742346
-0.845598
-0.406537
-0.406537
-0.406537
-0.563831
-0.563831
-0.563831
-0.544626
-0.544626
-0.544626
-0.544626
-0.293554
0.256579
-0.480666
-0.480666
-0.480666
-0.480666
-0.480666
-0.480666
-0.627146
-0.338783
-0.681181
-0.0290534
0.709603
0.709603
0.709603
1.34766
1.34766
1.38308
1.2835
1.14831
1.14673
1.14673
1.14673
0.339177
0.253019
-0.23706
0.466652
0.360484
0.360484
0.546051
0.77958
0.811584
0.00152395
0.259641
-0.42478
0.182993
0.182993
0.647798
0.69977
0.69977
0.69977
0.69977
-0.179305
0.651719
0.651719
0.651719
0.651719
0.986429
0.986429
0.986429
0.986429
0.484003
0.484003
0.454853
-0.200264
-0.128085
-0.76647
-0.609327
-0.563042
-0.563042
-0.503437
-0.503437
-0.0791366
-0.0902758
-0.5049
-0.860173
-0.665897
-0.665897
-0.665897
-0.665897
-0.665897
-0.971905
-1.09966
-0.58653
-0.58653
-0.58653
-0.58653
-0.515746
-0.515746
-0.515746
-0.515746
-0.515746
-0.515746
-0.467563
-0.481407
-0.481407
-0.481407
-0.481407
-0.901082
-0.901082
-0.350723
-0.878783
-0.878783
-0.878783
-0.734807
-0.734807
-0.56688
-0.56688
-0.56688
-0.56688
-0.56688
-0.554955
-0.673905
-0.673905
-0.673905
-0.238567
-0.319625
-0.319625
-0.302249
-0.302249
-0.302249
-0.799496
-0.799496
-0.799496
-0.799496
-0.454133
-0.559182
-0.559182
-0.559182
-0.559182
-0.559182
-0.559182
-0.685596
-0.685596
-0.685596
-0.685596
-0.685596
-0.685596
-0.685596
-0.407782
0.46589
0.46589
0.401469
-0.291052
-0.648392
-0.312914
-0.394697
-0.394697
-0.394697
-0.394697
-0.394697
-0.558598
-0.558598
-0.558598
-0.558598
-0.558598
-0.558598
-0.558598
-0.558598
-0.558598
-0.560243
-0.560243
-0.560243
-0.560243
-0.641048
-0.641048
-0.641048
-0.649314
-0.649314
-0.532727
-0.532727
-0.642242
-0.642242
-0.375699
-0.375699
-0.375699
-0.375699
0.422109
0.422109
0.422109
0.422109
0.422109
0.508074
0.508074
0.508074
0.508074
0.508074
0.508074
-0.28792
0.530782
0.530782
0.530782
0.530782
0.484893
0.484893
0.646147
0.646147
0.646147
0.646147
0.646147
0.646147
0.514493
0.514493
0.814195
-0.0556588
0.748991
0.731447
0.446626
0.728013
0.738395
0.738395
0.738395
0.738395
0.738395
0.665199
0.665199
0.665199
0.665199
0.665199
0.665199
0.665199
0.665199
0.665199
0.865511
0.272596
0.382792
0.364354
0.364354
0.364354
0.51738
0.51738
0.51738
0.51738
0.51738
0.51738
0.035701
0.207429
-0.0530685
-0.31102
-0.720258
-0.720258
-0.503004
-0.38108
-0.38108
-0.38108
-0.38108
-0.38108
-0.38108
-0.575508
-0.588186
-0.588186
-0.588186
-0.588186
-0.435958
0.416851
0.416851
0.416851
0.416851
0.753533
0.771892
0.428183
0.428183
-0.314299
-0.477781
-0.477781
-0.548577
-0.548577
-0.462633
-0.462633
0.353194
0.353194
-0.449922
-0.449922
-0.449922
-0.424165
-0.424165
-0.424165
-0.424165
0.278281
0.845247
0.845247
0.845247
0.845247
0.845247
0.845247
0.159121
-0.381094
-0.381094
-1.02176
-1.02176
-0.393284
-0.393284
-0.393284
-0.393284
-0.0321175
-0.689936
-0.718537
-0.718537
-0.718537
-0.718537
-0.776197
-0.776197
-0.776197
-0.776197
-0.776197
-0.638206
-0.638206
-0.638206
-0.744978
-0.581233
-0.166355
0.250609
0.0373104
0.581895
-0.268681
-0.268681
0.509667
0.509667
0.509667
0.640349
0.640349
0.640349
0.640349
0.640349
0.640349
0.640349
0.640349
1.1511
1.1511
0.865339
0.415569
0.948985
0.950107
0.950107
0.558922
0.567543
0.567543
1.03868
1.03868
0.915249
0.915249
0.87667
0.87667
0.811914
0.811914
0.811914
0.564946
0.775755
0.775755
0.775755
0.775755
0.422702
0.841122
0.841122
0.841122
0.664088
0.481324
0.481324
-0.168014
0.107456
0.0279772
-0.758015
-0.799278
-0.577536
-0.695757
-0.82206
-0.814644
-0.814644
-0.814644
-0.625894
-0.625894
-0.625894
-0.625894
-0.625894
-0.625894
-0.625894
-0.625894
-0.652806
-0.652806
-0.652806
-0.652806
-0.652806
-0.652806
-0.652806
-0.719062
-0.719062
-0.719062
-0.719062
-0.719062
-0.719062
-0.913383
-0.913383
-0.913383
-0.913383
-0.913383
-0.913383
-0.962188
-0.262402
-0.845938
-0.50519
-0.50519
-0.50519
-0.50519
-0.50519
-0.50519
-0.62154
-0.810775
-0.810775
-0.598283
-0.598283
-0.598283
-0.598283
-0.598283
-0.820864
-0.820864
-0.0615137
-0.0491204
-0.217522
-0.499527
-0.488345
-0.916983
-0.979655
-1.0512
-0.238802
-0.238802
-0.920279
-0.920279
-0.920279
-0.920279
-0.920279
-0.920279
-0.524597
0.0484485
-0.419779
-0.419779
0.426212
0.426212
0.426212
0.426212
-0.419799
-0.419799
-0.419799
-0.419799
-0.810429
-0.694037
-0.694037
-0.694037
-0.694037
-0.470182
-0.470182
-0.311532
-0.40234
-0.40234
-0.40234
-0.40234
-0.74697
-0.696967
-0.730883
-0.790711
-0.790711
-0.790711
-0.790711
-0.790711
-1.00974
-1.00974
-0.30815
0.582249
0.582249
0.582249
0.408028
0.408028
0.408028
0.936838
0.334051
-0.342616
-0.475053
-0.475053
-0.475053
-0.720897
-0.720897
-0.720897
-0.665516
-0.559567
-0.344242
-0.344242
-0.862975
-0.814957
-0.814957
-0.814957
-0.814957
-0.814957
-0.814957
-0.814957
-0.839099
-0.525375
-0.554613
-0.554613
-0.554613
-0.554613
-0.555466
-0.901499
-0.260608
0.430196
1.05358
1.05358
0.587646
0.500402
0.500402
0.500402
0.443657
0.443657
0.443657
0.443657
0.880362
0.880362
0.212847
0.268086
0.268086
1.00363
0.35143
0.35143
-0.354653
-0.354653
0.421228
-0.380464
-0.380464
-0.601387
-0.601387
-0.601387
-0.601387
-0.601387
-0.601387
-0.295056
-0.295056
-0.295056
0.121775
1.00791
0.961727
0.872445
0.195786
-0.306101
0.571528
0.571528
0.571528
0.571528
0.648143
0.648143
1.0501
0.533173
0.533173
0.533173
0.533173
0.533173
0.533173
0.730504
0.730504
0.801719
0.801719
0.801719
0.188067
0.695537
0.480967
0.42884
0.549658
0.549658
0.680504
0.642944
0.642944
0.642944
0.642944
0.642944
0.549206
0.549206
0.688768
0.688768
0.677798
0.677798
0.265144
0.695293
0.767998
0.767998
0.300935
0.300935
0.463469
0.363394
-0.204785
0.54122
0.54122
0.191496
0.853197
0.405408
0.39577
0.39577
0.39577
0.39577
0.39577
-0.411685
0.219313
0.809023
0.809023
0.809023
0.809023
0.809023
0.809023
0.809023
0.507432
-0.388217
-0.388217
-0.388217
0.492745
0.949064
0.731051
0.731051
0.731051
0.588457
0.588457
0.588457
0.588457
0.515965
0.806575
0.65117
0.663585
0.843062
0.843062
0.577885
-0.226406
-0.226406
-0.299355
0.527283
0.527283
0.527283
1.04716
0.194228
0.60995
0.60995
0.60995
1.0059
1.0059
0.407702
0.407702
-0.360405
0.488978
0.488978
0.488978
0.488978
0.829596
0.462329
0.462329
0.462329
0.462329
0.0913563
0.204454
-0.103045
-0.696185
-0.518532
-0.518532
-0.518532
-0.518532
-0.518532
-0.518532
-0.518532
-0.518532
-0.518532
-0.56772
-0.56772
-0.56772
-0.56772
-0.56772
-0.641246
-0.641246
-0.614939
-0.572529
-0.572529
0.309333
0.241388
0.331875
0.331875
0.739138
0.978742
0.865299
0.782351
0.782351
0.782351
0.277111
-0.161519
-0.902816
-1.04106
-0.626248
-0.626248
-0.626248
-0.435764
-0.435764
-0.435764
-0.435764
-0.435764
-0.435764
-0.955139
-0.658419
-0.658419
-0.658419
-0.658419
-0.658419
-0.658419
-0.658419
-0.658419
-0.658419
-0.634623
-0.634623
-0.691212
-0.303066
-0.528393
-0.528393
0.223285
0.840533
0.840533
0.840533
0.840533
0.934034
0.183236
0.67198
-0.151977
-0.890433
-0.190325
-0.190325
-0.589613
-0.589613
-0.589613
-0.589613
-0.589613
-0.589613
-0.589613
-0.589613
-0.589613
-0.934133
-0.525805
-0.382518
-0.825882
-0.825882
-0.838619
-0.838619
-0.838619
-0.838619
-0.838619
-0.745154
-0.745154
-0.745154
-0.510796
-0.510796
-0.510796
-0.510796
-0.510796
-1.08993
-0.538373
-0.44789
-0.44789
-0.44789
0.379942
-0.392597
-0.736538
-0.736538
-0.736538
-0.736538
-0.736538
-0.486905
-0.486905
-0.486905
-0.486905
-0.755165
-0.755165
-0.743748
-0.718749
-0.718749
-0.718749
-0.563401
-0.563401
-0.563401
-0.563401
0.191257
0.821797
0.559318
0.559318
0.559318
0.559318
0.559318
0.559318
0.559318
0.759124
0.759124
0.649782
0.649782
0.649782
0.609483
0.481272
0.43315
0.144612
-0.32651
-0.525556
-0.525556
-0.67508
-0.67508
-0.67508
-0.67508
-0.67508
-0.67508
-0.67508
0.197361
-0.495107
-0.64911
-0.260105
0.417446
0.417446
0.672116
0.672116
0.672116
0.672116
0.459715
0.620869
0.366566
0.366566
0.273664
0.297889
-0.589291
-0.589291
-0.589291
-0.967231
-0.938602
-0.880073
-0.880073
-0.133644
-0.668491
-0.518265
-0.863275
-0.820228
-0.820228
-0.442823
-0.442823
-0.442823
-0.442823
-0.442823
-1.01273
-1.01273
-1.01273
-1.01273
-0.256239
0.382639
0.382639
0.382639
0.382639
0.382639
0.932139
0.451103
0.451103
0.531683
0.531683
0.385514
0.385514
-0.467167
0.319175
0.493287
0.493287
-0.394695
-0.394695
-0.751884
-0.62935
-0.62935
-0.62935
-1.05662
-0.262206
0.382796
0.723268
0.764186
0.764186
0.764186
0.764186
0.555045
0.43847
0.43847
0.43847
0.729859
0.863542
0.539555
0.19326
0.149961
-0.328493
-0.328493
-0.308
0.403867
-0.423927
0.429201
0.429201
0.661985
0.192685
0.502301
0.502301
0.631932
0.631932
0.809448
0.809448
0.687372
0.687372
0.682927
0.682927
0.682927
0.51966
0.51966
0.51966
0.682815
0.471467
0.471467
0.471467
0.471467
0.471467
0.716659
0.716659
0.575684
-0.296209
-0.296209
-1.01984
-1.01984
-0.92682
-0.251049
0.030953
0.23835
-0.157102
-0.560284
-0.591961
-0.591961
-0.591961
-0.591961
-0.591961
-0.591961
-0.591961
-0.122526
-0.573292
-0.573292
-0.573292
-0.595301
-0.595301
-0.595301
-0.221368
0.249707
0.580711
0.645471
0.645471
0.645471
0.645471
0.645471
0.645471
0.645471
0.645471
0.645471
0.645471
0.645471
0.645471
0.645471
0.658005
0.658005
0.658005
0.658005
0.658005
0.274215
-0.425267
0.403521
0.403521
0.865295
0.865295
0.678797
0.678797
0.678797
-0.16929
-0.16929
-0.16929
-0.703612
-0.703612
-0.703612
-0.703612
-0.541444
-0.541444
-0.541444
-0.541444
-0.258393
-0.8059
-0.8059
-0.8059
-0.8059
-0.66522
-0.66522
-1.02324
-1.04077
-0.267125
-0.572578
-0.572578
-0.506634
-0.506634
-0.506634
-0.506634
-0.506634
-0.506634
-0.506634
-0.506634
-0.506634
-0.506634
-0.506634
-1.27617
-1.26604
-0.494667
-0.494667
-0.572254
-0.572254
-0.572254
-0.572254
-0.572254
-0.572254
0.293938
-0.352616
-0.501088
-0.501088
-0.501088
-0.501088
0.228153
0.641835
0.641835
0.641835
0.61713
0.61713
0.61713
0.61713
0.61713
0.61713
0.61713
0.61713
0.61713
0.61713
0.61713
0.551273
0.551273
0.327182
0.114317
-0.585557
-0.585557
-0.976643
-1.08575
-1.16371
-0.664142
-0.655399
-0.655399
-0.655399
-0.655399
-0.655399
-0.655399
-0.750284
-0.607655
-0.475421
-0.475421
-0.423413
0.396328
-0.41051
-0.41051
-0.41051
-0.548356
-0.548356
-0.548356
-0.584938
-0.584938
-0.584938
-0.584938
-0.584938
-0.584938
-0.498872
-0.498872
-0.498872
-0.498872
-0.294707
-0.170317
-0.370279
-0.94783
-1.14107
-1.14107
-0.75754
-0.529318
-0.696971
-0.791841
-0.581649
-0.557682
0.114422
0.000856962
0.893113
0.893113
0.961168
0.961168
1.00639
0.26536
-0.347828
-0.347828
-0.485164
-0.485164
-0.433696
-0.865706
-0.865706
-0.782847
-0.653937
-0.653937
-0.653937
-0.653937
-0.653937
-0.653937
0.0960726
0.902131
1.01349
0.669853
0.2641
0.921308
0.672558
0.672558
0.553335
0.553335
0.553335
0.644149
0.644149
0.644149
0.619755
0.619755
0.619755
0.547356
0.455526
0.455526
0.499075
0.778175
0.63606
0.63606
0.63606
0.63606
0.351978
-0.360414
-0.360414
0.459889
0.459889
0.459889
0.459889
0.459889
-0.136379
0.185475
1.04972
1.04972
1.04972
0.425189
0.425189
0.790615
0.790615
0.790615
0.790615
0.605279
0.605279
0.605279
0.605279
-0.170008
-0.77784
-0.77784
-0.77784
-0.77784
-0.74326
-0.74326
-0.74326
-0.74326
-0.74326
-0.74326
-0.74326
-0.704076
-0.983155
-0.426011
-0.426011
-0.426011
-0.561593
-0.561593
-0.561593
-0.561593
-0.561593
-0.561593
-0.561593
-0.561593
-0.984627
-0.250819
-0.992849
-0.379307
-0.379307
-0.917299
-0.92976
-0.92976
-0.92976
-0.92976
-0.764085
-0.5784
-0.5784
-0.659602
-0.744557
-0.111141
-0.654948
-0.654948
-0.814432
-0.661223
-0.172587
-0.614539
-0.614539
-0.614539
-0.926645
-0.926645
-0.940891
-0.326501
-0.449856
-0.449856
0.281414
-0.255364
0.288847
0.288847
0.302915
-0.413181
0.310338
-0.30024
0.273825
-0.309766
-0.450462
-0.815657
-0.815657
-0.392004
-0.392004
-0.392004
0.15089
-0.597612
-0.597612
-1.03262
-1.03262
-1.02182
-0.618102
-0.618102
-0.979667
-0.857649
-0.857649
-0.857649
-0.776833
-0.776833
-0.776833
-0.776833
-0.776833
-0.240003
-0.396305
-0.396305
-0.735425
-0.327062
-0.545306
-0.641131
-0.641131
-0.373326
-0.47311
-0.47311
-0.373102
-0.373102
-0.373102
-0.0759386
-0.530674
-0.537485
-0.537485
-0.885042
-0.885042
-0.885042
-0.885042
-0.630099
-0.630099
-0.630099
-0.805065
-0.805065
-0.263913
-0.138884
-0.373813
0.384861
0.545549
0.751379
0.448298
0.448298
0.448298
0.884647
0.884647
0.0578788
0.514476
0.514476
0.514476
0.514476
0.514476
0.514476
0.429205
0.429205
-0.00951219
0.563061
0.563061
0.830618
0.830618
0.75141
0.598173
0.598173
0.598173
0.598173
0.598173
0.557298
0.726135
0.726135
0.726135
0.726135
0.726135
0.726135
0.753127
0.906716
0.420373
0.420373
0.420373
0.420373
0.29263
0.174318
0.094443
0.423623
0.423623
0.801876
0.801876
0.801876
0.148643
-0.607637
-0.607637
-0.607637
-0.607637
-0.166725
-0.133393
-0.36109
-0.36109
-0.489425
-0.829415
-0.277379
-0.720271
-0.643621
-0.643621
-0.643621
-0.643621
-0.643621
-0.416016
0.367164
0.367164
1.00206
1.00206
0.563047
0.563047
0.594802
0.594802
0.594802
0.594802
0.594802
0.594802
0.594802
0.594802
0.474547
0.0156354
-0.276016
-0.276016
-0.469109
-0.988491
-0.888449
-0.165324
-0.296921
-0.296921
-0.560605
-0.560605
-0.560605
-0.560605
-0.560605
-0.498217
-0.498217
-0.498217
-0.498217
-0.498217
-0.32039
-0.302872
0.198809
0.364487
0.364487
0.393493
0.393493
0.393493
0.811428
0.811428
0.811428
0.648353
0.847972
0.847972
0.465924
0.465924
0.563535
0.563535
0.563535
0.563535
0.318135
0.808108
0.808108
0.808108
0.808108
0.808108
0.808108
0.808108
0.808108
0.808108
0.690625
0.297074
0.908074
0.908074
0.913515
0.913515
0.812662
0.812662
0.551934
0.551934
0.551934
0.551934
0.606576
0.947066
0.198088
-0.120244
0.181311
0.582067
0.582067
0.712525
0.712525
0.712525
0.690391
0.497116
0.665278
0.665278
0.312244
0.473215
0.473215
0.412286
0.412286
0.412286
-0.409969
-0.55554
-0.345755
-0.345755
0.0469727
-0.352597
-0.352597
-0.352597
0.386502
0.386502
0.386502
0.666923
0.689024
0.689024
0.689024
0.514524
0.590431
0.707493
0.707493
0.707493
0.836994
0.836994
0.21763
-0.661529
-0.661529
-0.754923
-0.754923
-0.806026
-0.610499
-0.610499
-0.610499
-0.610499
-0.368574
-0.493422
0.328653
-0.502577
-0.502577
-0.502577
0.267973
0.496153
0.371389
0.738766
0.738766
0.738766
0.738766
0.940687
0.701707
0.701707
0.796305
0.796305
0.796305
0.796305
0.796305
0.796305
0.657293
0.657293
0.657293
0.673598
0.310104
0.846669
0.846669
0.338744
0.338744
0.839983
0.839983
0.839983
0.721901
0.117788
-0.332549
0.355846
0.963647
0.963647
0.649854
0.649854
0.355559
0.355559
-0.530472
-0.530472
-0.530472
-0.725143
-0.725143
-0.725143
-0.725143
-0.278794
-0.278794
0.464794
0.79112
0.79112
0.79112
0.79112
0.79112
0.872826
0.872826
0.958439
0.333129
-0.493193
-0.462808
-0.462808
-0.963854
-0.241977
-0.463324
-0.463324
-0.463324
-0.463324
-0.908691
-0.887788
-0.887788
-0.887788
-0.650801
-0.650801
-0.650801
-0.698731
-0.698731
-0.698731
-0.698731
-0.698731
-0.325867
-0.325867
-0.757244
-0.757244
-0.532772
-0.693462
-0.693462
-0.693462
0.130216
0.13491
0.740526
0.740526
0.740526
0.447397
0.447397
0.447397
-0.409538
-0.409538
-0.409538
-0.624954
-0.624954
-0.624954
-0.456345
-0.456345
-0.837901
-0.872509
-0.872509
-0.531007
-0.746914
-0.746914
-0.746914
-0.746914
-0.633195
-0.633195
-0.633195
-0.633195
-0.633195
-1.11027
-1.11027
-0.263014
0.460598
0.460598
0.441314
0.671422
0.671422
0.671422
0.671422
0.671422
0.671422
0.671422
0.558133
0.558133
0.412981
0.636684
0.636684
0.636684
0.636684
0.636684
0.591661
0.591661
0.591661
0.591661
0.430404
0.32893
0.32893
0.32893
-0.526626
-0.514954
-0.514954
-0.514954
-0.514954
-0.514954
-0.514954
-0.514954
-0.514954
-0.514954
-0.514954
-0.514954
-0.803547
-0.803547
-0.477165
-0.477165
-0.477165
-0.664673
-0.720068
-0.720068
-0.720068
-0.720068
-0.978143
-0.978143
-0.978143
-0.958996
-0.505061
-0.694832
-0.586076
0.0962527
-0.401991
-0.614359
-0.614359
0.0860949
0.903508
0.903508
0.376921
-0.403459
-0.676494
-0.465485
-0.465485
-0.764891
-0.764891
-0.764891
-0.675419
-0.636199
-0.636199
-0.636199
-0.636199
-0.636199
-0.636199
-0.636199
-0.636199
-0.636199
-0.636199
-0.636199
-0.484537
-0.484537
-0.484537
-0.484537
-0.484537
-0.484537
-0.484537
-0.484537
0.398118
0.398118
0.300883
-0.353646
-0.353646
-0.353646
-0.662256
-0.662256
-0.141731
-0.449124
-0.808204
-1.11416
-1.11416
-1.11416
-0.963688
-0.461823
-0.461823
-0.461823
-0.461823
0.239805
-0.520095
-0.520095
-0.520095
-0.520095
-0.520095
-0.520095
-0.520095
-0.520095
-0.520095
-0.520095
-0.520095
-0.645849
-0.616348
-0.616348
-0.599215
-0.599215
-0.599215
-0.599215
-0.599215
-0.790474
-0.790474
-0.790474
-0.790474
-0.790474
-0.790474
-0.677116
-0.677116
-0.677116
-0.6565
-0.6565
-0.6565
-0.6565
-0.6565
0.171863
0.591467
0.591467
0.710173
0.710173
0.710173
0.807679
0.705713
0.705713
0.705713
0.705713
0.705713
0.581378
1.0174
0.68401
0.68401
0.454145
0.454145
0.687
0.882256
0.882256
0.720622
0.720622
0.720622
0.720622
0.720622
1.03055
1.03055
0.136669
0.633091
0.633091
0.633091
0.633091
0.423731
0.423731
-0.193565
-0.378444
-0.292997
-0.590578
-0.590578
-0.590578
-0.773631
-0.953085
-0.378221
-0.378221
-0.428467
-0.503464
0.267122
0.741011
0.741011
0.741011
0.741011
0.741011
0.741011
0.741011
0.741011
0.469262
0.469262
0.609778
0.617002
0.551782
0.551782
0.551782
0.551782
0.551782
0.424965
0.424965
0.543524
0.543524
0.811817
0.212358
-0.391001
-0.615204
-0.615204
-0.615204
-0.615204
-0.615204
-1.01981
-1.01981
-0.589053
-0.589053
-0.589053
-0.498399
-0.498399
-0.587613
-0.587613
-0.587613
-0.587613
-0.587613
-0.587613
-0.87341
-0.238107
-0.792051
-0.792051
-0.352776
-0.352776
-0.795768
-0.751405
-0.751405
-0.474171
-0.474171
-0.15629
-0.804587
-0.804587
-0.804587
-0.804587
-0.635381
-0.635381
-0.934501
-0.749794
-0.749794
-0.749794
-0.749794
-0.749794
-0.749794
-0.73289
-0.621083
-0.621083
-0.402745
-0.402745
-0.417904
-0.417904
-0.417904
-0.417904
-0.582574
-0.582574
-0.71888
-0.71888
0.0802443
0.655843
0.383648
-0.370628
-0.370628
-0.370628
-0.215408
-0.357572
-0.357572
0.521289
0.340566
0.340566
0.747978
0.698232
0.698232
0.698232
0.698232
0.698232
0.698232
0.917039
0.917039
0.786083
0.499632
0.60939
0.60939
0.60939
0.60939
0.147869
0.874291
0.874291
0.433808
0.433808
0.504642
0.504642
0.782687
0.782687
0.782687
0.613112
0.613112
0.613112
0.613112
0.613112
0.613112
0.96975
0.96975
0.96975
0.96975
0.320547
0.777521
0.9034
0.757755
0.757755
0.6717
0.618435
0.618435
0.747702
0.747702
0.747702
0.747702
0.668496
0.668496
0.668496
0.298325
0.298325
0.266884
-0.606424
-0.606424
-0.606424
-0.606424
-0.606424
-0.606424
-0.395198
-0.395198
-0.362461
-0.362461
0.285517
0.445381
0.445381
0.445381
-0.319767
-0.799487
-0.799487
-0.799487
-0.549586
-0.436878
-0.436878
-0.436878
-0.436878
-0.436878
-0.810853
-0.633791
-0.633791
0.178242
0.620761
0.620761
0.620761
0.620761
0.620761
0.620761
-0.26813
0.164612
0.843956
0.328004
0.923559
0.779879
0.779879
0.816409
0.715691
0.642779
0.699991
0.533781
0.533781
0.533781
0.533781
0.533781
0.533781
0.290146
-0.370226
-0.314478
-0.729738
-0.611002
-0.611002
-0.816352
-0.816352
-0.816352
-0.347989
-0.347989
-0.347989
-0.347989
-0.347989
-0.347989
-0.647923
-0.330836
0.535337
0.426221
0.626963
0.626963
0.626963
0.709899
0.709899
0.717066
0.717066
0.723515
0.723515
0.723515
0.877416
0.877416
0.847117
0.847117
0.847117
0.698477
0.351126
0.351126
0.351126
0.351126
0.351126
0.351126
0.915053
0.658756
0.658756
0.658756
0.656866
0.523676
0.523676
0.523676
0.523676
0.523676
0.523676
0.763522
0.763522
0.733372
0.783246
0.48166
0.48166
0.785981
0.785981
0.785981
0.464838
0.464838
0.464838
0.464838
0.464838
0.464838
0.464838
0.464838
0.464838
0.250959
0.250959
0.421952
0.762266
0.762266
0.762266
0.762266
0.762266
0.762266
0.46495
0.46495
0.453441
0.465926
-0.277353
-0.277353
0.217659
0.132314
0.220493
0.622846
0.951378
0.568841
0.568841
0.568841
0.568841
0.568841
0.389891
0.389891
0.389891
0.791726
0.791726
0.708117
0.684127
0.684127
0.684127
0.684127
0.684127
0.684127
0.684127
0.597016
0.597016
0.597016
0.597016
0.597016
0.597016
0.597016
0.597016
0.597016
0.597016
0.597016
0.597016
0.231525
0.231525
0.475407
0.475407
0.156456
-0.367817
-0.706718
-0.687636
-0.687636
0.201012
0.201012
0.202989
0.0530476
0.074563
0.676347
0.676347
0.898386
0.356713
0.356713
0.356713
0.356713
-0.351859
-0.933583
-0.933583
-0.933583
-0.933583
-0.604429
-0.468636
-0.468636
-0.468636
0.302673
-0.256678
-0.256678
-0.639966
-0.639966
-0.639966
-0.639966
-0.639966
-0.637478
-0.833396
-0.833396
-0.833396
-1.07528
-0.631347
-0.631347
-0.348544
-0.302603
-0.836701
-0.836701
-0.687429
-0.687429
-0.687429
-0.687429
-0.439825
-0.439825
-0.439825
-0.439825
-0.636336
-0.636336
-0.636336
-0.560397
-0.486757
-0.486757
-0.415154
0.202526
0.886742
0.886742
0.886742
0.886742
0.60002
0.60002
0.60002
0.821918
0.821918
0.821918
0.821918
0.826016
0.288217
0.288217
0.839842
0.839842
0.839842
0.596474
0.596474
0.596474
0.596474
0.596474
0.596474
0.596474
0.596474
0.65282
0.65282
0.65282
0.65282
0.430808
0.430808
0.430808
-0.406262
-0.406262
-0.406262
-0.406262
-0.406262
-0.391802
-0.391802
-0.376577
-0.376577
0.361823
0.732991
0.732991
0.400359
0.400359
0.759405
0.88067
0.88067
0.481239
0.481239
0.600146
0.600146
0.600146
0.600146
0.641155
0.641155
0.641155
0.641155
0.641155
0.670461
0.555279
0.824746
0.824746
0.824746
0.566457
0.566457
0.863476
0.414086
0.970019
0.948585
0.647189
0.647189
0.647189
0.647189
0.647189
0.647189
0.647189
0.647189
0.647189
0.647189
0.628514
0.672487
0.376723
0.376723
-0.503867
-0.575122
-0.575122
-0.681992
-0.594865
0.0957685
-0.717265
-0.892123
-0.892123
-0.93839
-0.956738
-0.10328
-0.988147
-0.14491
-0.931387
-0.931387
-0.931387
-0.0490012
0.370486
0.370486
0.550916
0.550916
0.550916
1.21809
1.21809
0.382998
0.382998
1.05225
1.05225
0.6922
0.6922
0.6922
0.6922
0.468855
0.468855
0.468855
0.468855
0.748449
0.748449
0.748449
0.748449
0.111708
1.00197
1.00197
1.00197
0.239963
-0.40296
0.40009
0.273085
0.677499
0.677499
0.623699
0.623699
0.623699
0.623699
0.623699
0.623699
0.429416
0.429416
0.429416
0.429416
0.328981
0.76376
0.654646
0.654646
0.64638
0.64638
0.64638
0.64638
0.772212
0.772212
0.881681
0.657546
0.657546
0.657546
0.657546
0.55567
0.55567
0.55567
0.360343
0.360343
-0.421542
-0.421542
-0.421542
-0.421542
-0.854446
-0.854446
-0.854446
-0.854446
-0.854446
-0.854446
-0.854446
-0.854446
-0.854446
-0.861097
-0.497974
-0.497974
-0.497974
-0.497974
-0.497974
-0.80664
-0.80664
-0.80664
-0.80664
-0.726516
-0.726516
-0.726516
-0.726516
-0.726516
-0.726516
-1.16926
-0.741244
-0.741244
-0.480829
-0.480829
-0.480829
0.398437
0.484162
0.718623
0.718623
0.718623
0.718623
0.718623
0.66791
0.66791
0.66791
0.66791
0.66791
0.66791
0.66791
0.962236
0.878743
0.798814
0.798814
0.798814
0.416772
0.416772
0.620897
0.620897
0.620897
0.620897
0.611569
0.611569
0.611569
0.611569
0.52896
0.563571
0.563571
0.563571
0.563571
0.563571
0.563571
0.563571
0.563571
-0.22638
-0.22638
0.483843
0.457474
0.457474
0.650435
0.314622
0.428695
0.873667
0.873667
0.721105
0.721105
0.721105
0.721105
0.721105
0.721105
0.554803
0.554803
0.823681
0.440251
0.440251
0.946851
0.946851
0.946851
0.231658
0.648581
0.103388
-0.182519
0.51496
0.610789
0.610789
0.414979
0.611201
0.611201
0.611201
0.611201
0.611201
0.508061
0.627334
0.627334
0.627334
0.627334
0.660137
0.660137
1.04049
0.433587
-0.252192
-0.0780022
-0.651907
-0.477582
-0.477582
-0.842141
-0.842141
-0.842141
-0.286239
0.312028
0.90601
1.01785
1.01785
1.01785
1.01785
0.282305
-0.460497
-0.460497
-0.460497
-0.460497
-0.460497
-0.460497
0.218439
0.602842
0.647148
0.647148
0.726261
0.396191
0.252061
0.120323
0.818565
0.694173
0.694173
0.694173
0.496841
0.496841
0.496841
-0.149432
-0.276129
-0.353318
0.457005
0.893906
0.290645
0.321731
0.716295
0.716295
0.716295
0.684602
0.684602
0.684602
0.684602
0.684602
0.684602
0.684602
0.532737
0.532737
0.532737
0.532737
0.532737
0.805658
0.805658
0.805658
0.805658
0.805658
0.805658
0.805658
0.805658
0.680594
0.168783
0.168783
1.05472
0.678266
0.678266
0.678266
0.678266
-0.161857
0.710701
0.710701
0.581513
0.648224
0.940226
0.154576
0.371406
0.371406
0.624208
0.819071
0.819071
0.819071
0.819071
0.819071
0.327723
0.496888
0.496888
0.496888
0.622641
0.32465
0.32465
-0.468878
-0.554384
-0.531645
-0.531645
-0.531645
-0.669288
-0.669288
-0.669288
-0.669288
-0.669288
-0.307288
0.36255
0.93909
0.93909
0.591846
0.591846
0.591846
0.865086
0.639458
0.639458
0.517362
0.517362
0.517362
0.517362
0.304985
-0.279625
-0.279625
-0.279625
-0.726992
-0.787466
-0.787466
-0.787466
-0.787466
-0.787466
-0.689354
-0.689354
-0.689354
-0.650255
-0.650255
-0.650255
-0.650255
-0.650255
-0.650255
-0.609944
-0.609944
-0.609944
-0.336511
-0.485367
-0.485367
-0.505076
-0.505076
-0.474329
-0.474329
-0.735069
0.00309654
-0.292042
-0.601013
-0.995439
-0.995439
-0.995439
-0.995439
-0.815946
-0.815946
-0.815946
-0.752882
-0.811598
-0.357775
-0.234153
-0.234153
-0.234153
0.561381
0.492103
0.492103
-0.392256
-0.936645
-1.21394
-0.716313
-0.716313
-0.716313
-0.69391
-0.69391
-0.69391
-0.69391
-0.69391
-0.768624
-0.768624
-0.768624
-0.768624
-0.768624
-0.768624
-0.768624
-0.941428
-0.864113
-0.277434
-0.277434
-0.742832
-0.742832
-0.742832
-0.742832
-0.461907
-0.715165
-0.620051
-0.534839
-0.579759
-0.579759
-0.579759
-0.579759
-0.770965
-0.770965
-0.657212
-0.657212
-0.657212
-0.657212
-0.672146
-0.696628
-0.671023
-0.541985
-0.541985
-0.541985
-0.541985
-0.664808
-0.664808
-0.664808
-0.664808
-0.664808
-0.68064
-0.68064
-0.68064
-1.06135
-0.20118
-0.703487
-0.703487
-0.703487
-0.703487
-0.703487
-0.573332
-0.687424
-0.687424
-0.914323
-0.926435
-0.618343
-0.618343
-0.719483
-0.604932
-0.604932
-0.605525
-0.605525
-0.605525
-0.368956
-0.968238
-0.968238
-0.968238
-0.645424
-0.686196
-0.316029
-0.316029
-0.316029
-0.337379
-0.337379
-0.394377
-0.516373
-0.516373
-0.709891
-0.698963
-0.698963
-0.0525898
-0.283169
-0.57607
-0.57607
-0.57607
-0.57607
-0.00619113
0.286983
0.286983
0.286983
0.426905
0.69384
0.69384
0.654721
0.654721
0.368933
1.00582
1.00582
1.01724
0.464001
0.464001
0.464001
0.464001
0.46481
0.252359
0.302013
0.814298
0.437652
0.508442
0.508442
0.508442
0.508442
0.970354
0.286511
0.873623
0.724528
0.724528
0.630673
0.630673
0.630673
0.630673
0.630673
0.630673
0.630673
0.669646
0.567338
0.567338
0.567338
0.739151
0.739151
0.739151
0.770052
0.770052
0.750207
0.750207
0.876327
0.876327
0.433237
-0.257713
0.428511
-0.295647
0.197768
0.595092
0.595092
0.595092
0.595092
0.446751
0.446751
0.84025
0.84025
0.88884
0.659708
0.659708
0.659708
0.659708
0.557678
0.557678
0.557678
0.557678
0.788486
0.788486
0.860836
0.860836
0.860836
0.860836
0.860836
0.277
0.727213
0.265463
0.196276
0.538587
0.427549
0.38912
0.38912
0.38912
0.38912
0.780574
0.604478
0.711822
0.711822
0.736856
0.736856
0.255031
0.454374
0.454374
0.454374
0.745765
0.745765
0.745765
0.649036
0.649036
0.649036
0.346826
0.346826
0.542558
0.542558
0.542558
0.542558
0.529365
0.529365
0.475033
0.475033
0.475033
0.319378
0.592209
0.592209
0.592209
0.515061
0.515061
0.515061
-0.222221
-0.222221
0.493142
0.493142
0.493142
0.493142
0.300447
-0.340677
-0.649082
-0.649082
-0.649082
-0.791813
-0.791813
-0.791813
-0.791813
-0.791813
-0.791813
-0.791813
-0.388463
-0.695761
-0.695761
-0.713172
0.157853
0.471418
0.554133
0.554133
0.554133
0.554133
0.554133
0.554133
0.554133
0.554133
0.554133
0.554133
0.554133
0.690731
0.690731
0.426736
0.551574
0.551574
0.551574
0.551574
0.551574
0.617132
0.617132
0.617132
0.617132
0.617132
0.617132
0.33608
0.906745
0.906745
0.712722
0.760758
0.760758
0.760758
0.307926
-0.169464
-1.02841
-1.02841
-1.02841
-1.02841
-0.451683
-0.451683
-0.874133
-0.874133
-0.874133
-0.874133
-0.170214
-0.380464
-0.380464
0.115834
0.326263
0.326263
0.379584
0.379584
0.379584
0.837456
0.837456
0.568154
-0.251965
-0.251965
-0.624179
-0.362221
-0.362221
-0.362221
0.294416
-0.418461
-0.635684
-0.505548
-0.851612
-0.851612
-0.851612
-0.840221
-0.595882
-0.595882
-0.595882
-0.428356
-0.370035
-0.370035
-0.370035
-0.370035
-0.689346
-0.689346
-0.40148
-0.40148
-0.409547
-0.409547
-0.35563
-0.35563
0.371046
-0.467832
-0.814407
-0.814407
-0.907395
-0.502388
-0.502388
-0.606514
-0.768071
-0.768071
-0.767913
-0.329197
-0.329197
0.369911
-0.345635
-0.837346
-0.837346
-0.837346
-0.837346
-0.779284
-0.779284
-0.779284
-0.779284
-0.767002
-0.788701
-0.788701
-0.633544
-0.72232
-0.72232
-0.557319
-0.545816
-0.630601
-0.630601
-0.750712
-0.311701
0.560981
0.560981
0.499761
0.499761
0.499761
0.499761
0.499761
0.53372
0.391047
0.499928
0.499928
0.967332
0.702093
0.702093
0.702093
0.702093
0.702093
0.702093
0.798834
0.968848
0.169632
0.220631
0.917885
0.917885
0.917885
1.00566
0.489694
0.489694
0.541581
0.541581
0.541581
0.541581
0.541581
0.541581
0.758541
0.621613
0.498349
0.498349
0.498349
0.469546
0.633297
0.633297
0.633297
0.633297
0.633297
0.633297
0.633297
0.633297
0.633297
0.633297
0.633297
0.633297
0.633297
0.946271
0.430067
0.430067
0.481991
0.481991
0.386851
0.386851
0.386851
0.868588
-0.0166401
-0.526635
-0.526635
-0.602265
-0.602265
-0.604282
-0.604282
-0.604282
-0.604282
-0.604282
-0.856998
-0.963366
-0.963366
-0.478245
-0.478245
-0.478245
-0.2203
-0.650735
-0.650735
-0.650735
-0.394088
-0.284107
0.465489
0.465489
0.465489
0.87364
0.531367
0.531367
0.531367
0.531367
0.531367
0.531367
0.531367
0.531367
0.228958
-0.0861202
0.793587
0.663625
0.663625
0.663625
0.598868
0.777669
0.777669
0.777669
0.476004
0.42776
0.440406
0.440406
0.599225
-0.162005
0.455584
-0.31273
-0.643893
-0.829705
-0.899837
-0.581349
-0.581349
-0.581349
-0.581349
-0.581349
-0.581349
-0.581349
-0.780498
-0.811566
-0.784815
-0.784815
-0.784815
-0.578616
-0.578616
-0.578616
-0.489761
-0.489761
-0.489761
-0.489761
-0.343506
-0.495975
-0.495975
-0.495975
-0.495975
-0.495975
-0.495975
-0.495975
-0.495975
-0.940277
-0.148369
-0.910697
-0.910697
-0.910697
-0.910697
-0.280698
-0.629242
-0.675293
-0.675293
-0.675293
-0.465144
-0.36567
-0.380299
-0.380299
0.421125
0.421125
0.0820871
0.220862
0.37204
0.37204
-0.355316
-0.355316
-0.355316
-0.629483
-0.742931
-0.742931
0.131167
0.315609
-0.524272
-0.524272
-0.524272
-0.259787
-0.698647
-0.891879
-0.974233
-0.775391
-0.726678
-0.404273
-0.465469
-0.465469
-0.465469
-0.686612
-0.686612
-0.686612
-0.686612
-0.686612
-0.686612
-0.686612
-0.686612
-0.686612
-0.955795
-0.955795
-0.955795
-0.955795
-0.955795
-0.576632
-0.576632
-0.576632
-0.576632
-0.576632
-0.576632
-0.576632
-0.576632
-0.576632
-0.391158
-0.480946
-0.856012
-0.798956
-0.651254
-0.651254
-0.470173
-0.470173
-0.470173
-0.470173
-0.470173
-0.763362
-0.763362
-0.763362
-0.493755
-0.962248
-0.962248
-0.169302
-0.107633
0.0676167
0.124921
0.401096
0.401096
0.956538
0.956538
0.956538
0.956538
0.537301
0.537301
0.537301
0.537301
0.537301
0.537301
0.537301
0.668552
0.668552
0.667131
0.667131
0.623973
0.623973
-0.234363
-0.541101
-0.541101
-0.436817
-0.431697
-0.394162
-0.661959
-0.661959
-0.661959
-0.661959
-0.661959
-0.661959
0.234047
0.384857
0.384857
0.384857
0.384857
-0.424506
-0.424506
-0.424506
-0.424506
-0.424506
-0.803494
-0.803494
-0.610686
-0.444505
-0.444505
-0.969075
-0.45002
-0.591421
-0.591421
-0.522769
-0.522769
-0.542326
-0.612775
-0.612775
-0.612775
-0.612775
-0.305606
-0.418283
-0.418283
-0.418283
-0.0164277
-0.675655
-0.782962
-0.347199
-0.738203
-0.446815
-0.446815
-0.838365
-0.838365
-0.550433
-0.550433
-0.550433
-0.550433
-0.567399
-0.567399
-0.567399
-0.567399
-0.567399
-0.567399
-0.567399
-0.567399
-0.648568
-0.520234
-0.661327
-0.845297
-0.496846
-0.496846
-0.496846
-0.581473
-0.581473
-0.581473
-0.455184
-0.690062
-0.690062
-0.690062
-0.690062
-0.690062
-0.544662
-0.726437
-0.726437
-0.726437
-0.726437
-0.130645
-0.605333
-0.605333
-0.605333
-0.417188
-0.417188
-0.894294
-0.405481
-0.327403
-0.319705
-0.319705
-0.319705
-0.878654
-0.878654
-0.878654
-0.878654
-0.878654
-0.878654
-0.878654
-0.47167
-0.47167
-0.47167
0.354224
0.354224
-0.52773
0.310267
-0.322695
-0.322695
-0.565687
-0.565687
-0.565687
-0.565687
-0.565687
-0.565687
-0.565687
-0.565687
-0.565687
-0.565687
-0.270184
-0.270184
-0.270184
-0.250833
-0.589581
-0.589581
-0.589581
-0.589581
-0.589581
-0.760538
-0.760538
-0.760538
-0.917472
-0.522023
-0.522023
-0.132731
0.0559711
-0.747456
-0.544002
-0.544002
-0.765065
-0.765065
-0.765065
-0.765065
-0.765065
-0.807263
-0.807263
-0.807263
-0.807263
0.073689
0.472478
0.472478
0.833297
0.199455
-0.0584219
0.409361
0.690737
0.509884
0.509884
0.643078
0.643078
0.750862
0.576589
0.576589
-0.260069
-0.556404
-0.556404
-0.556404
-0.556404
-0.556404
-0.556404
0.327106
0.766719
0.766719
0.766719
0.766719
0.766719
0.766719
0.766719
0.766719
0.766719
0.496727
-0.311412
-0.694241
-1.1414
-0.335401
-0.335401
-0.372673
-0.692196
-0.692196
-0.692196
-0.692196
-0.689382
-0.689382
-0.689382
-0.689382
-0.689382
-0.689382
-0.689382
-0.689382
-0.689382
-0.689382
-0.071223
0.648856
0.215492
-0.645966
-0.42177
-0.42177
-0.42177
-0.42177
-0.407022
-0.407022
0.155526
-0.19057
0.593129
0.593129
0.928399
0.928399
0.928399
0.928399
0.928399
0.628816
0.565047
0.160015
-0.698073
-0.216279
0.62606
0.964351
1.09727
0.525763
0.350973
0.350973
0.350973
-0.322618
0.46114
0.46114
0.46114
0.834224
0.834224
0.834224
0.642663
0.775154
0.775154
0.611551
0.774686
0.856505
0.856505
0.856505
0.856505
0.856505
0.856505
0.856505
0.856505
0.790331
0.790331
0.790331
0.790331
0.790331
0.739314
0.739314
0.739314
0.739314
0.739314
0.739314
0.739314
0.739314
0.739314
-0.0931482
-0.233211
-0.670129
-0.670129
-0.396045
-0.586806
-0.963602
-0.963602
-0.963602
-0.588044
-0.588044
-0.588044
-0.588044
-0.588044
-0.588044
-0.588044
-0.588044
-0.506514
-0.506514
-0.506514
-0.837058
-0.653977
-0.653977
-0.653977
-0.653977
-0.653977
-0.507813
-0.507813
-0.507813
-0.796111
-0.805484
-0.401689
-0.896043
-0.896043
-0.896043
-0.896043
-0.896043
-0.896043
-0.896043
-0.896043
-0.896043
-0.529924
-0.529924
-0.529924
-0.529924
-0.529924
-0.529924
-0.529924
-0.673423
-0.673423
-0.368007
-0.877957
-0.228672
0.384434
0.722587
0.722587
0.366069
1.12477
1.17116
0.535849
-0.224512
-0.857289
-0.857289
-0.857289
-0.707467
-0.707467
-0.434609
-0.434609
-0.434609
-0.434609
-0.663671
-0.654185
-0.596571
-0.596571
-0.596571
-0.596571
-0.596571
-0.596571
-0.675626
-0.675626
0.219562
0.84591
0.364585
0.389542
0.710251
0.418504
-0.339549
-0.770928
-0.477132
-0.477132
-0.51427
-0.51427
-0.51427
-0.482889
-0.482889
-0.482889
-0.482889
-0.482889
-0.482889
-0.482889
-0.482889
-0.482889
-0.482889
-0.482889
-0.397425
-0.397425
-0.397425
-0.397425
0.474246
0.705124
0.705124
0.705124
0.705124
0.513607
0.513607
0.803381
0.563295
0.302706
-0.310768
-0.310768
-0.92351
-0.432587
-0.432587
-1.01208
-1.01208
-1.06405
-0.790245
-0.790245
-0.790245
-0.790245
-0.790245
-0.790245
-0.790245
-0.790245
-0.790245
-0.951255
-0.951255
-0.658744
-0.658744
-0.658744
-0.0538755
-0.0739282
-0.737179
-0.716219
-0.944816
-0.912126
-0.912126
-0.977311
-0.977311
-0.977311
-0.565066
-0.565066
-0.565066
-0.632279
-0.632279
-0.632279
-0.525793
-0.525793
-0.889932
-0.916211
-0.513899
-0.513899
-0.513899
-0.513899
-0.513899
-0.513899
-0.513899
-0.513899
-0.513899
-0.513899
-0.895199
-0.895199
-0.895199
-0.895199
-0.00496861
0.00138115
0.680464
0.680464
0.869369
0.869369
0.869369
0.869369
0.869369
0.218531
0.462212
0.462212
0.462212
-0.379651
-0.778222
-0.778222
-1.02782
-0.705231
-0.849358
-0.365962
0.416246
0.416246
0.731232
0.731232
0.731232
0.731232
0.731232
0.731232
0.951356
0.951356
0.271162
-0.359084
-0.353454
-0.503701
-0.503701
-0.503701
-0.538104
-0.538104
-0.311432
-0.311432
0.547035
0.0453251
-0.834561
-0.834561
-0.834561
-0.993029
-0.453943
-0.453943
-0.453943
-0.453943
-0.453943
-0.453943
-0.453943
-0.453943
-0.797952
-0.797952
-0.797952
-0.797952
-0.47562
-0.47562
-0.47562
-0.480628
-0.480628
-0.615641
-0.615641
-0.908623
-0.163251
0.458626
1.02977
0.668371
0.668371
0.400463
0.591624
0.51979
0.852658
0.852658
0.852658
0.699737
0.699737
0.699737
0.699737
0.699737
0.528381
0.736936
0.736936
0.736936
0.736936
0.501757
0.454013
-0.321571
-1.01834
-1.01834
-1.01834
-1.01834
-1.01834
-0.62783
-0.375166
-0.375166
-0.375166
-0.583458
-0.583458
-0.428242
-0.428242
-0.428242
-0.726492
-0.583975
-0.583975
-0.583975
-0.583975
-0.583975
-0.583975
0.228775
0.228775
0.635369
0.635369
0.635369
0.657793
0.657793
0.551419
-0.312851
-0.312851
-0.461636
-0.461636
-0.461636
-0.575029
-0.575029
-0.575029
-0.485604
-0.453959
-0.579822
-0.732738
-0.732738
-0.234115
-0.234115
-0.754701
-0.754701
-0.754701
-0.754701
-0.754701
-0.754701
-0.754701
-0.754701
-0.754701
-0.754701
-0.442089
0.446681
0.538949
0.538949
0.743396
0.743396
0.743396
0.743396
0.743396
0.743396
-0.136742
-0.0318817
0.720239
0.720239
0.720239
0.720239
0.720239
0.697766
0.345124
0.583489
0.583489
0.94568
0.94568
1.04159
1.04159
1.04159
0.519961
0.519961
0.519961
0.795398
0.795398
0.265801
-0.230952
0.334988
0.334988
0.334988
-0.412254
0.391159
0.391159
0.51726
0.51726
0.51726
0.51726
0.599883
0.599883
0.599883
0.599883
0.378191
0.378191
-0.498095
-0.857374
-0.857374
-0.857374
-0.498614
-0.498614
-0.498614
-0.498614
-0.498614
-0.498614
-0.498614
-0.498614
-0.646567
0.0697799
0.485659
0.773871
0.627817
0.627817
0.627817
0.627817
0.586242
0.586242
0.586242
0.586242
0.664255
0.664255
0.891939
0.352872
0.545242
0.545242
-0.329408
-0.329408
-0.329408
-0.329408
-0.892386
-0.892386
-0.922137
-0.922137
-0.922137
-0.922137
-0.272676
-0.272676
-0.272676
0.522174
0.522174
0.36131
0.65195
0.644869
0.644869
0.644633
1.0682
1.0682
1.0682
1.33262
0.468376
0.694985
0.694985
0.30375
0.30375
0.912685
0.912685
0.7911
0.7911
0.7911
0.7911
0.385037
0.605064
0.605064
0.605064
0.605064
0.605064
0.605064
0.605064
0.605064
0.834502
0.457148
0.577049
0.495577
0.495577
0.73859
0.73859
0.73859
0.410093
0.212807
0.743416
0.507252
0.269101
-0.277398
0.378544
0.378544
0.469778
0.517072
0.4082
-0.417603
-0.837149
-0.837149
-0.638894
-0.638894
-0.638894
-0.441847
-0.612483
-0.612483
-0.612483
-0.612483
-0.612483
-0.612483
-0.61313
-0.61313
-0.61313
-0.61313
-0.61313
-0.639314
-0.199739
0.0588738
-0.505243
-0.505243
-0.438388
-0.438388
-0.715455
-0.715455
-0.715455
-0.715455
-0.715455
-0.715455
-0.715455
-0.715455
-0.715455
-0.341323
-0.341323
-0.440224
-0.440224
-0.440224
0.311733
0.311733
0.311733
0.916427
0.858142
0.640205
0.640205
0.640205
0.640205
0.434214
0.434214
0.774712
0.774712
0.774712
0.232701
0.774008
0.774008
-0.0660482
0.106274
-0.0462116
0.108804
-0.252095
0.371235
0.371235
0.371235
0.371235
0.600799
0.600799
0.600799
0.65507
0.65507
0.781389
0.715745
0.715745
0.715745
0.715745
0.715745
0.715745
0.822269
0.822269
0.858746
0.436076
0.436076
0.436076
0.332629
0.935443
0.887393
0.887393
0.887393
0.636289
0.636289
0.29747
-0.463753
-0.463753
-0.463753
0.369982
0.369982
0.369982
0.172928
0.463306
0.463306
0.463306
0.463306
0.463306
0.403195
0.403195
0.403195
0.403195
0.294957
0.294957
0.712196
0.712196
0.712196
0.460736
0.460736
-0.379167
-0.727391
-0.727391
-0.727391
-0.727391
-0.710714
-0.710714
-0.105135
-0.563465
-0.36583
0.443719
0.443719
0.443719
0.384443
0.384443
0.384443
0.384443
0.384443
0.384443
0.384443
0.75649
0.663945
0.663945
0.663945
0.663945
0.663945
0.663945
0.663945
0.663945
0.663945
0.870778
0.83007
0.432257
0.923791
0.923791
0.923791
0.719358
0.719358
0.476484
0.476484
-0.33605
-0.588458
-0.588458
-0.604572
-0.604572
-0.472068
0.00257035
0.537331
0.537331
0.537331
0.537331
0.797719
0.797719
0.797719
0.797719
0.761946
0.761946
0.761946
0.761946
0.761946
0.80897
0.385727
0.243603
0.795885
0.795885
0.795885
0.795885
0.467103
0.467103
0.467103
0.419179
0.419179
0.419179
0.935471
0.935471
0.935471
0.905282
0.905282
0.905282
0.221989
-0.629733
-0.629733
-0.276442
0.235922
0.316173
-0.139508
0.279684
-0.535558
-0.535558
-0.535558
-0.535558
-0.535558
-0.648502
-0.648502
-0.648502
-0.565551
-0.565551
-0.565551
-0.565551
-0.565551
-0.565551
-0.565551
-0.565551
-0.565551
-0.565551
-0.565551
-0.565551
-0.565551
-0.565551
-0.565551
-0.412714
-0.472216
-0.959014
-0.81974
-0.850357
-0.850357
-0.850357
-0.690575
-0.690575
-0.690575
-0.690575
-0.690575
-0.690575
-0.690575
-0.560512
-0.474602
0.278977
0.278977
0.278977
0.375502
0.375502
0.375502
0.648029
0.648029
0.648029
0.500579
0.500579
0.500579
0.50266
0.50266
0.50266
0.50266
0.50266
-0.22341
-0.616701
-0.616701
-0.616701
-0.616701
-0.847997
-0.847997
-0.560363
0.158378
0.158378
0.721385
0.721385
0.721385
0.721385
0.721385
0.580474
-0.0410322
-0.602206
-0.602206
-0.602206
-0.609006
-0.609006
-0.609006
-0.552647
-0.552647
-0.252986
-0.053257
0.428607
-0.449783
-0.764441
-0.764441
-0.764441
-0.764441
-0.903328
-0.562789
-0.767202
-0.216525
-0.95714
-1.15161
-0.964312
-0.897655
-0.380537
-0.559326
-0.559326
-0.559326
-0.559326
-0.559326
-0.828996
-0.800592
-0.800592
-0.800592
-0.800592
-0.931706
-0.931706
-0.933179
-0.933179
-0.932795
-0.932795
-0.79669
-0.79669
-0.430486
-0.430486
-0.430486
-0.430486
-0.430486
-0.990997
-0.990997
-0.896825
-0.897032
-0.897032
-0.897032
-0.542089
-0.542089
-0.542089
-0.542089
-0.542089
-0.542089
-0.762578
-0.462284
-0.323104
-0.399043
-0.399043
-0.399043
-0.552312
-0.552312
-0.423275
-0.423275
-0.423275
-0.423275
-0.423275
-0.718654
-0.756671
-0.316679
-0.316679
-0.783446
-0.783446
-0.376352
0.41688
0.915212
0.915212
0.395445
0.395445
0.395445
0.395445
-0.353572
-0.413268
0.200324
0.285688
-0.542556
-0.698549
-0.59489
-0.59489
-0.453166
-0.453166
0.280714
-0.0487317
0.315921
-0.32858
-0.437773
-0.437773
-0.437773
-0.335273
0.501059
0.501059
0.501059
0.501059
0.501059
0.501059
0.501059
0.586071
0.297059
-0.287948
0.314209
0.683808
0.683808
0.683808
0.683808
0.683808
0.683808
0.316832
0.316832
0.316832
-0.32053
0.559082
0.559082
0.559082
0.559082
0.883835
0.883835
0.883835
0.563219
0.563219
1.11279
1.11279
1.04147
0.536871
0.560914
0.560914
0.560914
0.560914
0.639713
-0.196536
-0.558063
-0.558063
-0.506116
-0.506116
-0.506116
-0.506116
-0.309527
-0.309527
-0.355463
-0.709228
-0.709228
-0.709228
-0.981604
-0.981604
-0.981604
-0.981604
-0.981604
-0.981604
-0.16814
-0.16814
-0.668676
-0.668676
-0.668676
-0.351653
0.120966
-0.341052
-0.616015
-0.616015
-0.79488
-0.79488
-0.79488
-0.79488
-0.503693
-0.503693
-0.503693
-0.669466
-0.669466
-0.669466
-0.669466
-0.669466
-0.669466
-0.611651
-0.611651
-0.611651
-0.429935
-0.429935
-0.429935
-0.429935
-0.596706
-0.729654
-0.729654
-0.729654
-0.341089
-0.649189
-0.353495
-0.792855
-0.542298
-0.542298
-0.542298
-0.542298
0.137275
0.620005
0.876789
0.876789
1.00737
0.637606
0.00888824
0.0177195
0.382179
0.382179
-0.335235
-0.559162
-0.559162
-0.559162
-0.559162
-0.559162
-0.559162
-0.559162
-0.559162
-0.559162
-0.559162
-0.559162
-0.559162
-0.559162
-0.559162
-0.559162
-0.559162
0.251862
0.251862
0.251862
0.804764
0.804764
0.804764
0.767793
0.767793
0.767793
0.209957
1.05364
1.05364
1.05364
1.05364
1.05364
0.789359
0.789359
0.236644
0.657873
0.657873
0.730754
0.730754
0.730754
0.230528
0.0469248
0.128579
-0.432695
-0.432695
-0.726509
-0.64243
-0.64243
-0.64243
-0.64243
-0.251104
0.583614
0.583614
0.583614
0.583614
0.583614
0.583614
0.583614
0.583614
0.583614
0.583614
-0.196362
-0.196362
0.272121
0.272121
0.634775
0.634775
0.634775
0.634775
0.78223
0.78223
0.78223
0.78223
0.78223
0.78223
0.823619
0.823619
0.531311
0.531311
0.531311
0.531311
0.531311
0.694966
0.694966
0.694966
0.694966
0.694966
0.694966
0.287566
0.287566
0.690066
0.690066
0.690066
0.690066
0.690066
0.690066
0.614422
0.639913
0.639913
0.640026
0.568364
0.521333
-0.049413
-0.913501
-0.913501
-0.301178
-0.819919
-0.819919
-0.405892
-0.405892
-0.477906
-0.477906
-0.477906
-0.477906
0.40828
0.40828
0.40828
0.40828
-0.427943
-0.845302
-0.845302
-0.869533
-0.869533
-0.415872
-0.770197
-0.770197
-0.839678
-0.839678
-0.54335
-0.54335
-0.54335
-0.54335
-1.17293
-1.17293
-0.662729
-0.662729
-0.662729
-0.662729
-0.662729
-0.662729
-0.844395
-0.844395
-0.103205
-0.948759
-0.664256
-0.664256
-0.664256
-0.664256
-0.664256
-0.671608
-0.671608
-0.671608
-0.671608
-0.457394
-0.457394
-0.447746
-0.447746
-0.505953
-0.505953
-0.297108
0.373619
-0.294738
-0.294738
-0.904619
-0.904619
-0.792056
-1.07745
-1.07745
-0.801506
-0.466581
-0.466581
-0.582034
-0.582034
-0.582034
0.247025
0.392295
0.392295
0.392295
0.392295
0.392295
0.392295
0.392295
0.663439
0.663439
0.663439
0.958962
0.958962
0.565165
0.565165
0.373753
0.705046
0.813572
0.813572
0.813572
0.813572
0.813572
0.32312
0.32312
0.32312
-0.318502
0.487705
-0.221018
0.62641
0.816624
0.883306
0.883306
0.407484
0.407484
0.407484
0.407484
0.407484
0.407484
0.407484
0.635656
0.454697
0.454697
0.454697
0.454697
0.454697
-0.187364
0.26644
0.360959
0.866172
0.866172
-0.0209237
-0.207156
-0.276867
-0.949996
-0.949996
-0.949996
-0.949996
-0.949996
-0.153015
-0.494878
-0.236982
-0.737701
-0.737701
-0.737701
-0.868117
-0.713406
-0.713406
-0.713406
-0.713406
-0.215271
-0.718056
-0.718056
-0.334417
-0.334417
0.205093
0.660758
0.44894
-0.421848
-0.421848
-0.509492
-0.509492
-0.509492
-0.0844776
-0.404752
-0.28555
-0.786067
-0.786067
-0.786067
-0.773251
-0.863855
-0.863855
-0.863855
-0.991549
-0.356157
-0.356157
0.229097
-0.545148
-0.545148
-0.545148
-0.545148
-0.545148
-0.545148
-0.545148
-0.545148
-0.545148
-0.89857
-0.769716
-0.769716
-0.769716
-0.977385
-0.977385
-0.666333
-0.666333
-0.51908
-0.51908
-0.354881
0.40982
0.40982
0.463916
0.51917
0.51917
0.51917
0.424069
0.424069
0.424069
0.424069
0.417386
0.417386
0.417386
0.417386
0.325434
-0.29293
-0.245252
-0.950639
-0.67488
-0.67488
-0.797177
-0.614321
-0.614321
-0.800132
-0.800132
-0.800132
-0.665188
-0.665188
-0.665188
-0.665188
-0.00980121
-0.568454
-0.953552
-0.164584
0.271945
-0.152065
0.525871
0.525871
0.525871
0.525871
0.525871
0.525871
0.731721
0.731721
0.719101
0.719101
0.840808
0.840808
0.840808
0.840808
0.840808
0.840808
0.921147
0.921147
0.377518
0.377518
0.447633
0.447633
0.447633
0.662711
0.662711
0.662711
0.662711
0.618162
0.618162
0.766904
0.428188
0.428188
0.428188
0.428188
0.630998
0.630998
0.630998
0.826206
0.838032
0.159981
0.552515
0.552515
0.552515
0.660029
0.660029
0.38658
0.38658
0.176995
-0.452925
-0.452925
-0.478632
-0.478632
-0.478632
-0.694283
-0.694283
-0.694283
0.193006
0.993589
0.420996
-0.458058
-0.701815
-0.701815
-0.701815
-0.701815
-0.597437
-0.597437
-0.602975
-0.602975
-0.602975
-0.602975
-0.811918
-0.300081
0.562031
0.562031
0.361361
0.361361
0.805756
0.522099
-0.289952
-0.544055
-0.544055
-0.544055
-0.544055
-0.544055
-0.544055
-0.544055
-0.544055
-0.544055
-0.0241781
-0.824658
-0.824658
-0.824658
-0.604703
-0.604703
-0.604703
-0.356262
-0.585321
-0.585321
-0.29475
-0.29475
-0.649617
-0.442749
-0.442749
-0.442749
-0.396238
-0.396238
-0.396238
-0.396238
-0.350563
0.494899
0.494899
0.494899
0.494899
0.389146
0.389146
0.44163
0.921515
0.921515
0.822267
0.776721
0.776721
0.445546
0.445546
0.445546
0.391705
0.391705
0.668724
0.828557
0.372706
0.366807
0.366807
-0.355421
-1.09705
-1.08469
-1.08469
-1.08469
-0.587229
-0.587229
-0.587229
-0.587229
-0.587229
-0.587229
-0.587229
-0.587229
-0.889268
-0.217886
0.0863635
0.683689
-0.191447
-0.187544
0.6917
0.609182
0.609182
0.609182
0.609182
0.318037
0.318037
-0.552438
-0.552438
-0.552438
-0.644313
-0.644313
-0.560489
-0.560489
-0.391357
-0.391357
-0.391357
0.264875
0.91707
0.895711
0.184589
-0.611359
-0.611359
-0.611359
-0.434237
-0.434237
0.109578
0.175943
-0.440474
-0.440474
-0.440474
-0.440474
-0.440474
-0.440474
-0.440474
-0.742501
-0.742501
-0.911244
-0.180499
-0.0164498
-0.248889
0.585455
0.585455
0.585455
0.585455
0.585455
0.454822
0.58875
0.58875
0.58875
0.58875
0.58875
0.369075
0.250616
-0.322916
-0.322916
-0.0706695
-0.559188
-0.582842
-0.24632
-0.945734
-0.945734
-0.945734
-0.945734
-0.945734
-0.561335
-0.561335
-0.561335
-0.561335
-0.999387
-1.14386
-0.547045
-0.547045
-0.547045
-0.547045
-0.547045
-0.548715
-0.548715
-0.548715
-0.548715
-0.548715
-0.548715
-0.548715
-0.548715
-0.548715
-0.58095
-0.733539
-0.733539
-0.733539
-0.330252
-0.439593
-0.515636
-0.652838
-0.547128
-0.547128
-0.547128
-0.547128
-0.547128
-0.547128
-0.547128
-0.414679
-0.414679
0.356179
0.356179
0.845272
0.464104
-0.135552
0.207954
0.63519
-0.0866858
-0.592237
-0.623833
-0.623833
-0.623833
-0.794584
-0.794584
-0.73138
-0.73138
-0.73138
-0.73138
-0.73138
-0.73138
-0.713276
-0.713276
-0.713276
-0.609302
-0.609302
-0.609302
-0.612817
-0.612817
-0.612817
-0.612817
-0.612817
-0.612817
-0.612817
-0.612817
-0.414784
-0.414784
-0.437589
-0.437589
-0.437589
-0.637071
-0.637071
-0.637071
-0.637071
-0.637071
-0.637071
-0.637071
-0.637071
-0.637071
-0.637071
-0.597561
-0.597561
-0.597561
-0.437118
-0.437118
0.345601
0.345601
0.711935
0.711935
0.711935
0.711935
0.711935
0.711935
0.711935
0.711935
0.368394
0.368394
-0.357009
0.41829
0.767828
0.767828
0.767828
0.767828
0.767828
0.767828
0.297478
0.297478
0.297478
0.297478
0.97947
0.423602
0.423602
0.423602
1.14895
1.02402
0.438177
0.385033
0.302091
-0.507602
-0.507602
-0.507602
-0.625313
-0.625313
-0.625313
-0.625313
-0.625313
-0.706603
-0.706603
-0.706603
-0.706603
-0.706603
-0.706603
-0.706603
-0.706603
-0.706603
-0.706603
-0.706603
-0.706603
-0.706603
-0.706603
-0.706603
-0.706603
-0.730641
-0.730641
-0.421675
0.317571
0.918799
0.918799
0.29667
0.29667
0.29667
0.530126
0.530126
0.530126
0.745447
0.745447
0.745447
0.967723
0.246281
0.942478
0.291595
0.291595
-0.434413
-0.757275
-0.757275
-0.346033
-1.10683
-1.10683
-1.10683
-1.10683
-1.10683
-1.10683
-0.69667
-0.721754
-0.295677
-0.85088
-0.85088
-0.37531
-0.37531
0.425123
0.425123
0.512407
0.512407
0.512407
0.196548
-0.330142
0.4515
0.4515
-0.22249
0.654292
0.654292
0.654292
0.654292
0.654292
0.654292
0.654292
0.654292
0.654292
0.361205
0.361205
0.519861
0.519861
0.519861
0.386402
0.386402
0.386402
-0.286659
-0.708901
-0.476989
-0.476989
-0.476989
-0.476989
-0.476989
-0.476989
0.303019
0.424726
0.879736
0.730356
0.730356
0.730356
0.391478
0.391478
0.391478
0.391478
0.483313
0.483313
0.768953
0.620304
0.847382
0.847382
0.847382
0.790268
0.790268
0.821207
0.821207
0.792033
0.792033
0.676498
0.676498
0.676498
0.676498
0.676498
0.676498
0.422895
0.380202
0.974462
0.214645
-0.44075
-0.44075
0.446017
0.446017
0.446017
0.446017
0.446017
0.446017
0.446017
0.734119
0.734119
0.734119
0.940203
0.814237
0.457454
0.457454
0.457454
0.475824
0.475824
-0.410302
-0.410302
0.368997
0.630483
0.792418
0.792418
0.792418
0.218322
0.218322
-0.297574
-0.297574
-0.454684
-0.454684
-0.772868
-0.340691
-0.130001
0.597435
0.838187
0.528007
0.528007
0.528007
0.519348
0.519348
0.519348
0.519348
0.519348
0.519348
0.519348
0.519348
0.519348
0.944529
0.331629
0.57547
0.57547
0.57547
0.57547
0.57547
0.57547
0.57547
0.57547
-0.252045
-0.298851
0.30655
0.111196
-0.517591
0.178648
0.438546
0.321005
0.545649
0.565351
0.565351
0.565351
0.8155
0.8155
0.8155
0.206446
0.418761
0.418761
-0.324244
-0.324244
-0.512285
-0.512285
-0.489749
-0.792621
-0.533946
-0.533946
-0.578184
-0.578184
-0.578184
-0.578184
-0.000132063
-0.479074
-0.635311
-0.635311
-0.635311
-0.544138
-0.731032
-0.731032
-0.653033
-0.653033
-0.653033
-0.653033
-0.749919
-0.749919
-0.69354
-0.48413
-0.48413
-0.48413
-0.0359657
-0.227783
0.550455
0.589765
0.500911
0.54933
0.54933
0.54933
0.362903
-0.336373
-0.42681
-0.42681
-0.761584
-0.89493
-0.89493
-0.671596
-0.671596
-0.671596
-0.671596
-0.671596
-0.591544
-0.591544
-0.591544
-0.591544
-0.590254
-0.606711
-0.606711
0.278703
-0.543153
-0.543153
-0.543153
-0.543153
-0.878547
-1.35057
-0.965336
-0.965336
-0.259218
-0.259218
-0.67355
-0.848613
-0.848613
-0.848613
-0.848613
-0.848613
-0.848613
-0.848613
-0.462994
-0.636221
-0.636221
-0.636221
-0.636221
-0.636221
-0.691863
-0.691863
-0.691863
-0.691863
-0.691863
-0.691863
-0.691863
-0.691863
-0.691863
-0.691863
-0.691863
-0.691863
-0.691863
-0.691863
-0.691863
-0.691863
-0.568235
-0.568235
-0.817067
-0.817067
-0.817067
-0.562235
-0.562235
-0.562235
-0.562235
-0.562235
-0.562235
-0.647114
-0.647114
-0.647114
-0.647114
-0.559303
-0.559303
-0.471246
-0.489716
-0.619288
-0.619288
-0.802557
-0.802557
-0.433149
-0.433149
-0.433149
-0.433149
-0.219817
-0.248231
-0.248231
-0.0656588
0.117363
0.473397
0.47256
0.47256
0.47256
0.47256
0.47256
0.47256
0.47256
0.47256
-0.14492
-0.0459601
0.533176
0.513398
0.408784
0.408784
0.408784
-0.468695
-0.468695
-0.447494
-0.972414
-0.972414
-0.972414
-0.660342
-0.660342
-0.660342
-0.660342
-0.660342
-0.465885
-0.465885
-0.465885
-0.465885
-0.23886
0.25322
0.25322
0.863091
0.309851
0.309851
0.195605
-0.223862
-0.707785
-0.707785
-0.817943
-0.686122
-0.466472
-0.466472
-0.466472
-0.466472
-0.466472
-0.466472
0.288797
0.9729
0.9729
0.9729
0.654367
0.447732
0.447732
0.447732
0.447732
0.447732
0.496924
0.496924
0.78183
0.619065
0.980338
0.226517
0.226517
0.205193
0.200594
0.0774154
0.0248518
-0.570345
-0.570345
-0.570345
-0.333294
-0.333294
0.31363
0.667635
0.667635
0.667635
-0.202928
-0.274676
0.467107
-0.259594
-0.259594
0.442629
0.368358
0.687956
0.687956
0.228569
0.489736
0.489736
0.489736
0.486715
0.198672
0.595607
0.595607
0.595607
0.595607
1.10906
1.10906
1.05366
1.05366
0.570847
0.570847
0.570847
0.570847
0.495412
0.495412
0.501909
0.495021
0.480914
0.83209
0.83209
0.58582
0.58582
0.584434
0.664105
0.664105
0.664105
0.770054
0.770054
0.770054
0.770054
0.770054
0.686937
0.686937
0.686937
0.686937
0.686937
0.916519
0.916519
0.916519
0.916519
0.078396
0.887366
0.887366
0.887366
0.887366
0.559812
0.559812
0.559812
0.902834
0.902834
1.03755
0.368153
0.368153
0.368153
0.368153
-0.239528
-0.411283
-0.411283
0.197969
0.62381
0.62381
0.62381
0.644403
0.399338
0.399338
0.434534
0.992879
0.992879
0.679003
0.679003
0.679003
0.849816
0.849816
0.849816
0.786514
0.786514
0.786514
0.272473
-0.448194
-0.685686
-0.685686
-0.685686
-0.427324
-0.427324
-0.870882
-0.870882
-0.200805
-0.71009
-0.544369
-0.651734
-0.907387
-0.144498
-0.982757
-0.982757
-0.982757
-0.982757
-0.982757
-0.882159
-0.882159
-0.882159
-0.936619
-0.672085
-0.672085
-0.672085
-0.672085
-0.35764
-0.35764
-0.790717
-0.5382
-0.5382
-0.5382
-0.720649
-0.720649
-0.261431
-0.259558
-0.665684
-0.665684
-0.665684
0.1528
0.253495
-0.536655
-0.536655
-0.608125
-0.608125
-0.608125
-0.608125
-0.608125
-0.608125
-0.608125
-0.608125
-0.64687
-0.360571
0.112967
0.465196
0.465196
0.666313
0.748814
0.748814
0.748814
0.748814
0.748814
0.341885
0.341885
0.341885
0.455964
0.455964
0.694457
0.694457
0.694457
0.694457
0.756216
0.756216
0.756216
0.858341
0.195529
0.377261
0.271309
-0.304203
0.0291705
0.260842
-0.601898
-0.601898
-0.601898
-0.601898
-0.644493
-0.7869
-0.7869
-0.625118
-0.625118
-0.625118
-0.625118
-0.625118
-0.625118
-0.625118
-0.319505
-0.911796
-0.439445
-0.439445
-0.439445
-0.439445
0.456247
0.456247
0.328612
0.627233
0.627233
0.627233
0.627233
0.627233
0.450215
0.450215
0.769085
0.769085
0.399321
0.399321
0.694531
0.694531
0.256293
0.418224
0.418224
0.418224
0.418224
0.0834193
0.958489
0.958489
0.958489
0.142801
0.474199
0.242913
0.242913
-0.0871351
-0.681061
-0.681061
-0.681061
-0.528084
-0.528084
-0.699996
-0.699996
-0.461139
-0.461139
-0.461139
-0.461139
0.438821
0.438821
0.659545
0.659545
0.659545
0.518606
-0.341909
-0.341909
-0.395145
-0.395145
-0.395145
-0.545895
-0.545895
-0.545895
-0.545895
-0.794725
-1.05838
-0.93072
-0.93072
-0.730161
-0.730161
-0.299153
-0.61029
0.00761556
-0.0502527
-0.333639
-0.58613
-0.58613
-0.58613
-0.58613
-0.58613
-0.58613
-0.363116
-0.363116
-0.195918
-0.49352
-0.399318
-0.399318
-0.843548
-0.843548
-0.522804
-0.522804
-0.522804
0.0790741
0.763321
0.763321
0.739413
0.739413
0.739413
0.739413
0.739413
0.513597
0.596472
0.457541
0.457541
0.681901
0.681901
0.586999
0.380548
0.380548
0.380548
-0.219744
-0.411548
-0.341051
-0.316608
-0.4955
-0.4955
0.139658
0.479936
0.854338
0.854338
0.796508
0.548275
0.548275
0.841862
0.361386
0.361386
0.543228
0.543228
0.543228
0.543228
0.602487
0.602487
0.602487
0.602487
0.602487
0.775676
0.775676
0.775676
0.775676
0.541775
0.918264
0.869664
0.869664
0.856632
0.244338
-0.335467
0.524048
0.524048
0.524048
0.524048
0.524048
0.524048
-0.158892
0.661949
0.661949
0.661949
0.359029
-0.28753
0.426428
0.426428
0.426428
0.89225
0.906689
0.906689
0.906689
0.906689
0.0427954
-0.80975
-0.80975
-0.80975
-0.80975
-0.372755
-0.462689
-0.462689
-0.462689
-0.981734
-0.981734
-0.684769
-0.399332
-0.399332
-0.399332
-0.399332
-0.293124
0.379945
0.379945
0.379945
0.406561
-0.469502
-0.469502
-0.126053
0.653647
0.653647
0.303458
0.303458
0.303458
0.452829
-0.406808
-0.406808
-0.277968
-0.277968
-0.277968
-0.435779
-0.181672
-0.800765
-0.800765
-0.800765
-0.601007
-0.866281
-0.866281
-1.02633
-1.02633
-0.422286
-0.422286
-0.80382
-0.550403
-0.550403
-0.550403
-0.550403
-0.550403
-0.550403
-0.335934
-0.335934
-0.335934
-0.345985
0.241116
-0.313007
-0.313007
-0.313007
0.281214
-0.399918
-0.399918
-0.399918
-0.0890184
0.33204
-0.431675
-0.431675
-0.431675
-0.666957
-0.666957
-0.666957
-0.666957
-0.666957
-0.666957
-0.666957
-0.486253
-0.711932
-0.940637
-0.940637
-0.828711
-0.828711
-0.828711
-0.636606
-0.636606
-0.636606
-0.636606
-0.636606
-0.683405
-0.38206
-0.208255
-0.208255
0.550628
0.550628
0.550628
0.550628
0.582227
0.582227
0.582227
0.582227
0.582227
0.582227
0.582227
0.582227
0.582227
0.582227
0.582227
0.757397
0.757397
0.173739
0.173739
0.0968368
-0.0828789
-0.213264
-0.882228
-0.720413
-0.720413
-0.720413
-0.752622
-0.752622
-0.608555
-0.608555
-0.608555
-0.245978
-0.28928
0.305508
0.305508
0.850147
0.850147
0.27726
0.27726
0.27726
0.51014
0.51014
1.29665
1.29665
1.32266
1.00867
1.00867
0.239272
0.239272
0.263118
0.825791
0.825791
0.825791
0.0551087
-0.678304
-0.804016
-0.804016
-0.804016
-0.872143
-0.272919
-0.272919
-0.272919
-0.333916
-0.380205
-0.380205
-0.380205
-0.380205
-0.777095
-0.777095
-0.319903
-0.610568
-0.610568
-0.610568
-0.610568
-0.610568
-0.686083
-0.686083
-0.686083
-0.686083
-0.306916
-0.306916
-0.369024
-0.366719
-0.366719
-0.366719
-0.805619
-0.805619
-0.805619
-0.805619
-0.805619
-0.805619
-0.805619
-0.805619
-0.577329
-0.126786
0.23149
-0.176653
0.604619
0.604619
0.604619
0.604619
0.604619
0.788867
0.788867
0.788867
0.788867
0.788867
0.801541
0.801541
0.801541
0.104291
0.740198
0.740198
0.806683
0.806683
0.806683
0.970718
0.710101
0.710101
0.992526
0.992526
0.992526
0.992526
0.954908
0.954908
0.954908
0.961175
0.961175
0.321992
-0.27903
-0.314948
0.375783
0.375783
-0.400353
-0.400353
-0.400353
-0.400353
0.0679844
0.440177
0.562197
0.562197
0.562197
0.562197
0.741588
0.741588
0.741588
0.63133
0.63133
0.63133
0.226777
0.226777
-0.472279
0.379147
0.379147
0.81752
0.116098
0.749887
0.749887
0.633332
0.593373
0.593373
0.593373
0.593373
0.412479
0.412479
0.510086
0.637013
0.605248
0.605248
0.307204
0.51418
0.51418
0.51418
0.795841
0.499445
0.30745
1.07384
1.07384
1.07384
1.07384
1.07384
1.01852
1.01852
0.501223
0.501223
0.501223
0.501223
1.02447
0.278945
0.459154
0.459154
0.542538
0.542538
0.417315
-0.401108
0.328319
0.525742
-0.351917
-1.01849
-0.410759
-0.410759
-0.410759
-0.410759
-0.630486
-0.630486
-0.630486
-0.630486
-0.630486
-0.630486
-0.630486
-0.630486
-0.630486
-0.630486
-0.910962
-0.910962
-0.639033
-0.639033
-0.639033
-0.639033
-0.764674
-0.483559
-0.483559
0.20824
0.32618
0.32618
0.32618
0.0741997
0.450108
-0.315779
0.530245
0.530245
0.645129
0.684317
0.674119
0.674119
0.674119
0.674119
-0.151394
-0.794127
-0.732754
-0.732754
-0.732754
-0.732754
-0.697026
-0.697026
-0.697026
-0.959883
-0.959883
-0.959883
-0.755558
-0.755558
-0.755558
-0.755558
-0.755558
-0.196127
-0.412577
-0.415886
-0.294435
-0.294435
-0.294435
-0.294435
0.397687
-0.481987
-0.729051
-0.552528
-0.552528
-0.486814
-0.486814
-0.486814
-0.486814
-0.486814
-0.39924
0.329066
0.745477
0.920672
0.356083
1.25037
1.25037
1.25037
0.717764
0.717764
0.717764
0.717764
0.717764
0.717764
0.416779
0.492833
0.492833
-0.386711
-0.386711
-0.785825
-0.712929
-0.592504
-0.592504
-0.592504
-0.700615
-0.700615
-0.700615
-0.700615
-0.700615
-0.700615
-0.700615
-0.700615
-0.700615
-0.700615
-0.700615
-0.700615
-0.873299
-0.873299
-0.873299
-0.873299
-0.948515
-0.948515
-0.961564
-0.117975
-0.117975
-0.351579
-0.599344
-0.599344
-0.549826
-0.549826
-0.549826
-0.549826
-0.549826
0.256541
-0.329228
0.464478
0.464478
0.593864
0.593864
0.593864
0.593864
0.593864
0.593864
0.593864
0.593864
0.593864
0.593864
0.593864
-0.0959307
0.791476
0.791476
0.791476
0.791476
0.791476
0.791476
0.791476
0.387025
0.419156
0.561833
0.561833
0.561833
0.773822
0.258969
0.514406
0.514406
0.514406
0.514406
0.514406
0.514406
0.514406
0.470908
0.592433
0.592433
0.660777
0.660777
0.660777
0.702411
0.702411
0.702411
0.702411
0.702411
0.702411
0.702411
0.702411
0.702411
0.702411
0.702411
-0.0873865
-0.938047
-0.842236
-0.842236
-0.994889
-0.994889
-0.834987
-0.834987
-0.834987
-0.594384
-0.594384
-0.607659
-0.732181
-0.481688
-0.481688
-0.481688
-0.481688
-0.481688
-0.403818
-0.403818
-0.403818
-0.403818
0.230106
-0.362917
-0.362917
-0.362917
-0.362917
-0.362917
0.409177
0.819569
0.819569
0.558861
0.558861
0.542481
0.758677
0.758677
0.758677
0.735871
0.735871
0.735871
0.0989483
-0.325661
0.42536
0.42536
0.42536
0.42536
0.872912
0.307228
-0.324846
0.438268
0.262154
0.298469
0.562219
0.562219
0.562219
0.562219
1.02242
1.02242
1.02242
0.9121
0.781778
0.781778
0.821514
0.821514
0.821514
0.821514
0.138457
-0.141517
0.276486
-0.613982
-0.613982
-0.542332
-0.498574
-0.498574
-0.498574
-0.739713
-0.503937
-0.503937
-0.503937
-0.93643
-0.95965
-0.95965
-1.21184
-1.05078
-0.461582
-1.14177
-0.386795
-0.451976
-0.451976
-0.451976
-0.451976
-0.451976
-0.516706
-0.516706
-0.516706
-0.617463
-0.617463
-0.617463
-0.617463
-0.617463
-0.82899
-0.82899
-0.82899
-0.82899
-0.715596
-0.715596
-0.508738
-0.508738
-0.751662
-0.751662
-0.751662
-0.751662
-0.751662
-0.751662
-0.751662
-0.751662
-0.648454
-0.648454
-0.648454
-0.798891
-0.798891
-0.849276
-0.849276
-1.0031
-1.0031
-0.619382
-0.619382
-0.619382
-0.516923
-0.516923
-0.516923
-0.471325
-0.471325
-0.471325
-0.471325
-0.471325
0.416445
0.416445
0.697276
0.697276
0.697276
0.697276
0.697276
0.697276
0.343166
0.217726
0.776582
0.372448
0.372448
0.34933
-0.500835
0.014042
-0.094401
0.172321
0.875121
0.875121
0.875121
0.875121
0.329715
0.861035
0.861035
0.861035
0.861035
0.724828
0.724828
0.724828
0.480586
0.480586
0.480586
0.480586
0.480586
0.972807
0.104986
0.0748316
0.882807
0.882807
1.20815
1.20815
0.924957
0.304583
0.882923
0.882923
0.815051
0.767895
0.767895
0.814188
0.814188
0.732137
0.732137
0.732137
0.455206
0.455206
0.81028
0.81028
0.81028
0.768782
0.798349
0.798349
0.798349
0.798349
0.798349
0.798349
0.616444
0.678637
0.678637
0.678637
0.678637
0.678637
0.678637
0.678637
0.678637
0.678637
0.678637
0.678637
0.678637
0.678637
0.678637
0.678637
0.678637
0.678637
0.678637
0.678637
0.678637
0.678637
0.678637
0.678637
0.678637
0.344634
0.364188
0.756015
0.474089
0.759361
0.759361
0.759361
0.759361
0.58794
0.58794
0.347631
0.347631
0.347631
0.347631
0.492955
0.69189
0.457361
0.856975
0.856975
1.04879
1.04748
0.33795
-0.462829
0.0155995
-0.733307
-0.733307
-0.380824
-0.380824
0.501372
0.501372
0.501372
0.738968
0.686912
0.714324
0.714324
0.714324
0.714324
0.714324
0.714324
0.714324
0.714324
0.714324
0.714324
0.714324
0.714324
0.714324
0.714324
0.714324
0.714324
0.714324
0.714324
0.714324
0.356884
0.356884
0.356884
0.356884
-0.369976
-0.369976
-0.369976
-0.369976
-0.923131
-0.0821169
-0.0361388
-0.852355
-0.467368
-0.467368
-0.467368
-0.467368
-0.467368
-0.394878
-0.394878
0.500955
0.560621
0.560621
0.560621
0.560621
-0.324248
-0.324248
-0.324248
-0.368152
-0.447753
-0.447753
-0.447753
-0.447753
-0.447753
-0.447753
-0.488242
-0.488242
-0.488242
-0.488242
-0.68932
-0.68932
-0.68932
-0.68932
-0.68932
-0.68932
-0.795768
-0.795768
-0.795768
-0.795768
-0.795768
-0.795768
-0.795768
-0.795768
-0.795768
-0.795768
-0.495322
-0.302044
-0.302044
-0.412615
-0.412615
-0.412615
-0.412615
-0.412615
0.352474
0.827698
0.827698
0.597501
-0.245332
0.506966
0.506966
0.506966
0.434784
0.460272
0.761423
0.761423
0.157754
0.157754
-0.665259
-0.665259
-0.624204
-0.624204
-0.624204
-0.704079
-0.704079
-0.704079
-0.704079
-0.589333
-0.248065
0.381908
0.978739
0.978739
0.978739
0.978739
0.978739
1.02912
1.03296
1.03296
1.03296
0.561339
0.470905
0.470905
0.470905
0.470905
0.470905
-0.350329
-0.504797
-0.504797
-0.784971
-0.784971
-0.383484
-0.513347
-0.513347
0.205618
0.503642
0.503642
0.503642
0.434266
0.434266
0.80629
0.80629
0.80629
0.80629
0.80629
0.645269
0.645269
0.625689
0.625689
0.411128
0.411128
0.411128
0.328673
-0.37187
0.475519
0.475519
0.458277
0.458277
0.765674
0.765674
0.754971
0.0497664
-0.00780905
0.138685
-0.747971
-0.747971
-0.747971
-0.747971
-0.747971
-0.871763
-0.838479
-0.838479
-0.490089
-0.490089
-0.490089
-0.490089
0.291724
0.602562
0.464664
0.464664
0.464664
0.464664
0.464664
0.464664
0.464664
0.464664
0.753828
0.7247
0.434889
0.216356
0.615527
0.615527
0.21283
0.174748
0.670684
0.670684
0.519454
-0.237429
-0.897837
-0.897837
-0.345043
-0.538277
-0.820684
-0.820684
-0.820684
-0.514859
-0.392049
-0.392049
-0.234232
0.227461
0.562921
0.562921
0.562921
0.682206
0.682206
0.682206
0.798002
-0.098118
-0.815294
-0.815294
-0.815294
-0.815294
-0.997329
-1.1917
-1.1917
-1.1917
-0.579078
-0.579078
-0.404373
-1.02611
-1.02611
-1.02611
-1.02611
-0.532014
-0.532014
-0.27672
-0.27672
-0.27672
0.44118
0.44118
0.573304
0.573304
0.573304
0.573304
0.573304
0.734589
0.521673
0.521673
0.521673
0.521673
0.384475
0.353108
0.353108
0.353108
0.275006
0.275006
0.275006
0.230945
0.735067
0.289495
0.667711
0.667711
0.667711
0.792912
0.722081
0.424747
0.424747
0.424747
0.424747
0.424747
0.424747
0.424747
0.841411
0.520201
0.462911
-0.407233
-0.407233
-0.526351
-0.526351
0.252635
-0.363787
-0.363787
-0.363787
-0.363787
-0.808586
-0.808586
-0.808586
-0.769397
-0.769397
-0.769397
-0.595437
-0.595437
-0.556141
-0.795375
-0.795375
-0.484809
-0.366792
-0.389158
-0.490977
-0.679792
-0.679792
-0.679792
-0.679792
-0.679792
-0.679792
-0.679792
-0.679792
-0.679792
-0.674044
-0.674044
-0.674044
-0.674044
-0.451312
-0.451312
-0.451312
0.0546074
-0.214944
-0.740264
-0.688624
0.120496
-0.46217
0.367194
1.02934
1.02934
0.295749
0.295749
0.379571
0.379571
0.813733
0.31054
-0.359552
-0.789902
-0.789902
-0.789902
-0.789902
-0.789902
-0.449357
-0.517635
-0.453578
-0.460992
-0.399774
-0.399774
-0.399774
-0.578196
-0.578196
-0.578196
-0.578196
-0.578196
-0.776094
-0.412276
0.323394
-0.245993
0.317072
1.02398
0.335291
0.348604
-0.468849
-0.790673
-0.846477
-0.846477
-0.542629
-0.56523
-0.56523
-0.566285
-0.566285
-0.566285
-0.566285
-0.566285
-0.683335
-0.683335
-0.56134
-0.56134
-0.56134
-0.56134
-0.559825
-0.559825
-0.559825
0.332384
0.755364
0.809797
0.809797
0.809797
0.809797
0.809797
0.809797
0.287227
-0.341007
-0.341007
-0.831539
-0.774737
-0.774737
-0.953788
-0.953788
-0.953788
-0.365782
-0.862346
-0.63635
-0.588972
-0.908334
-0.431236
-0.401127
-0.401127
-0.401127
0.431761
0.813985
0.433483
0.433483
0.433483
-0.43379
-0.43379
0.0704193
0.210065
-0.178341
0.373964
-0.320898
-0.793202
-0.707333
0.0671262
-0.318219
0.428888
0.421448
0.421448
0.520341
0.520341
0.520341
0.953029
0.716306
0.716306
0.716306
0.716306
0.716306
0.716306
0.716306
0.716306
0.747118
0.747118
0.747118
0.747118
0.670246
0.670246
0.670246
0.86191
0.950141
0.334109
0.753736
0.399231
0.399231
0.85412
0.85412
0.698311
0.0620894
-0.226465
0.520341
0.520341
0.340081
0.448864
0.448864
0.448864
0.448864
0.448864
-0.382476
-0.382476
0.456969
0.456969
0.0625638
0.816167
1.06946
0.251281
0.334191
0.334191
1.05838
0.343395
0.343395
0.693932
0.547016
0.547045
0.547045
0.547045
0.65034
0.79894
0.70291
0.70291
0.70291
0.70291
0.70291
0.70291
0.805413
0.805413
0.479245
0.479245
0.479245
0.305045
-0.34145
-0.568929
-0.568929
-0.730783
-0.730783
-0.800739
-0.621108
0.247578
0.814252
0.388059
0.388059
0.905408
0.905408
0.367358
0.367358
0.367358
0.367358
-0.163954
0.134968
-0.458858
-0.458858
-0.458858
0.286859
-0.362834
-0.362834
-0.874085
-0.874085
-0.38136
-0.385191
-0.385191
-0.385191
-0.34341
-0.34341
-0.086432
-0.535964
-0.535964
-0.535964
-0.278208
0.546865
0.546865
-0.24698
-0.24698
0.264663
0.27627
0.27627
0.76362
0.76362
0.76362
0.76362
0.76362
0.778339
0.778339
0.778339
0.412341
0.318579
0.318579
0.651038
0.651038
0.651038
-0.200738
-0.160255
-0.268114
0.534588
0.139814
-0.214867
0.107633
-0.581132
-0.509546
-0.509546
-0.667256
-0.37743
-0.400281
-0.497807
-0.497807
-0.497807
-0.465755
-0.465755
-0.465755
-0.465755
-0.465755
-0.535124
-0.600879
-0.720968
-0.720968
-0.574631
-0.574631
-0.524755
-0.524755
-0.704477
-0.115161
0.550755
0.507446
0.507446
-0.338321
-0.338321
-0.338321
-0.584992
-0.584992
-0.584992
-0.185211
-0.185211
-0.934234
-0.934234
-0.502009
-0.75971
-0.345034
0.259324
0.58714
0.58714
0.827654
0.827654
0.827654
0.833093
0.500084
0.690182
0.630265
0.665954
0.665954
0.464616
0.464616
0.765477
0.765477
0.967385
0.819153
0.786518
0.779886
0.779886
0.779886
0.779886
0.779886
0.779886
1.02698
0.585336
0.585336
0.585336
0.585336
0.585336
0.585336
0.581695
0.493828
0.493828
0.493828
0.493828
0.493828
0.496055
0.496055
0.496055
0.632903
0.632903
0.632903
0.632903
0.632903
0.632903
0.632903
0.632903
0.632903
0.632903
0.632903
0.632903
0.632903
0.560236
0.560236
0.560236
0.560236
0.560236
0.560236
-0.227449
-0.953343
-0.280561
-0.280561
0.19627
-0.359814
-0.494608
-0.856303
-0.689368
-0.689368
-0.689368
-0.689368
-0.870875
-0.773067
-0.773067
-0.773067
-0.773067
-0.773067
-0.916079
-0.916079
-0.916079
-0.75113
-0.734991
-0.614266
-0.606473
-0.606473
-0.497333
-0.639606
-0.639606
-0.639606
-0.639606
-0.639606
-0.639606
-0.129057
0.415541
0.415541
0.415541
0.415541
0.124315
0.578301
0.578301
0.578301
0.578301
0.578301
0.578301
0.578301
0.578301
0.578301
0.633247
0.633247
0.633247
0.633247
0.372834
0.372834
0.570996
0.570996
0.570996
0.570996
0.623794
0.623794
0.623794
0.74904
0.74904
0.406613
0.406613
0.406613
0.406613
0.496469
0.452996
0.779572
0.744258
0.744258
0.744258
0.744258
0.744258
0.038896
-0.717725
-0.717725
-0.736175
-0.580194
-0.580194
-0.634582
-0.634582
-0.50131
0.281568
0.281568
0.140462
0.72511
0.744157
0.42814
0.42814
0.42814
0.42814
0.42814
0.272927
0.307428
0.317527
1.01662
1.01662
0.222029
0.632804
-0.267011
-0.950327
-0.950327
-0.950327
-0.354236
-0.354236
-0.207641
-0.792089
-0.792089
-0.792089
-0.792089
-0.792089
-0.792089
-0.792089
-0.792089
-0.841668
-0.305606
-0.461008
-0.461008
-0.461008
-0.461008
-0.579003
-0.579003
-0.4714
-0.4714
-0.4714
-0.4714
-0.703639
-1.02687
-0.74691
-0.74691
-0.74691
-0.712795
-0.712795
-0.712795
-0.493058
-0.493058
0.339313
1.07052
0.295002
0.295002
-0.390015
-0.390015
-0.208458
-0.870742
-0.870742
-0.870742
-0.870742
-0.388474
-0.388474
-0.388474
-0.388474
-0.239957
-0.653258
-0.653258
-0.400982
-0.400982
-0.938175
-0.938175
-1.11571
-1.11571
-0.649716
-0.649716
-0.649716
-0.732076
-0.732076
-0.732076
-0.732076
-1.03407
-0.749073
-0.749073
-0.749073
-0.750649
-0.750649
-0.750649
-0.327942
-0.327942
-0.567661
-0.567661
-0.783792
-0.529167
-0.529167
-0.248037
0.112783
-0.763264
-0.545271
-0.497922
-0.497922
-0.437371
-0.437371
-0.437371
-0.713657
-0.702697
-0.702697
-0.702697
-0.702697
-0.702697
-0.662295
-0.662295
-0.662295
-0.753522
-0.753522
-0.753522
-0.753522
-1.03828
-1.03828
-0.285384
-0.0462629
-0.84327
-0.84327
-0.874094
-0.874094
-0.874094
-0.874094
-0.874094
-0.874094
-0.874094
-0.874094
-0.874094
-0.808388
-0.808388
-0.808388
-0.808388
-0.315172
-0.6755
-0.6755
-0.746151
-0.746151
-0.348199
-0.348199
-0.811431
-0.579855
-0.3266
-0.457229
0.351324
0.625563
0.351223
0.351223
0.351223
0.871388
0.646767
0.646767
0.646767
0.646767
0.646767
0.677511
0.677511
0.976621
0.976621
0.168464
0.280605
-0.22479
-0.728328
-0.475921
-0.475921
-0.475921
-0.867746
-0.867746
-0.867746
-0.464908
-0.464908
-0.0884384
-0.82481
-0.82481
-0.82481
-0.745799
-0.745799
-0.256275
0.446644
0.446644
0.748851
0.748851
0.748851
0.748851
0.748851
0.748851
0.748851
0.748851
0.748851
-0.0489728
0.760967
0.760967
0.760967
0.760967
0.760967
0.760967
0.760967
0.196426
0.441966
0.441966
0.441966
0.441966
0.775615
0.775615
0.775615
0.775615
0.775615
0.716299
0.716299
0.716299
0.858117
0.858117
0.858117
0.573383
0.499911
0.536006
0.536006
0.805678
0.66176
0.66176
0.66176
0.66176
0.66176
0.535313
0.652908
0.226746
-0.411766
-0.589012
-0.589012
-0.589012
-0.589012
-0.589012
-0.589012
-0.589012
-0.702553
-0.702553
-0.702553
-0.702553
-0.717195
-0.725887
-0.725887
-0.725887
-0.725887
-0.725887
-0.47512
-0.47512
-0.47512
-0.543294
-0.543294
-0.543294
-0.543294
-0.371129
-0.705273
-0.705273
-0.705273
-0.705273
-0.705273
-0.69565
-0.69565
-0.69565
-0.371532
-0.371532
-0.605181
-0.330688
-0.330688
-0.264865
-0.598167
-0.598167
-0.370059
-0.370059
0.0813624
0.274123
1.08513
1.08513
1.08513
1.08513
1.09446
1.09446
1.09446
1.13542
1.13542
0.296128
-0.371115
-0.371115
-0.371115
-0.371115
-0.756774
-1.02577
-0.363149
-0.363149
-0.363149
-0.973413
-0.973413
-0.973413
-0.973413
-0.182125
-0.632952
-0.632952
-0.632952
-0.632952
-0.734381
-0.734381
-1.01579
-0.119325
0.3971
0.3971
0.699466
0.484477
0.484477
0.484477
0.484477
0.664279
0.664279
0.664279
0.664279
0.664279
0.664279
0.664279
0.664279
0.664279
0.664279
0.664279
0.664279
0.664279
0.766911
0.766911
0.766911
0.906297
0.906297
0.966132
0.396741
0.396741
0.704002
0.704002
0.775215
0.863205
0.311227
0.311227
0.311227
0.311227
0.681754
0.681754
0.759167
0.759167
0.759167
0.537816
0.611145
0.611145
0.611145
0.384741
0.563872
0.563872
0.563872
0.634261
0.693708
0.693708
0.686507
-0.191543
-0.528968
-0.745074
-0.745074
-0.745074
-0.745074
-0.745074
-0.745074
-0.745074
-0.745074
-0.501088
-0.309734
-0.258584
-0.897956
-0.897956
-0.256057
-1.04389
-0.978474
-0.978474
-0.978474
-0.978474
-0.978474
-0.978474
-0.978474
-0.978474
-0.29579
0.403929
0.403929
0.403929
0.403929
0.403929
0.403929
0.403929
0.558905
0.855456
0.855456
0.855456
0.662997
0.617583
0.617583
0.362981
-0.510192
-0.510192
-0.510192
-0.510192
-0.510192
-0.510192
0.142225
1.03424
0.606915
0.606915
0.606915
0.606915
0.14774
-0.572962
-0.572962
-0.572962
-0.154216
0.510743
0.510743
0.510743
0.408495
0.408495
0.408495
0.408495
0.408495
0.408495
0.776501
0.776501
0.776501
0.776501
0.697166
0.752773
0.752773
0.405758
0.405758
-0.371082
0.477376
-0.235721
0.637176
0.637176
0.637176
0.637176
0.637176
0.596792
0.596792
0.596792
0.567562
0.588163
0.570698
0.570698
0.570698
0.00643311
-0.0767679
-0.543786
-0.543786
-0.543786
-0.56803
-0.56803
-0.56803
-0.56803
-0.56803
-0.56803
