0.367588   0.394075   -0.442739
0.150562   0.334282   -0.440591
-0.0631125   -0.474922   -0.2808
0.347194   -0.178681   0.286921
0.290028   0.0275508   0.183291
0.0310055   0.0352135   0.0596385
0.149911   0.0816554   -0.418764
0.127581   0.327937   0.065855
0.292475   0.482363   -0.416971
-0.483908   -0.03987   -0.385686
-0.489353   -0.0534957   0.0314411
0.499276   -0.0113765   0.340211
0.301106   -0.429899   0.0560971
-0.356343   0.469438   0.420018
0.39447   -0.45888   -0.0622874
-0.137332   -0.471055   -0.182068
-0.18745   0.111016   0.0366364
0.0707213   0.0502816   0.37119
0.111244   -0.387104   -0.153216
-0.309296   0.0712732   0.414178
-0.163826   0.0328204   -0.143115
0.101381   -0.45884   0.0215892
0.0907387   0.106597   0.0542029
0.333515   -0.135713   0.0913776
-0.462317   -0.435915   -0.437977
-0.0502201   0.0773155   0.23747
-0.216725   -0.415106   -0.14347
0.0306859   -0.0699443   0.268105
-0.0435813   -0.378049   -0.370051
0.261744   -0.103206   0.0671217
0.273939   -0.148244   0.388715
0.238055   0.416624   0.458135
-0.0684422   0.157968   -0.389013
0.498659   -0.178488   0.314605
0.226318   -0.0317885   0.481074
0.0525192   -0.180322   0.469151
0.00471265   0.0342711   -0.179244
0.165814   -0.378034   0.389905
0.336427   0.23162   -0.306795
-0.45691   0.357944   -0.34698
-0.13252   -0.261964   0.203419
0.175672   -0.332889   -0.359897
-0.00891795   -0.0564237   -0.367057
-0.27946   -0.44912   0.459794
-0.439922   0.233772   0.353604
0.399372   0.0698976   0.184155
0.430376   -0.013782   -0.449013
-0.367678   0.461517   0.232267
0.367309   -0.0905464   -0.441717
0.297874   0.131137   0.227831
0.385755   -0.0571749   0.441256
0.465208   0.0238427   0.486311
0.0452954   0.0146147   0.214128
-0.497997   -0.265783   -0.272815
0.132383   0.433362   -0.480961
-0.390439   -0.147677   -0.00274384
-0.486191   0.491507   0.245481
0.303362   -0.049974   -0.36105
-0.444407   0.449188   0.35114
-0.316297   -0.0711065   0.22266
0.431946   0.436941   0.107027
-0.429215   0.35138   -0.263215
-0.439782   -0.117249   0.418483
0.302739   0.443045   -0.489632
0.207284   0.433763   -0.0580293
0.399775   -0.425778   -0.452854
0.35396   -0.0192028   0.384157
0.248263   -0.257097   -0.210971
-0.126714   -0.142433   -0.19596
0.480326   -0.306235   0.163618
-0.333023   -0.288087   0.0797719
-0.457644   0.0730029   0.224629
0.461939   0.308738   0.0311642
0.397153   0.330707   -0.292984
-0.367639   0.00390814   0.205878
0.0924746   0.455263   0.0326579
-0.166641   0.12651   -0.0603665
0.238741   -0.165011   -0.300618
-0.201139   -0.418642   0.417019
-0.187642   0.497565   -0.399458
0.365899   -0.0898905   0.346996
0.222934   0.0329025   -0.328418
0.0364594   0.1671   0.453501
-0.439271   -0.0684698   0.197014
0.0194387   0.170981   -0.00954556
-0.0612719   -0.106183   0.0182953
0.00825972   -0.251214   0.256202
0.358359   -0.187149   -0.452226
0.0378486   -0.282877   -0.496927
-0.171944   -0.284696   -0.390083
0.285492   -0.11792   -0.497809
-0.268859   -0.184512   -0.470929
-0.0116422   -0.200129   0.172008
-0.36764   0.31339   0.192349
0.40754   0.165519   -0.33818
0.194553   -0.303971   0.425445
-0.277507   0.147737   0.259581
0.35263   -0.0328191   0.109278
0.399566   -0.0643458   0.222174
-0.206193   -0.10886   -0.0741064
0.436426   -0.130685   -0.143187
-0.0739306   -0.171814   0.0872276
0.216208   -0.490099   0.0175923
0.238401   0.0450202   -0.186964
0.422252   -0.222798   0.108523
-0.464024   -0.455758   0.306364
-0.235147   0.276236   0.170189
-0.210522   -0.322731   0.368627
