0.367606   0.393975   -0.442812
0.150607   0.334339   -0.440603
-0.0631269   -0.474928   -0.280807
0.347191   -0.178657   0.286948
0.289983   0.0275629   0.183362
0.0309975   0.0352066   0.0596086
0.149898   0.0816905   -0.418811
0.127555   0.327972   0.0658537
0.292379   0.482329   -0.417012
-0.483929   -0.0397999   -0.38573
-0.489352   -0.0535074   0.0313959
0.499247   -0.0114774   0.340305
0.301099   -0.429915   0.056087
-0.356394   0.469423   0.420097
0.394443   -0.458872   -0.062278
-0.137289   -0.471075   -0.182021
-0.187469   0.111077   0.0366346
0.0707241   0.0502594   0.371146
0.111189   -0.387112   -0.153218
-0.309332   0.0712649   0.414182
-0.16377   0.0327874   -0.143185
0.101432   -0.45881   0.0216152
0.0907094   0.106666   0.0541589
0.333518   -0.135756   0.0913764
-0.462255   -0.435895   -0.437991
-0.0502586   0.0772752   0.237465
-0.216697   -0.415092   -0.143472
0.030676   -0.0699112   0.268019
-0.0436281   -0.378   -0.369983
0.261744   -0.103192   0.0671564
0.273931   -0.148193   0.388772
0.238046   0.416683   0.458204
-0.0685056   0.158   -0.389046
0.498637   -0.178427   0.31458
0.226325   -0.0317691   0.481066
0.0525524   -0.180313   0.469176
0.00470772   0.0342102   -0.1792
0.165803   -0.377948   0.389928
0.336434   0.231629   -0.306777
-0.456952   0.357917   -0.346997
-0.132556   -0.262041   0.203417
0.175614   -0.332936   -0.35991
-0.00881586   -0.05649   -0.367066
-0.279461   -0.44908   0.459739
-0.439961   0.233802   0.353613
0.399436   0.0699148   0.184176
0.430418   -0.0137688   -0.449089
-0.367727   0.461482   0.232355
0.36736   -0.0905145   -0.441651
0.297866   0.131146   0.227851
0.385804   -0.0571966   0.441292
0.465276   0.0239006   0.486304
0.0452168   0.0146   0.214149
-0.498   -0.265747   -0.272732
0.132415   0.433416   -0.480945
-0.390426   -0.147684   -0.00272202
-0.486172   0.491418   0.245442
0.303379   -0.0498812   -0.361092
-0.444425   0.449175   0.35116
-0.316251   -0.0710376   0.222648
0.431887   0.436957   0.107019
-0.429241   0.351357   -0.263197
-0.43983   -0.117256   0.418467
0.302729   0.443034   -0.489642
0.20725   0.433769   -0.0580672
0.399741   -0.425847   -0.452879
0.353975   -0.0191949   0.384138
0.248283   -0.257144   -0.210957
-0.126738   -0.14241   -0.19599
0.480302   -0.306255   0.163606
-0.333031   -0.288158   0.0798118
-0.457601   0.0729425   0.224716
0.461947   0.308782   0.0311537
0.397065   0.330707   -0.292945
-0.367577   0.00388604   0.205958
0.0924857   0.455244   0.032673
-0.166557   0.126531   -0.0604192
0.238806   -0.165099   -0.3007
-0.201104   -0.418543   0.417033
-0.187604   0.497619   -0.399476
0.365908   -0.0899342   0.34695
0.222906   0.03286   -0.32847
0.0364708   0.167187   0.453557
-0.439263   -0.0684552   0.196996
0.0194262   0.170929   -0.0095896
-0.0612787   -0.106177   0.0183057
0.00832668   -0.251266   0.256234
0.358319   -0.187111   -0.452241
0.0378681   -0.282902   -0.496996
-0.171923   -0.284663   -0.390051
0.285593   -0.117938   -0.497796
-0.268797   -0.184515   -0.470935
-0.0116666   -0.20011   0.172027
-0.367689   0.313343   0.192327
0.407542   0.165556   -0.33827
0.194479   -0.303977   0.425495
-0.277465   0.147625   0.259483
0.35263   -0.0328492   0.109281
0.399623   -0.0643591   0.222152
-0.20621   -0.10884   -0.0740905
0.436443   -0.13071   -0.143158
-0.0739114   -0.171827   0.0872812
0.216182   -0.490125   0.0175609
0.238382   0.0450163   -0.186948
0.422235   -0.222812   0.108529
-0.463995   -0.455734   0.306392
-0.23521   0.27626   0.170123
-0.210476   -0.322744   0.368694
