0.490228   0.478184   0.49125
-0.322424   -0.319306   -0.496912
-0.493863   -0.327153   -0.347312
-0.322948   -0.48789   -0.327352
-0.152539   0.491257   0.487612
0.00785837   -0.321713   -0.489042
-0.140981   -0.353211   -0.330751
0.000874629   0.477516   -0.311291
0.180727   0.498804   0.498739
0.327901   -0.324649   0.498066
0.163168   -0.327136   -0.335716
0.33604   -0.494587   -0.34086
0.474912   -0.159702   0.477077
-0.351776   0.0113374   0.497845
0.479618   -0.0088425   -0.33706
-0.348157   -0.168858   -0.340231
-0.153933   -0.155858   -0.469354
0.00468031   -0.00271623   -0.493563
-0.176184   0.0101551   -0.316758
0.00428649   -0.166981   -0.317009
0.160152   -0.161678   0.489416
0.304718   -0.00292206   -0.498597
0.148223   -0.00890264   -0.31581
0.313873   -0.142199   -0.325765
0.499309   0.169232   0.48011
-0.323799   0.335511   0.497927
0.491471   0.350505   -0.340605
-0.342974   0.16976   -0.340062
-0.171197   0.164884   -0.493916
0.0109637   0.325206   -0.490358
-0.156555   0.320627   -0.333731
0.00885008   0.156421   -0.343748
0.168377   0.158097   0.497461
0.327115   0.312515   0.490503
0.172957   0.316657   -0.317466
0.338682   0.171485   -0.323932
-0.487595   0.49263   -0.165552
-0.327928   -0.325192   -0.173755
0.489055   -0.311002   0.00748369
-0.361066   -0.471391   0.0135375
-0.160891   0.494281   -0.17096
0.00188504   -0.363333   -0.15413
-0.183104   -0.316035   -0.000229757
0.0170427   0.497566   0.0138146
0.179315   0.495763   -0.169748
0.320402   -0.324043   -0.156768
0.18254   -0.338514   0.0124765
0.36378   -0.487226   0.00398751
-0.499461   -0.173016   -0.188633
-0.360097   0.00130316   -0.160688
0.493969   0.00480821   0.000709
-0.334001   -0.176827   -0.0113794
-0.168669   -0.165216   -0.168849
-0.00888675   0.0129571   -0.161593
-0.182559   -0.00230503   -0.00322861
-0.0116488   -0.176942   -0.0207943
0.166087   -0.168177   -0.149773
0.322528   -0.0103912   -0.14822
0.154636   -0.00562997   0.00810133
0.320963   -0.1538   -0.00452939
0.490824   0.170133   -0.173624
-0.321357   0.342972   -0.187
-0.473559   0.330144   -0.00986123
-0.334453   0.17462   0.00280872
-0.176149   0.171704   -0.150522
-0.00240137   0.320342   -0.136275
-0.186878   0.355829   0.0217704
0.0061445   0.167222   0.0116055
0.178501   0.160079   -0.148744
0.352368   0.362065   -0.173128
0.209053   0.335729   0.00898377
0.323026   0.163061   0.00591289
-0.493159   -0.486782   0.186877
-0.338372   -0.329583   0.179775
-0.498989   -0.339721   0.36464
-0.313989   -0.487765   0.328521
-0.164688   -0.480231   0.152525
0.000799734   -0.342928   0.150521
-0.164249   -0.302948   0.345215
0.00323473   -0.477692   0.331904
0.163007   0.490906   0.172948
0.338584   -0.339917   0.177003
0.174118   -0.341703   0.318951
0.337947   -0.493892   0.343689
0.498532   -0.1593   0.167418
-0.327691   -0.00117588   0.156266
-0.496813   0.00475935   0.329724
-0.346457   -0.160377   0.346032
-0.176872   -0.171961   0.162633
0.0032299   0.00170561   0.172893
-0.174458   -0.0215024   0.345007
-0.00333774   -0.182884   0.33234
0.171425   -0.168354   0.164481
0.351453   -0.00467263   0.162419
0.171863   -0.0184011   0.323046
0.328325   -0.167315   0.313065
-0.496009   0.178437   0.158312
-0.335857   0.327029   0.172034
-0.483811   0.331124   0.325042
-0.320898   0.159564   0.338119
-0.156113   0.178314   0.160781
-0.00177658   0.337593   0.174549
-0.172091   0.332362   0.337918
-0.00910782   0.146179   0.352906
0.171234   0.163433   0.19481
0.333358   0.34878   0.193172
0.165484   0.330229   0.339204
0.328647   0.161503   0.331196
