0.490345   0.478203   0.49127
-0.322372   -0.319304   -0.496752
-0.493875   -0.326941   -0.347272
-0.322841   -0.48768   -0.32757
-0.152556   0.491263   0.487626
0.00771072   -0.321757   -0.488992
-0.140968   -0.353181   -0.330826
0.000813334   0.477515   -0.311275
0.180719   0.49881   0.498801
0.327851   -0.324726   0.498242
0.163204   -0.32703   -0.335787
0.336216   -0.494527   -0.340786
0.474832   -0.159706   0.477192
-0.351801   0.0112218   0.497898
0.479729   -0.00905779   -0.337054
-0.348111   -0.168932   -0.340213
-0.153899   -0.155998   -0.46929
0.00485661   -0.00269962   -0.493481
-0.176219   0.0101179   -0.316858
0.00434636   -0.167137   -0.316893
0.160105   -0.161518   0.489242
0.304646   -0.00303858   -0.498536
0.148116   -0.0088461   -0.315723
0.313842   -0.142294   -0.325689
0.499282   0.169329   0.480085
-0.323854   0.335516   0.497795
0.491482   0.35054   -0.340521
-0.342916   0.169444   -0.340104
-0.171136   0.164782   -0.493893
0.0108932   0.325131   -0.49024
-0.156649   0.32056   -0.333506
0.00888195   0.156275   -0.34365
0.1683   0.158073   0.497389
0.327234   0.312457   0.49065
0.172923   0.316639   -0.317458
0.338568   0.171408   -0.323809
-0.487606   0.492645   -0.165658
-0.327943   -0.325279   -0.17367
0.488981   -0.31089   0.00752384
-0.361055   -0.471548   0.0135703
-0.16095   0.49427   -0.171129
0.00190842   -0.363312   -0.154226
-0.183119   -0.316041   -0.000356918
0.0169276   0.49762   0.0139472
0.179281   0.495791   -0.169717
0.320516   -0.324033   -0.156908
0.182608   -0.338463   0.0126161
0.363789   -0.487088   0.00395666
-0.499391   -0.172976   -0.188666
-0.360101   0.0012439   -0.160671
0.493914   0.00486521   0.000752772
-0.33394   -0.176967   -0.0113857
-0.168619   -0.16518   -0.168803
-0.0088028   0.01304   -0.161531
-0.182543   -0.00217844   -0.00331292
-0.0117484   -0.176768   -0.0208335
0.166235   -0.168117   -0.149805
0.322524   -0.0104033   -0.148231
0.154625   -0.00561924   0.00807264
0.320992   -0.153696   -0.00465944
0.490655   0.170016   -0.173605
-0.321374   0.342956   -0.187078
-0.473563   0.329983   -0.00983366
-0.334367   0.1746   0.00296239
-0.176027   0.171825   -0.150384
-0.00228622   0.320367   -0.136142
-0.186937   0.355819   0.0217597
0.00623172   0.167156   0.0115129
0.178385   0.160155   -0.149016
0.352253   0.362126   -0.173113
0.209094   0.335612   0.00910262
0.323137   0.16318   0.00605452
-0.493183   -0.486795   0.186891
-0.338373   -0.329495   0.179608
-0.499033   -0.339549   0.36462
-0.31401   -0.487772   0.328478
-0.164551   -0.480265   0.152551
0.000702053   -0.3429   0.15051
-0.164304   -0.30286   0.345138
0.00323991   -0.477792   0.33184
0.16305   0.490853   0.173075
0.338504   -0.339896   0.177028
0.174014   -0.341639   0.31886
0.337927   -0.493836   0.343834
0.498571   -0.159446   0.167476
-0.32758   -0.00101095   0.156237
-0.496826   0.0047599   0.329588
-0.346599   -0.160487   0.346044
-0.176952   -0.171893   0.162531
0.00329636   0.00173212   0.172866
-0.174536   -0.0215074   0.345111
-0.00337772   -0.182931   0.332306
0.171421   -0.168311   0.164463
0.351505   -0.00462835   0.162271
0.171845   -0.018267   0.32305
0.32843   -0.167281   0.312977
-0.495866   0.178559   0.158195
-0.335788   0.326973   0.171994
-0.48389   0.331127   0.324958
-0.32085   0.159472   0.337905
-0.156319   0.178348   0.160794
-0.00181618   0.337584   0.174557
-0.171994   0.332373   0.337878
-0.00896499   0.146118   0.35291
0.171141   0.163492   0.194896
0.333249   0.348587   0.193125
0.165527   0.330292   0.339061
0.328579   0.161496   0.3312
