0   23.6959
1   21.6049
2   20.0941
3   20.0255
4   19.4039
5   17.7246
6   16.7357
7   16.3607
8   15.4536
9   14.7897
10   14.7582
11   13.9208
12   13.9208
13   13.7325
14   13.2772
15   13.2772
16   12.6945
17   12.6066
18   12.0266
19   11.8529
20   11.784
21   11.784
22   11.6768
23   11.6095
24   11.5213
25   11.3629
26   11.3084
27   11.3084
28   11.0358
29   11.0358
30   10.8609
31   10.5392
32   10.5392
33   10.456
34   10.456
35   10.3437
36   10.2281
37   10.2281
38   10.0628
39   10.0628
40   10.0628
41   10.0607
42   10.0289
43   10.0267
44   10.0267
45   9.96353
46   9.72445
47   9.72445
48   9.72445
49   9.69266
50   9.69266
51   9.69266
52   9.69266
53   9.69266
54   9.69266
55   9.69266
56   9.69266
57   9.69266
58   9.69266
59   9.69266
60   9.69266
61   9.69266
62   9.69266
63   9.69266
64   9.69266
65   9.69266
66   9.69266
67   9.69266
68   9.69266
69   9.69266
70   9.69266
71   9.69266
72   9.69266
73   9.69266
74   9.69266
75   9.69266
76   9.69266
77   9.69266
78   9.69266
79   9.69266
80   9.69266
81   9.69266
82   9.69266
83   9.69266
84   9.69266
85   9.69266
86   9.69266
87   9.69266
88   9.69266
89   9.69266
90   9.69266
91   9.69266
92   9.69266
93   9.69266
94   9.69266
95   9.69266
96   9.69266
97   9.69266
98   9.69266
99   9.69266
100   9.68702
101   9.68702
102   9.68702
103   9.68702
104   9.68702
105   9.68702
106   9.68702
107   9.68702
108   9.68702
109   9.68531
110   9.68702
111   9.68702
112   9.68702
113   9.68702
114   9.68702
115   9.68702
116   9.68702
117   9.68531
118   9.68531
119   9.68531
120   9.68531
121   9.68531
122   9.68531
123   9.68531
124   9.68531
125   9.68531
126   9.68531
127   9.68531
128   9.68531
129   9.68531
130   9.68531
131   9.68531
132   9.68531
133   9.68531
134   9.68531
135   9.68531
136   9.68531
137   9.68531
138   9.68531
139   9.68531
140   9.68531
141   9.68531
142   9.68531
143   9.68531
144   9.68531
145   9.68531
146   9.68531
147   9.68531
148   9.68531
149   9.68531
150   9.68531
151   9.68531
152   9.68531
153   9.68531
154   9.68531
155   9.68531
156   9.68531
157   9.68531
158   9.68531
159   9.68531
160   9.68531
161   9.68531
162   9.68531
163   9.68531
164   9.68531
165   9.68531
166   9.68531
167   9.68531
168   9.68531
169   9.68531
170   9.68531
171   9.68531
172   9.68531
173   9.68531
174   9.68531
175   9.68531
176   9.68531
177   9.68531
178   9.68531
179   9.68531
180   9.68531
181   9.68531
182   9.68531
183   9.68531
184   9.68531
185   9.68531
186   9.68531
187   9.68531
188   9.68531
189   9.68531
190   9.68531
191   9.68531
192   9.68531
193   9.68531
194   9.68531
195   9.68531
196   9.68531
197   9.68531
198   9.68531
199   9.68531
200   9.68531
201   9.68531
202   9.68531
203   9.68531
204   9.68531
205   9.68531
206   9.68531
207   9.68531
208   9.68531
209   9.68531
210   9.68531
211   9.68531
212   9.68531
213   9.68531
214   9.68531
215   9.68531
216   9.68531
217   9.68531
218   9.68531
219   9.68531
220   9.68531
221   9.68531
222   9.68531
223   9.68531
224   9.68531
225   9.68531
226   9.68531
227   9.68531
228   9.68531
229   9.68531
230   9.68531
231   9.68531
232   9.68531
233   9.68531
234   9.68531
235   9.68531
236   9.68531
237   9.68531
238   9.68531
239   9.68531
240   9.68531
241   9.68531
242   9.68531
243   9.68531
244   9.68531
245   9.68531
246   9.68531
247   9.68531
248   9.68531
249   9.6831
250   9.6831
251   9.6831
252   9.6831
253   9.6831
254   9.6831
255   9.6831
256   9.6831
257   9.6831
258   9.6831
259   9.6831
260   9.6831
261   9.6831
262   9.6831
263   9.6831
264   9.6831
265   9.6831
266   9.6831
267   9.6831
268   9.6831
269   9.6831
270   9.6831
271   9.6831
272   9.6831
273   9.6831
274   9.6831
275   9.6831
276   9.6831
277   9.6831
278   9.6831
279   9.6831
280   9.6831
281   9.6831
282   9.6831
283   9.6831
284   9.6831
285   9.6831
286   9.6831
287   9.6831
288   9.6831
289   9.6831
290   9.6831
291   9.6831
292   9.6831
293   9.6831
294   9.6831
295   9.6831
296   9.6831
297   9.6831
298   9.6831
299   9.6831
300   9.6831
301   9.6831
302   9.6831
303   9.6831
304   9.6831
305   9.6831
306   9.6831
307   9.6831
308   9.6831
309   9.6831
310   9.6831
311   9.6831
312   9.6831
313   9.6831
314   9.6831
315   9.6831
316   9.6831
317   9.6831
318   9.6831
319   9.6831
320   9.6831
321   9.6831
322   9.6831
323   9.6831
324   9.6831
325   9.6831
326   9.6831
327   9.6831
328   9.6831
329   9.6831
330   9.6831
331   9.6831
332   9.6831
333   9.6831
334   9.6831
335   9.6831
336   9.6831
337   9.6831
338   9.6831
339   9.6831
340   9.6831
341   9.6831
342   9.6831
343   9.6831
344   9.6831
345   9.6831
346   9.6831
347   9.6831
348   9.6831
349   9.6831
350   9.6831
351   9.6831
352   9.6831
353   9.6831
354   9.6831
355   9.6831
356   9.6831
357   9.6831
358   9.6831
359   9.6831
360   9.6831
361   9.6831
362   9.6831
363   9.6831
364   9.6831
365   9.6831
366   9.6831
367   9.6831
368   9.6831
369   9.6831
370   9.6831
371   9.6831
372   9.6831
373   9.6831
374   9.6831
375   9.6831
376   9.6831
377   9.6831
378   9.6831
379   9.6831
380   9.6831
381   9.6831
382   9.6831
383   9.6831
384   9.6831
385   9.6831
386   9.6831
387   9.6831
388   9.6831
389   9.6831
390   9.6831
391   9.6831
392   9.6831
393   9.6831
394   9.6831
395   9.6831
396   9.6831
397   9.6831
398   9.6831
399   9.6831
400   9.6831
401   9.6831
402   9.6831
403   9.6831
404   9.6831
405   9.6831
406   9.6831
407   9.6831
408   9.6831
409   9.6831
410   9.6831
411   9.6831
412   9.6831
413   9.6831
414   9.6831
415   9.6831
416   9.6831
417   9.6831
418   9.6831
419   9.6831
420   9.6831
421   9.6831
422   9.6831
423   9.6831
424   9.6831
425   9.6831
426   9.6831
427   9.6831
428   9.6831
429   9.6831
430   9.6831
431   9.6831
432   9.6831
433   9.6831
434   9.6831
435   9.6831
436   9.6831
437   9.6831
438   9.6831
439   9.6831
440   9.6831
441   9.6831
442   9.6831
443   9.6831
444   9.6831
445   9.6831
446   9.6831
447   9.6831
448   9.6831
449   9.6831
450   9.6831
451   9.6831
452   9.6831
453   9.6831
454   9.6831
455   9.6831
456   9.6831
457   9.6831
458   9.6831
459   9.6831
460   9.6831
461   9.6831
462   9.6831
463   9.6831
464   9.6831
465   9.6831
466   9.6831
467   9.6831
468   9.6831
469   9.6831
470   9.6831
471   9.6831
472   9.6831
473   9.6831
474   9.6831
475   9.6831
476   9.6831
477   9.6831
478   9.6831
479   9.6831
480   9.6831
481   9.6831
482   9.6831
483   9.6831
484   9.6831
485   9.6831
486   9.6831
487   9.6831
488   9.6831
489   9.6831
490   9.6831
491   9.6831
492   9.6831
493   9.6831
494   9.6831
495   9.6831
496   9.6831
497   9.6831
498   9.6831
499   9.6831
500   9.6831
501   9.6831
502   9.6831
503   9.6831
504   9.6831
505   9.6831
506   9.6831
507   9.6831
508   9.6831
509   9.6831
510   9.6831
511   9.6831
512   9.6831
513   9.6831
514   9.6831
515   9.6831
516   9.6831
517   9.6831
518   9.6831
519   9.6831
520   9.6831
521   9.6831
522   9.6831
523   9.6831
524   9.6831
525   9.6831
526   9.6831
527   9.6831
528   9.6831
529   9.6831
530   9.6831
531   9.6831
532   9.6831
533   9.6831
534   9.6831
535   9.6831
536   9.6831
537   9.6831
538   9.6831
539   9.6831
540   9.6831
541   9.6831
542   9.6831
543   9.6831
544   9.6831
545   9.6831
546   9.6831
547   9.6831
548   9.6831
549   9.6831
550   9.6831
551   9.6831
552   9.6831
553   9.6831
554   9.6831
555   9.6831
556   9.6831
557   9.6831
558   9.6831
559   9.6831
560   9.6831
561   9.6831
562   9.6831
563   9.6831
564   9.6831
565   9.6831
566   9.6831
567   9.6831
568   9.6831
569   9.6831
570   9.6831
571   9.6831
572   9.6831
573   9.6831
574   9.6831
575   9.6831
576   9.6831
577   9.6831
578   9.6831
579   9.6831
580   9.6831
581   9.6831
582   9.6831
583   9.6831
584   9.6831
585   9.6831
586   9.6831
587   9.6831
588   9.6831
589   9.6831
590   9.6831
591   9.6831
592   9.6831
593   9.6831
594   9.6831
595   9.6831
596   9.6831
597   9.6831
598   9.6831
599   9.6831
600   9.6831
601   9.6831
602   9.6831
603   9.6831
604   9.6831
605   9.6831
606   9.6831
607   9.6831
608   9.6831
609   9.6831
610   9.6831
611   9.6831
612   9.6831
613   9.6831
614   9.6831
615   9.6831
616   9.6831
617   9.6831
618   9.6831
619   9.6831
620   9.6831
621   9.6831
622   9.6831
623   9.6831
624   9.6831
625   9.6831
626   9.6831
627   9.6831
628   9.6831
629   9.6831
630   9.6831
631   9.6831
632   9.6831
633   9.6831
634   9.6831
635   9.6831
636   9.6831
637   9.6831
638   9.6831
639   9.6831
640   9.6831
641   9.6831
642   9.6831
643   9.6831
644   9.6831
645   9.6831
646   9.6831
647   9.6831
648   9.6831
649   9.6831
650   9.6831
651   9.6831
652   9.6831
653   9.6831
654   9.6831
655   9.6831
656   9.6831
657   9.6831
658   9.6831
659   9.6831
660   9.6831
661   9.6831
662   9.6831
663   9.6831
664   9.6831
665   9.6831
666   9.6831
667   9.6831
668   9.6831
669   9.6831
670   9.6831
671   9.6831
672   9.6831
673   9.6831
674   9.6831
675   9.6831
676   9.6831
677   9.6831
678   9.6831
679   9.6831
680   9.6831
681   9.6831
682   9.6831
683   9.6831
684   9.6831
685   9.6831
686   9.6831
687   9.6831
688   9.6831
689   9.6831
690   9.6831
691   9.6831
692   9.6831
693   9.6831
694   9.6831
695   9.6831
696   9.6831
697   9.6831
698   9.6831
699   9.6831
700   9.6831
701   9.6831
702   9.6831
703   9.6831
704   9.6831
705   9.6831
706   9.6831
707   9.6831
708   9.6831
709   9.6831
710   9.6831
711   9.6831
712   9.6831
713   9.6831
714   9.6831
715   9.6831
716   9.6831
717   9.6831
718   9.6831
719   9.6831
720   9.6831
721   9.6831
722   9.6831
723   9.6831
724   9.6831
725   9.6831
726   9.6831
727   9.6831
728   9.6831
729   9.6831
730   9.6831
731   9.6831
732   9.6831
733   9.6831
734   9.6831
735   9.6831
736   9.6831
737   9.6831
738   9.6831
739   9.6831
740   9.6831
741   9.6831
742   9.6831
743   9.6831
744   9.6831
745   9.6831
746   9.6831
747   9.6831
748   9.6831
749   9.6831
750   9.6831
751   9.6831
752   9.6831
753   9.6831
754   9.6831
755   9.6831
756   9.6831
757   9.6831
758   9.6831
759   9.6831
760   9.6831
761   9.6831
762   9.6831
763   9.6831
764   9.6831
765   9.6831
766   9.6831
767   9.6831
768   9.6831
769   9.6831
770   9.6831
771   9.6831
772   9.6831
773   9.6831
774   9.6831
775   9.6831
776   9.6831
777   9.6831
778   9.6831
779   9.6831
780   9.6831
781   9.6831
782   9.6831
783   9.6831
784   9.6831
785   9.6831
786   9.6831
787   9.6831
788   9.6831
789   9.6831
790   9.6831
791   9.6831
792   9.6831
793   9.6831
794   9.6831
795   9.6831
796   9.6831
797   9.6831
798   9.6831
799   9.6831
800   9.6831
801   9.6831
802   9.6831
803   9.6831
804   9.6831
805   9.6831
806   9.6831
807   9.6831
808   9.6831
809   9.6831
810   9.6831
811   9.6831
812   9.6831
813   9.6831
814   9.6831
815   9.6831
816   9.6831
817   9.6831
818   9.6831
819   9.6831
820   9.6831
821   9.6831
822   9.6831
823   9.6831
824   9.6831
825   9.6831
826   9.6831
827   9.6831
828   9.6831
829   9.6831
830   9.6831
831   9.6831
832   9.6831
833   9.6831
834   9.6831
835   9.6831
836   9.6831
837   9.6831
838   9.6831
839   9.6831
840   9.6831
841   9.6831
842   9.6831
843   9.6831
844   9.6831
845   9.6831
846   9.6831
847   9.6831
848   9.6831
849   9.6831
850   9.6831
851   9.6831
852   9.6831
853   9.6831
854   9.6831
855   9.6831
856   9.6831
857   9.6831
858   9.6831
859   9.6831
860   9.6831
861   9.6831
862   9.6831
863   9.6831
864   9.6831
865   9.6831
866   9.6831
867   9.6831
868   9.6831
869   9.6831
870   9.6831
871   9.6831
872   9.6831
873   9.6831
874   9.6831
875   9.6831
876   9.6831
877   9.6831
878   9.6831
879   9.6831
880   9.6831
881   9.6831
882   9.6831
883   9.6831
884   9.6831
885   9.6831
886   9.6831
887   9.6831
888   9.6831
889   9.6831
890   9.6831
891   9.6831
892   9.6831
893   9.6831
894   9.6831
895   9.6831
896   9.6831
897   9.6831
898   9.6831
899   9.6831
900   9.6831
901   9.6831
902   9.6831
903   9.6831
904   9.6831
905   9.6831
906   9.6831
907   9.6831
908   9.6831
909   9.6831
910   9.6831
911   9.6831
912   9.6831
913   9.6831
914   9.6831
915   9.6831
916   9.6831
917   9.6831
918   9.6831
919   9.6831
920   9.6831
921   9.6831
922   9.6831
923   9.6831
924   9.6831
925   9.6831
926   9.6831
927   9.6831
928   9.6831
929   9.6831
930   9.6831
931   9.6831
932   9.6831
933   9.6831
934   9.6831
935   9.6831
936   9.6831
937   9.6831
938   9.6831
939   9.6831
940   9.6831
941   9.6831
942   9.6831
943   9.6831
944   9.6831
945   9.6831
946   9.6831
947   9.6831
948   9.6831
949   9.6831
950   9.6831
951   9.6831
952   9.6831
953   9.6831
954   9.6831
955   9.6831
956   9.6831
957   9.6831
958   9.6831
959   9.6831
960   9.6831
961   9.6831
962   9.6831
963   9.6831
964   9.6831
965   9.6831
966   9.6831
967   9.6831
968   9.6831
969   9.6831
970   9.6831
971   9.6831
972   9.6831
973   9.6831
974   9.6831
975   9.6831
976   9.6831
977   9.6831
978   9.6831
979   9.6831
980   9.6831
981   9.6831
982   9.6831
983   9.6831
984   9.6831
985   9.6831
986   9.6831
987   9.6831
988   9.6831
989   9.6831
990   9.6831
991   9.6831
992   9.6831
993   9.6831
994   9.6831
995   9.6831
996   9.6831
997   9.6831
998   9.6831
999   9.6831
