-3.51475
-3.51472
-3.51466
-3.51461
-3.51455
-3.5145
-3.51445
-3.51439
-3.51434
-3.51428
-3.51423
-3.51417
-3.51412
-3.51406
-3.514
-3.51395
-3.51389
-3.51383
-3.51377
-3.51372
-3.51366
-3.5136
-3.51353
-3.51347
-3.51341
-3.51334
-3.51328
-3.51321
-3.51315
-3.51308
-3.51301
-3.51279
-3.51271
-3.51264
-3.51257
-3.51234
-3.51196
-3.51158
-3.51135
-3.51127
-3.51103
-3.51064
-3.51025
-3.50986
-3.50917
-3.50877
-3.50838
-3.50783
-3.50712
-3.50702
-3.50662
-3.50606
-3.5058
-3.50463
-3.50392
-3.50289
-3.50248
-3.5019
-3.50148
-3.50075
-3.50032
-3.49988
-3.49915
-3.49841
-3.49797
-3.49782
-3.49753
-3.49693
-3.49617
-3.49587
-3.49541
-3.4948
-3.49449
-3.49402
-3.4934
-3.49293
-3.49246
-3.49168
-3.49135
-3.49102
-3.49054
-3.49035
-3.49032
-3.48983
-3.48918
-3.48899
-3.48865
-3.48785
-3.48765
-3.48685
-3.48635
-3.48584
-3.48564
-3.48544
-3.48509
-3.48519
-3.48513
-3.48478
-3.48458
-3.48423
-3.48418
-3.48398
-3.48393
-3.48358
-3.48309
-3.48275
-3.48256
-3.48223
-3.4825
-3.48202
-3.4817
-3.48154
-3.48108
-3.48062
-3.48047
-3.48048
-3.48035
-3.48037
-3.47995
-3.47939
-3.47944
-3.4795
-3.47942
-3.47935
-3.47898
-3.47923
-3.47935
-3.47947
-3.47961
-3.47945
-3.47961
-3.47948
-3.47966
-3.47971
-3.47992
-3.47984
-3.48038
-3.48063
-3.48104
-3.48116
-3.48145
-3.48175
-3.48206
-3.48224
-3.48258
-3.48323
-3.48329
-3.48366
-3.48374
-3.48413
-3.48423
-3.4845
-3.48462
-3.4852
-3.48548
-3.48578
-3.48608
-3.48654
-3.48715
-3.48747
-3.48795
-3.48827
-3.48876
-3.48939
-3.49018
-3.49082
-3.49116
-3.4915
-3.49168
-3.49172
-3.49236
-3.49285
-3.49379
-3.49412
-3.4946
-3.49523
-3.49585
-3.49617
-3.49618
-3.49618
-3.49649
-3.49709
-3.49738
-3.49767
-3.49764
-3.49792
-3.49864
-3.49935
-3.49976
-3.5
-3.50009
-3.50032
-3.5004
-3.50046
-3.50082
-3.50087
-3.50122
-3.50141
-3.50189
-3.50221
-3.50252
-3.50313
-3.50343
-3.50373
-3.50371
-3.50429
-3.50456
-3.50467
-3.50507
-3.50532
-3.50511
-3.50489
-3.50512
-3.50488
-3.50494
-3.5047
-3.50505
-3.50524
-3.50543
-3.50531
-3.50564
-3.50581
-3.50582
-3.50553
-3.50553
-3.50553
-3.50522
-3.50536
-3.50549
-3.50517
-3.50515
-3.50542
-3.50554
-3.5058
-3.50546
-3.50557
-3.50598
-3.50577
-3.50542
-3.50521
-3.50531
-3.50525
-3.50519
-3.50497
-3.50475
-3.50514
-3.50492
-3.50485
-3.50478
-3.50471
-3.50479
-3.50471
-3.50464
-3.50472
-3.50449
-3.50442
-3.50435
-3.50412
-3.5039
-3.50413
-3.50391
-3.50384
-3.50392
-3.5037
-3.50318
-3.50312
-3.50276
-3.503
-3.50294
-3.50333
-3.50343
-3.50322
-3.50363
-3.50343
-3.50338
-3.50303
-3.50269
-3.50265
-3.50231
-3.50197
-3.50209
-3.50206
-3.50218
-3.5023
-3.50228
-3.50225
-3.50238
-3.50252
-3.5022
-3.50203
-3.50232
-3.50201
-3.50185
-3.50184
-3.50199
-3.50198
-3.50198
-3.50243
-3.50228
-3.50227
-3.50212
-3.50212
-3.50197
-3.50182
-3.50152
-3.50136
-3.50091
-3.50107
-3.50091
-3.50121
-3.50106
-3.50121
-3.50106
-3.50105
-3.5012
-3.50119
-3.50089
-3.50088
-3.50072
-3.50071
-3.50054
-3.50068
-3.50081
-3.5008
-3.50078
-3.50075
-3.50088
-3.5007
-3.50068
-3.5005
-3.50031
-3.50073
-3.50055
-3.50005
-3.49986
-3.50027
-3.49993
-3.49973
-3.49983
-3.49978
-3.49973
-3.49952
-3.49931
-3.49925
-3.49904
-3.49913
-3.49922
-3.49915
-3.49938
-3.49931
-3.49924
-3.49917
-3.4991
-3.49872
-3.49835
-3.49842
-3.4985
-3.49827
-3.4985
-3.49872
-3.49895
-3.49887
-3.4988
-3.49888
-3.49881
-3.49889
-3.49837
-3.4983
-3.49808
-3.49802
-3.49811
-3.49805
-3.49785
-3.4981
-3.4979
-3.49815
-3.49796
-3.49807
-3.49788
-3.498
-3.49782
-3.4978
-3.49793
-3.49791
-3.49805
-3.49805
-3.49789
-3.49759
-3.49775
-3.49776
-3.49822
-3.49839
-3.49826
-3.49859
-3.49846
-3.49849
-3.49853
-3.49827
-3.49831
-3.49835
-3.49825
-3.4986
-3.4985
-3.49855
-3.49891
-3.49897
-3.49948
-3.49954
-3.49945
-3.49981
-3.49942
-3.49948
-3.49954
-3.49946
-3.49967
-3.49973
-3.49964
-3.49986
-3.49946
-3.49953
-3.49974
-3.49965
-3.49986
-3.49961
-3.49952
-3.49988
-3.50024
-3.50029
-3.50005
-3.50025
-3.50046
-3.50066
-3.50071
-3.50092
-3.50112
-3.50132
-3.50122
-3.50143
-3.50163
-3.50168
-3.50188
-3.50208
-3.50213
-3.50249
-3.50254
-3.50244
-3.50264
-3.50285
-3.5026
-3.5028
-3.50331
-3.50351
-3.50342
-3.50332
-3.50338
-3.50343
-3.50334
-3.50294
-3.50345
-3.50336
-3.50326
-3.50332
-3.50323
-3.50343
-3.50349
-3.50339
-3.50315
-3.50335
-3.50356
-3.50361
-3.50351
-3.50371
-3.50346
-3.50351
-3.50356
-3.50375
-3.5038
-3.50369
-3.50358
-3.50347
-3.50381
-3.50384
-3.50342
-3.50345
-3.50317
-3.50305
-3.50322
-3.50324
-3.50326
-3.50312
-3.50344
-3.5036
-3.50361
-3.50361
-3.50346
-3.50301
-3.5033
-3.50315
-3.50314
-3.50267
-3.50281
-3.50249
-3.50247
-3.50244
-3.50257
-3.50254
-3.50251
-3.50278
-3.50244
-3.50225
-3.50237
-3.50232
-3.50213
-3.50208
-3.50188
-3.50183
-3.50178
-3.50128
-3.50107
-3.50132
-3.50111
-3.5009
-3.50069
-3.50078
-3.50072
-3.50065
-3.50059
-3.50053
-3.50031
-3.50024
-3.50048
-3.49996
-3.50004
-3.50013
-3.49991
-3.49999
-3.49993
-3.49956
-3.49979
-3.49973
-3.49951
-3.4996
-3.49938
-3.49993
-3.49972
-3.49966
-3.49975
-3.49969
-3.49964
-3.49974
-3.49969
-3.49949
-3.49929
-3.49909
-3.4992
-3.49871
-3.49852
-3.49834
-3.49831
-3.49843
-3.49856
-3.49869
-3.49882
-3.4988
-3.49894
-3.49893
-3.49877
-3.49862
-3.49862
-3.49862
-3.49833
-3.49849
-3.4982
-3.49821
-3.49823
-3.49765
-3.49767
-3.49785
-3.49788
-3.49821
-3.49809
-3.49842
-3.49861
-3.49849
-3.49853
-3.49857
-3.49876
-3.49895
-3.49869
-3.49873
-3.49878
-3.49882
-3.49886
-3.4989
-3.49894
-3.49899
-3.49888
-3.49892
-3.49881
-3.499
-3.49904
-3.49892
-3.49881
-3.4993
-3.49964
-3.49982
-3.49971
-3.49959
-3.49947
-3.49966
-3.49969
-3.49957
-3.4996
-3.50023
-3.50041
-3.50029
-3.50002
-3.5002
-3.50007
-3.50025
-3.50073
-3.50075
-3.50078
-3.5008
-3.50098
-3.501
-3.50102
-3.50075
-3.50062
-3.50064
-3.50036
-3.50038
-3.50025
-3.50027
-3.50029
-3.50046
-3.50002
-3.49989
-3.50021
-3.50038
-3.50024
-3.49995
-3.49966
-3.49998
-3.49969
-3.49985
-3.49986
-3.49987
-3.50002
-3.49988
-3.49973
-3.49988
-3.49973
-3.49973
-3.49973
-3.49958
-3.49942
-3.49941
-3.4994
-3.49939
-3.49923
-3.49876
-3.49875
-3.49873
-3.49871
-3.49884
-3.49882
-3.49865
-3.49862
-3.4983
-3.49812
-3.49764
-3.49776
-3.49758
-3.49754
-3.49736
-3.49733
-3.49714
-3.49741
-3.49707
-3.49719
-3.49716
-3.49682
-3.49679
-3.49676
-3.49672
-3.49669
-3.49711
-3.49708
-3.49735
-3.49748
-3.4976
-3.49743
-3.49771
-3.49769
-3.49767
-3.49735
-3.49749
-3.49778
-3.49747
-3.49776
-3.49761
-3.4976
-3.49745
-3.49746
-3.49761
-3.49762
-3.49763
-3.49749
-3.49721
-3.49693
-3.49695
-3.49712
-3.49684
-3.49687
-3.4966
-3.49693
-3.49667
-3.497
-3.49674
-3.49647
-3.49666
-3.4967
-3.49674
-3.49678
-3.49668
-3.49626
-3.49616
-3.4962
-3.49609
-3.49613
-3.49618
-3.49622
-3.49626
-3.49629
-3.49618
-3.49622
-3.49626
-3.49614
-3.49557
-3.49575
-3.49578
-3.4958
-3.49553
-3.4957
-3.49587
-3.49589
-3.49576
-3.49592
-3.49593
-3.49625
-3.4961
-3.49656
-3.49641
-3.49626
-3.49641
-3.49641
-3.49625
-3.49654
-3.49668
-3.49667
-3.49665
-3.49679
-3.49677
-3.49675
-3.49673
-3.4967
-3.49653
-3.49665
-3.49678
-3.4966
-3.49627
-3.49639
-3.49621
-3.49618
-3.49614
-3.49626
-3.49638
-3.49575
-3.49587
-3.49554
-3.49551
-3.49533
-3.49515
-3.49543
-3.49525
-3.49523
-3.4955
-3.49578
-3.49591
-3.49604
-3.49603
-3.49601
-3.49614
-3.49613
-3.49627
-3.49641
-3.49655
-3.497
-3.49684
-3.49683
-3.49668
-3.49667
-3.49667
-3.49652
-3.49652
-3.49651
-3.49651
-3.49682
-3.49666
-3.49666
-3.49651
-3.49651
-3.49621
-3.49621
-3.4959
-3.49605
-3.49575
-3.49499
-3.49453
-3.49468
-3.49467
-3.49481
-3.4945
-3.49464
-3.49493
-3.49491
-3.4952
-3.49548
-3.49546
-3.49559
-3.49572
-3.49555
-3.49523
-3.49535
-3.49503
-3.49485
-3.49482
-3.49495
-3.49477
-3.49475
-3.49472
-3.49469
-3.49452
-3.49434
-3.49402
-3.49384
-3.49382
-3.49395
-3.49424
-3.49422
-3.49435
-3.49419
-3.49417
-3.49416
-3.49415
-3.49415
-3.49429
-3.49429
-3.49459
-3.49504
-3.49444
-3.49505
-3.4949
-3.49506
-3.49492
-3.49478
-3.49464
-3.49481
-3.49482
-3.49483
-3.4947
-3.49472
-3.49489
-3.4946
-3.49447
-3.49465
-3.49467
-3.49499
-3.49486
-3.49489
-3.49521
-3.49539
-3.49556
-3.49574
-3.49561
-3.49579
-3.49611
-3.49644
-3.49646
-3.49664
-3.49666
-3.49683
-3.49686
-3.49627
-3.49645
-3.49632
-3.49604
-3.49636
-3.49638
-3.49655
-3.49657
-3.49674
-3.49661
-3.49648
-3.4965
-3.49666
-3.49668
-3.4967
-3.49671
-3.49703
-3.49719
-3.49705
-3.49676
-3.49693
-3.49679
-3.49665
-3.49635
-3.49651
-3.49637
-3.49638
-3.49638
-3.49608
-3.49594
-3.49609
-3.49564
-3.49564
-3.49579
-3.49579
-3.49594
-3.49623
-3.49623
-3.49637
-3.49607
-3.49591
-3.49575
-3.49589
-3.49603
-3.49601
-3.496
-3.49598
-3.49597
-3.4958
-3.49578
-3.49561
-3.49574
-3.49602
-3.496
-3.49597
-3.49625
-3.49592
-3.4959
-3.49572
-3.49569
-3.49566
-3.49578
-3.49545
-3.49557
-3.49524
-3.4952
-3.49487
-3.49514
-3.49526
-3.49537
-3.49504
-3.495
-3.49512
-3.49493
-3.49474
-3.49486
-3.49467
-3.49448
-3.49429
-3.49441
-3.49437
-3.49433
-3.49444
-3.49426
-3.49407
-3.49373
-3.49384
-3.49396
-3.49437
-3.49403
-3.494
-3.49396
-3.49392
-3.49404
-3.49415
-3.49397
-3.49408
-3.49405
-3.49431
-3.49428
-3.49424
-3.49421
-3.49402
-3.49369
-3.4935
-3.49347
-3.49314
-3.49311
-3.49307
-3.49289
-3.49301
-3.49314
-3.49295
-3.49308
-3.49335
-3.49302
-3.49329
-3.49342
-3.49354
-3.49336
-3.49318
-3.49331
-3.49313
-3.49296
-3.49248
-3.49245
-3.49258
-3.49256
-3.49238
-3.49236
-3.49219
-3.49201
-3.49184
-3.49167
-3.4918
-3.49178
-3.49176
-3.49205
-3.49203
-3.49187
-3.49185
-3.49214
-3.49198
-3.49197
-3.49181
-3.49211
-3.49226
-3.49271
-3.49286
-3.49271
-3.49241
-3.49211
-3.49197
-3.49213
-3.49229
-3.49231
-3.49233
-3.4925
-3.49252
-3.4924
-3.49243
-3.49276
-3.49235
-3.49269
-3.49258
-3.49277
-3.49282
-3.49287
-3.49277
-3.49268
-3.49259
-3.4925
-3.49256
-3.49278
-3.49316
-3.49338
-3.49345
-3.49353
-3.49376
-3.49384
-3.49362
-3.49356
-3.49334
-3.49343
-3.49367
-3.49376
-3.49401
-3.49425
-3.4945
-3.49474
-3.49484
-3.49478
-3.49473
-3.49468
-3.49493
-3.49487
-3.49512
-3.49537
-3.49577
-3.49617
-3.49597
-3.49607
-3.49632
-3.49641
-3.49651
-3.4966
-3.497
-3.49739
-3.49778
-3.49772
-3.4978
-3.49804
-3.49782
-3.49744
-3.49767
-3.49775
-3.49782
-3.49804
-3.49825
-3.49801
-3.49807
-3.49812
-3.49832
-3.49821
-3.49825
-3.49829
-3.49847
-3.4985
-3.49853
-3.4987
-3.49886
-3.49918
-3.49933
-3.49933
-3.49933
-3.49932
-3.49931
-3.49915
-3.49898
-3.49926
-3.49923
-3.49951
-3.49947
-3.49989
-3.49985
-3.49935
-3.49931
-3.49896
-3.49891
-3.49885
-3.49865
-3.49874
-3.49838
-3.49816
-3.4978
-3.49788
-3.49767
-3.4979
-3.49783
-3.49791
-3.49784
-3.49792
-3.49769
-3.49747
-3.4974
-3.49717
-3.4971
-3.49717
-3.49785
-3.49808
-3.49786
-3.49793
-3.49725
-3.49733
-3.49696
-3.49673
-3.49681
-3.49689
-3.49713
-3.49721
-3.49744
-3.49738
-3.49746
-3.4977
-3.49749
-3.49712
-3.49706
-3.497
-3.4968
-3.49689
-3.49684
-3.49664
-3.49674
-3.49654
-3.49635
-3.4963
-3.49611
-3.49607
-3.49619
-3.49615
-3.49627
-3.49624
-3.49622
-3.49604
-3.49572
-3.49585
-3.49553
-3.49582
-3.49595
-3.49579
-3.49579
-3.49578
-3.49593
-3.49593
-3.49593
-3.49639
-3.49624
-3.4964
-3.4961
-3.49596
-3.49598
-3.49599
-3.49601
-3.49572
-3.49559
-3.49545
-3.49547
-3.49564
-3.49581
-3.49613
-3.49631
-3.49633
-3.49635
-3.49667
-3.49669
-3.49656
-3.49657
-3.49659
-3.49691
-3.49693
-3.49664
-3.4968
-3.49651
-3.49683
-3.49684
-3.497
-3.49685
-3.49686
-3.49687
-3.49702
-3.49702
-3.49687
-3.49703
-3.49718
-3.49733
-3.49748
-3.49748
-3.49747
-3.49762
-3.49762
-3.49807
-3.49837
-3.49837
-3.49837
-3.49821
-3.49806
-3.49821
-3.49822
-3.49852
-3.49868
-3.49883
-3.49854
-3.4987
-3.49856
-3.49857
-3.49844
-3.4986
-3.49877
-3.49879
-3.49882
-3.49899
-3.49872
-3.49844
-3.49863
-3.49881
-3.49869
-3.49888
-3.49877
-3.49865
-3.49854
-3.49844
-3.49863
-3.49807
-3.49842
-3.49847
-3.49837
-3.49812
-3.49802
-3.49837
-3.49857
-3.49862
-3.49853
-3.49843
-3.49833
-3.49823
-3.49783
-3.49788
-3.49793
-3.49799
-3.49804
-3.49839
-3.49844
-3.49849
-3.49869
-3.49889
-3.49894
-3.49883
-3.49888
-3.49907
-3.49882
-3.49901
-3.4992
-3.4994
-3.49959
-3.49963
-3.49966
-3.4997
-3.49958
-3.49932
-3.4992
-3.49908
-3.49926
-3.49914
-3.49917
-3.49919
-3.49922
-3.49909
-3.49926
-3.49913
-3.49915
-3.49932
-3.49934
-3.49905
-3.49906
-3.49908
-3.49924
-3.49924
-3.49925
-3.4991
-3.49941
-3.49956
-3.49956
-3.49971
-3.4997
-3.49969
-3.49968
-3.49982
-3.49981
-3.4998
-3.49993
-3.49991
-3.50004
-3.50002
-3.50014
-3.50041
-3.50084
-3.50051
-3.50017
-3.50013
-3.49995
-3.49975
-3.50002
-3.50012
-3.49978
-3.49958
-3.49938
-3.49918
-3.49897
-3.49907
-3.49917
-3.49911
-3.49906
-3.49885
-3.49879
-3.49874
-3.49883
-3.49877
-3.49886
-3.49895
-3.49874
-3.49868
-3.49923
-3.49887
-3.49866
-3.49831
-3.49825
-3.49835
-3.4983
-3.49855
-3.49865
-3.4986
-3.49901
-3.49912
-3.49878
-3.49874
-3.49871
-3.49898
-3.4991
-3.49938
-3.49936
-3.49949
-3.49886
-3.49885
-3.49899
-3.49913
-3.49913
-3.49898
-3.49913
-3.49944
-3.50005
-3.50036
-3.49992
-3.49963
-3.49934
-3.49936
-3.49968
-3.4994
-3.49942
-3.49944
-3.49977
-3.49979
-3.49997
-3.49984
-3.49986
-3.50004
-3.50021
-3.50038
-3.5004
-3.50041
-3.50043
-3.50014
-3.49985
-3.49971
-3.49971
-3.49987
-3.49987
-3.49986
-3.49956
-3.4997
-3.49969
-3.49968
-3.49951
-3.49919
-3.49902
-3.49915
-3.49928
-3.4991
-3.49877
-3.49858
-3.49885
-3.49881
-3.49863
-3.49844
-3.4987
-3.49835
-3.49831
-3.49812
-3.49808
-3.49803
-3.49799
-3.49779
-3.4976
-3.49771
-3.49782
-3.49778
-3.49759
-3.4974
-3.49736
-3.49732
-3.49729
-3.49711
-3.49723
-3.49736
-3.49719
-3.49686
-3.497
-3.49699
-3.49683
-3.49697
-3.49682
-3.49697
-3.49712
-3.49743
-3.4973
-3.49716
-3.49778
-3.4975
-3.49783
-3.49771
-3.49744
-3.49733
-3.49737
-3.49756
-3.49745
-3.49765
-3.49754
-3.49744
-3.49719
-3.49724
-3.4976
-3.49765
-3.4977
-3.49776
-3.49766
-3.49786
-3.49822
-3.49796
-3.49817
-3.49776
-3.49796
-3.498
-3.49804
-3.49808
-3.49751
-3.49709
-3.49743
-3.4973
-3.49733
-3.4975
-3.49782
-3.49814
-3.49815
-3.49786
-3.49771
-3.49787
-3.49817
-3.49786
-3.498
-3.49799
-3.49828
-3.49841
-3.49855
-3.49852
-3.49865
-3.49877
-3.49904
-3.49871
-3.49837
-3.49818
-3.4986
-3.49886
-3.49881
-3.49862
-3.49872
-3.49897
-3.49862
-3.49872
-3.49927
-3.49952
-3.49947
-3.49926
-3.49966
-3.49945
-3.49954
-3.49948
-3.49957
-3.49982
-3.50006
-3.4997
-3.49964
-3.49958
-3.49922
-3.49931
-3.49925
-3.4992
-3.49914
-3.49908
-3.49872
-3.49897
-3.49907
-3.49886
-3.49866
-3.49876
-3.49871
-3.49867
-3.49862
-3.49857
-3.49838
-3.49834
-3.49815
-3.49812
-3.49794
-3.49776
-3.49803
-3.49756
-3.49754
-3.49722
-3.49752
-3.49751
-3.49766
-3.49766
-3.49737
-3.49708
-3.4971
-3.49712
-3.49746
-3.49749
-3.49753
-3.49758
-3.49764
-3.498
-3.49822
-3.49829
-3.49837
-3.49861
-3.499
-3.49895
-3.4992
-3.49931
-3.49927
-3.49968
-3.49965
-3.49992
-3.4999
-3.49957
-3.49954
-3.49982
-3.49949
-3.49962
-3.49989
-3.50016
-3.50028
-3.50039
-3.5005
-3.50075
-3.5007
-3.50094
-3.50087
-3.5008
-3.50087
-3.50153
-3.50174
-3.50179
-3.50198
-3.50201
-3.50203
-3.5022
-3.50235
-3.50235
-3.5019
-3.50173
-3.50171
-3.50154
-3.5015
-3.50147
-3.50188
-3.50169
-3.50164
-3.50129
-3.50139
-3.50163
-3.50158
-3.50137
-3.50146
-3.5011
-3.5009
-3.50114
-3.50079
-3.50073
-3.50068
-3.50033
-3.50013
-3.50024
-3.5002
-3.50016
-3.50013
-3.5001
-3.50007
-3.50005
-3.49988
-3.49986
-3.49985
-3.49984
-3.49999
-3.49999
-3.49984
-3.4997
-3.49941
-3.49912
-3.49929
-3.49961
-3.49948
-3.49951
-3.49939
-3.49941
-3.49975
-3.49993
-3.49981
-3.50015
-3.50034
-3.50022
-3.50026
-3.50014
-3.50003
-3.50006
-3.4998
-3.49968
-3.49972
-3.49975
-3.49979
-3.49982
-3.49985
-3.49988
-3.49991
-3.49993
-3.49996
-3.50013
-3.50016
-3.50033
-3.49974
-3.49976
-3.49963
-3.49949
-3.4995
-3.49952
-3.49953
-3.49938
-3.49924
-3.4994
-3.49925
-3.4991
-3.49911
-3.4988
-3.4988
-3.49895
-3.4988
-3.49879
-3.49864
-3.49818
-3.49832
-3.49831
-3.49846
-3.4986
-3.49889
-3.49888
-3.49933
-3.49916
-3.49931
-3.4993
-3.49944
-3.49943
-3.49912
-3.49881
-3.49895
-3.4991
-3.49924
-3.49924
-3.49954
-3.49953
-3.49938
-3.49908
-3.49923
-3.49983
-3.49983
-3.49983
-3.49984
-3.49999
-3.49984
-3.49985
-3.4997
-3.49985
-3.49985
-3.49986
-3.50001
-3.49986
-3.49985
-3.5
-3.49984
-3.49983
-3.49998
-3.49981
-3.50025
-3.50038
-3.50081
-3.50094
-3.50076
-3.50058
-3.50054
-3.50051
-3.50046
-3.50042
-3.50022
-3.50016
-3.50026
-3.50004
-3.49968
-3.49946
-3.49939
-3.49947
-3.49969
-3.49976
-3.49968
-3.4996
-3.49906
-3.49912
-3.49918
-3.49894
-3.49825
-3.49785
-3.49776
-3.49721
-3.49727
-3.49718
-3.49693
-3.49684
-3.49675
-3.49621
-3.49612
-3.49604
-3.49611
-3.49603
-3.4958
-3.49603
-3.49581
-3.49574
-3.49583
-3.49592
-3.49572
-3.49583
-3.49609
-3.4962
-3.49602
-3.49645
-3.49643
-3.49657
-3.49626
-3.49626
-3.49612
-3.49613
-3.49615
-3.49618
-3.49591
-3.49641
-3.49676
-3.49651
-3.49672
-3.49664
-3.49671
-3.49678
-3.49687
-3.4971
-3.4972
-3.49744
-3.49679
-3.49689
-3.49684
-3.49665
-3.49676
-3.49687
-3.49713
-3.49724
-3.4975
-3.49761
-3.49803
-3.49813
-3.49794
-3.49804
-3.49814
-3.4987
-3.49879
-3.49858
-3.49837
-3.49845
-3.49838
-3.49845
-3.49867
-3.49889
-3.49894
-3.49915
-3.49935
-3.49955
-3.49944
-3.49962
-3.4998
-3.49998
-3.49985
-3.50002
-3.50003
-3.50004
-3.49989
-3.5002
-3.50019
-3.50004
-3.50003
-3.50002
-3.50001
-3.50014
-3.50013
-3.50056
-3.50084
-3.50082
-3.5008
-3.50077
-3.5009
-3.50087
-3.50145
-3.50158
-3.5017
-3.50167
-3.50149
-3.50116
-3.50114
-3.50156
-3.50153
-3.50136
-3.50118
-3.50115
-3.50082
-3.50079
-3.50092
-3.50119
-3.50102
-3.50084
-3.50081
-3.50093
-3.50091
-3.50088
-3.5007
-3.50082
-3.50095
-3.50092
-3.50104
-3.50101
-3.50098
-3.50109
-3.50091
-3.50118
-3.50084
-3.50081
-3.50077
-3.50103
-3.50084
-3.5005
-3.5003
-3.50011
-3.50006
-3.50017
-3.49982
-3.49977
-3.49972
-3.49936
-3.49886
-3.49865
-3.4989
-3.49899
-3.49863
-3.49887
-3.49881
-3.4986
-3.49839
-3.49863
-3.49872
-3.49865
-3.49874
-3.49868
-3.49846
-3.49855
-3.49818
-3.49872
-3.49851
-3.4983
-3.49839
-3.49863
-3.49857
-3.49851
-3.49845
-3.4987
-3.4988
-3.49874
-3.49869
-3.49849
-3.49829
-3.4984
-3.49836
-3.49816
-3.49827
-3.49808
-3.49805
-3.49801
-3.49783
-3.49765
-3.49762
-3.4976
-3.49742
-3.49725
-3.49753
-3.49751
-3.49704
-3.49718
-3.49702
-3.49701
-3.497
-3.49699
-3.49698
-3.49743
-3.49742
-3.49757
-3.49772
-3.49741
-3.49757
-3.49742
-3.49742
-3.49742
-3.49742
-3.49728
-3.49713
-3.49699
-3.49715
-3.497
-3.49656
-3.49642
-3.49614
-3.4963
-3.49647
-3.49679
-3.49681
-3.49714
-3.49732
-3.49719
-3.49738
-3.49756
-3.4976
-3.49718
-3.49722
-3.49757
-3.49762
-3.49782
-3.49787
-3.49823
-3.49829
-3.4988
-3.49887
-3.49924
-3.49916
-3.49923
-3.49976
-3.49998
-3.50006
-3.50014
-3.50023
-3.50001
-3.50024
-3.50033
-3.50026
-3.5005
-3.50074
-3.50068
-3.50076
-3.50085
-3.50109
-3.50118
-3.50141
-3.50135
-3.50173
-3.50182
-3.5019
-3.50214
-3.50222
-3.5023
-3.50223
-3.50231
-3.50269
-3.50277
-3.50284
-3.50292
-3.50299
-3.50292
-3.50284
-3.50261
-3.50253
-3.50275
-3.50283
-3.50305
-3.50312
-3.50319
-3.5031
-3.50317
-3.50354
-3.50346
-3.50323
-3.50285
-3.50307
-3.50344
-3.5032
-3.50327
-3.50349
-3.5034
-3.50377
-3.50369
-3.5036
-3.50352
-3.50373
-3.5038
-3.50371
-3.50377
-3.50383
-3.50374
-3.50365
-3.50356
-3.50422
-3.50443
-3.50418
-3.50438
-3.50473
-3.50509
-3.50513
-3.50533
-3.50522
-3.50526
-3.5053
-3.50518
-3.50537
-3.50525
-3.50527
-3.5053
-3.50517
-3.50504
-3.50506
-3.50492
-3.50478
-3.50479
-3.50464
-3.50449
-3.50464
-3.50479
-3.50478
-3.50462
-3.50491
-3.50489
-3.50472
-3.50455
-3.50468
-3.5048
-3.50477
-3.50428
-3.50394
-3.5039
-3.50356
-3.50321
-3.50286
-3.50266
-3.50261
-3.50255
-3.5028
-3.50214
-3.50223
-3.50216
-3.50209
-3.50203
-3.50181
-3.50158
-3.50151
-3.50189
-3.50182
-3.50159
-3.50166
-3.50173
-3.50165
-3.50172
-3.50134
-3.50095
-3.50102
-3.50093
-3.50085
-3.50107
-3.50083
-3.50105
-3.50066
-3.50043
-3.50034
-3.50041
-3.50032
-3.50009
-3.50001
-3.49977
-3.49954
-3.49961
-3.49953
-3.50021
-3.50028
-3.5002
-3.50013
-3.4999
-3.49968
-3.50006
-3.49969
-3.49947
-3.4994
-3.49918
-3.49912
-3.49905
-3.49899
-3.49893
-3.49887
-3.49881
-3.49891
-3.49871
-3.4985
-3.4986
-3.49886
-3.49881
-3.49892
-3.49903
-3.49898
-3.49909
-3.4989
-3.49856
-3.49868
-3.49849
-3.49816
-3.49813
-3.49825
-3.49806
-3.49773
-3.49771
-3.49768
-3.49781
-3.49718
-3.49716
-3.49729
-3.49712
-3.49665
-3.49693
-3.49722
-3.49705
-3.49704
-3.49717
-3.49731
-3.4973
-3.49729
-3.49743
-3.49757
-3.49756
-3.49771
-3.49815
-3.4983
-3.49799
-3.49829
-3.49829
-3.49798
-3.49768
-3.49753
-3.49768
-3.49768
-3.49798
-3.49738
-3.49724
-3.49709
-3.4971
-3.49696
-3.49697
-3.49713
-3.49714
-3.49715
-3.49717
-3.49718
-3.49735
-3.49766
-3.49708
-3.49695
-3.49712
-3.49669
-3.49671
-3.49688
-3.49676
-3.49678
-3.49696
-3.49684
-3.49687
-3.49645
-3.49678
-3.49651
-3.49685
-3.49688
-3.49692
-3.49696
-3.497
-3.49719
-3.49738
-3.49727
-3.49716
-3.49751
-3.4977
-3.49729
-3.49734
-3.49724
-3.49728
-3.49718
-3.49693
-3.49683
-3.49688
-3.49708
-3.49713
-3.49704
-3.49709
-3.49729
-3.4972
-3.49725
-3.49746
-3.49752
-3.49757
-3.49763
-3.49784
-3.49804
-3.49825
-3.49831
-3.49807
-3.49812
-3.49803
-3.49824
-3.49815
-3.4982
-3.49826
-3.49817
-3.49777
-3.49752
-3.49788
-3.49794
-3.49799
-3.49819
-3.49825
-3.49815
-3.4982
-3.49825
-3.49829
-3.49819
-3.49823
-3.49843
-3.49847
-3.49836
-3.49855
-3.49874
-3.49877
-3.4988
-3.49884
-3.49871
-3.49874
-3.49861
-3.49864
-3.49836
-3.49868
-3.49854
-3.4984
-3.49856
-3.49842
-3.49843
-3.49813
-3.49813
-3.49798
-3.49798
-3.49782
-3.49781
-3.49795
-3.49779
-3.49777
-3.49806
-3.49819
-3.49801
-3.49814
-3.49796
-3.49778
-3.4979
-3.49802
-3.49828
-3.49824
-3.49821
-3.49801
-3.49797
-3.49823
-3.49833
-3.49843
-3.49838
-3.49818
-3.49783
-3.49732
-3.49727
-3.49691
-3.49685
-3.49679
-3.49689
-3.49683
-3.49692
-3.49671
-3.4965
-3.49674
-3.49668
-3.49663
-3.49687
-3.49651
-3.4966
-3.49609
-3.49618
-3.49612
-3.49637
-3.49631
-3.49611
-3.49605
-3.49569
-3.49564
-3.49544
-3.49538
-3.49533
-3.49528
-3.49523
-3.49549
-3.49559
-3.49555
-3.49551
-3.49531
-3.49542
-3.49554
-3.49565
-3.49561
-3.49573
-3.49569
-3.49581
-3.49578
-3.49575
-3.49618
-3.49585
-3.49598
-3.4955
-3.49548
-3.49546
-3.49499
-3.49513
-3.49497
-3.49511
-3.49465
-3.49479
-3.49479
-3.49479
-3.49494
-3.49464
-3.49465
-3.49466
-3.49467
-3.49484
-3.49486
-3.49488
-3.49505
-3.49508
-3.49496
-3.49469
-3.49473
-3.49432
-3.49436
-3.49456
-3.49476
-3.49496
-3.49532
-3.49553
-3.49589
-3.4958
-3.49602
-3.49624
-3.49661
-3.49683
-3.49705
-3.49743
-3.49766
-3.49758
-3.49751
-3.49758
-3.49766
-3.49774
-3.49811
-3.49849
-3.49826
-3.49849
-3.49871
-3.49878
-3.49855
-3.49831
-3.49837
-3.49858
-3.49864
-3.49915
-3.49921
-3.49941
-3.49991
-3.50025
-3.50075
-3.50094
-3.50052
-3.50055
-3.50043
-3.50061
-3.50063
-3.50081
-3.50097
-3.50069
-3.5007
-3.50087
-3.50072
-3.50043
-3.50043
-3.50043
-3.50058
-3.50088
-3.50088
-3.50087
-3.50162
-3.50176
-3.5019
-3.50204
-3.50187
-3.5017
-3.50153
-3.50151
-3.50164
-3.50161
-3.50128
-3.50095
-3.50122
-3.50119
-3.501
-3.50097
-3.50093
-3.50028
-3.50009
-3.50004
-3.49984
-3.49949
-3.49929
-3.49909
-3.49904
-3.49898
-3.49892
-3.49901
-3.49925
-3.49918
-3.49912
-3.49905
-3.49898
-3.49891
-3.49899
-3.49937
-3.49899
-3.49907
-3.49884
-3.49876
-3.49899
-3.49906
-3.49898
-3.4986
-3.49822
-3.49814
-3.49791
-3.49814
-3.49822
-3.49784
-3.49777
-3.49754
-3.49717
-3.49711
-3.49734
-3.49683
-3.49662
-3.49641
-3.4962
-3.49615
-3.4958
-3.4959
-3.49571
-3.49522
-3.49533
-3.4953
-3.49542
-3.4954
-3.49567
-3.4955
-3.49564
-3.49547
-3.49546
-3.49545
-3.49514
-3.49514
-3.49514
-3.49499
-3.49514
-3.49545
-3.49546
-3.49546
-3.49592
-3.49608
-3.49624
-3.4961
-3.49611
-3.49597
-3.49628
-3.49629
-3.496
-3.49601
-3.49632
-3.49618
-3.49633
-3.49619
-3.49634
-3.4965
-3.49696
-3.49711
-3.49711
-3.49727
-3.49711
-3.49696
-3.49711
-3.49696
-3.49711
-3.49726
-3.49725
-3.4974
-3.49725
-3.49739
-3.49709
-3.49739
-3.49708
-3.49708
-3.49707
-3.49722
-3.49722
-3.49722
-3.49722
-3.49706
-3.49737
-3.49752
-3.49752
-3.49783
-3.49798
-3.49814
-3.498
-3.49785
-3.49756
-3.49742
-3.49743
-3.49744
-3.4976
-3.49746
-3.49748
-3.49734
-3.49721
-3.49722
-3.49724
-3.49726
-3.49728
-3.49715
-3.49733
-3.4972
-3.49753
-3.49755
-3.49712
-3.49715
-3.49702
-3.4972
-3.49723
-3.49726
-3.49759
-3.49762
-3.4972
-3.49753
-3.49772
-3.4976
-3.49763
-3.49781
-3.498
-3.49788
-3.49777
-3.4978
-3.49784
-3.49803
-3.49791
-3.49765
-3.49768
-3.49787
-3.49791
-3.4981
-3.49829
-3.49833
-3.49867
-3.49856
-3.4983
-3.49834
-3.49853
-3.49872
-3.49891
-3.4988
-3.49868
-3.49902
-3.49906
-3.4991
-3.49914
-3.49902
-3.49921
-3.49909
-3.49898
-3.49886
-3.49889
-3.49877
-3.49865
-3.49867
-3.49855
-3.49857
-3.4986
-3.49847
-3.49864
-3.49881
-3.49867
-3.49869
-3.49855
-3.49841
-3.49842
-3.49842
-3.49828
-3.49828
-3.49813
-3.49813
-3.49842
-3.49811
-3.49796
-3.49794
-3.49778
-3.49761
-3.49744
-3.49727
-3.4971
-3.49692
-3.49704
-3.49686
-3.49668
-3.4968
-3.49676
-3.49658
-3.49654
-3.4962
-3.49585
-3.49611
-3.49606
-3.49617
-3.49612
-3.49592
-3.49572
-3.49552
-3.49546
-3.49556
-3.49521
-3.49531
-3.4951
-3.49489
-3.49454
-3.49433
-3.49443
-3.49453
-3.49463
-3.49473
-3.49452
-3.49432
-3.49442
-3.49438
-3.49463
-3.49474
-3.49485
-3.49495
-3.49461
-3.49442
-3.49439
-3.49451
-3.49447
-3.49475
-3.49488
-3.495
-3.49483
-3.49482
-3.49465
-3.49434
-3.49434
-3.49403
-3.49419
-3.49374
-3.49405
-3.49406
-3.49423
-3.49471
-3.49504
-3.49537
-3.49526
-3.49484
-3.49474
-3.49463
-3.49454
-3.49444
-3.4945
-3.49442
-3.49434
-3.49471
-3.49494
-3.49488
-3.49481
-3.49475
-3.4947
-3.49449
-3.49474
-3.495
-3.49511
-3.49506
-3.49518
-3.49514
-3.49526
-3.49568
-3.4958
-3.49607
-3.49589
-3.49601
-3.49583
-3.49595
-3.49592
-3.49604
-3.49616
-3.49613
-3.49625
-3.49637
-3.49648
-3.49674
-3.49715
-3.49711
-3.49736
-3.49715
-3.49695
-3.49673
-3.49682
-3.4969
-3.49697
-3.49704
-3.49711
-3.49717
-3.49722
-3.49712
-3.49731
-3.49765
-3.49768
-3.4977
-3.49802
-3.49804
-3.49789
-3.49774
-3.49773
-3.49772
-3.4977
-3.49782
-3.49779
-3.49776
-3.49771
-3.49721
-3.49731
-3.49725
-3.49703
-3.49712
-3.49719
-3.49727
-3.49733
-3.4974
-3.49746
-3.49767
-3.49788
-3.49778
-3.49767
-3.49742
-3.49716
-3.49705
-3.49708
-3.49682
-3.4967
-3.49628
-3.49617
-3.49605
-3.49593
-3.49566
-3.49569
-3.49542
-3.495
-3.49473
-3.49446
-3.49419
-3.49393
-3.49381
-3.4934
-3.49284
-3.49243
-3.49233
-3.49237
-3.49227
-3.49188
-3.49209
-3.492
-3.49191
-3.49153
-3.4916
-3.49182
-3.49221
-3.49214
-3.49223
-3.49233
-3.49243
-3.49223
-3.49234
-3.49215
-3.49196
-3.49239
-3.49237
-3.49281
-3.49295
-3.49279
-3.4934
-3.49401
-3.49402
-3.49404
-3.49406
-3.49439
-3.49473
-3.49492
-3.49481
-3.49471
-3.49492
-3.49498
-3.49489
-3.4948
-3.49502
-3.4954
-3.49593
-3.49632
-3.4967
-3.49664
-3.49673
-3.49682
-3.49691
-3.497
-3.4971
-3.49764
-3.49804
-3.49783
-3.49763
-3.49757
-3.49797
-3.49806
-3.498
-3.49808
-3.49787
-3.4978
-3.49773
-3.49781
-3.49773
-3.49811
-3.49833
-3.49854
-3.49876
-3.49897
-3.49902
-3.49922
-3.49942
-3.49976
-3.49995
-3.49984
-3.50002
-3.5005
-3.50068
-3.50085
-3.50087
-3.50073
-3.50074
-3.50075
-3.50045
-3.5006
-3.5003
-3.50015
-3.50029
-3.50058
-3.50042
-3.50026
-3.50039
-3.50038
-3.50036
-3.50004
-3.50001
-3.50029
-3.50027
-3.50024
-3.50037
-3.50004
-3.50016
-3.49998
-3.49994
-3.49991
-3.50018
-3.50045
-3.50056
-3.50053
-3.50019
-3.5
-3.49981
-3.49977
-3.49927
-3.49908
-3.49934
-3.49945
-3.4994
-3.49951
-3.49946
-3.49941
-3.49952
-3.49962
-3.49972
-3.49952
-3.49932
-3.49896
-3.49891
-3.49931
-3.49911
-3.4986
-3.49824
-3.49804
-3.49783
-3.49762
-3.49757
-3.49751
-3.49776
-3.4977
-3.4981
-3.4982
-3.49815
-3.49764
-3.49743
-3.49738
-3.49778
-3.49774
-3.49784
-3.49764
-3.49759
-3.49755
-3.49766
-3.49777
-3.49788
-3.498
-3.49781
-3.49733
-3.49745
-3.49742
-3.49754
-3.49767
-3.49765
-3.49763
-3.49762
-3.4976
-3.49804
-3.49803
-3.49757
-3.49772
-3.49771
-3.49771
-3.49756
-3.49756
-3.49772
-3.49817
-3.49773
-3.49788
-3.49774
-3.49775
-3.49776
-3.49807
-3.49793
-3.49794
-3.49795
-3.49811
-3.49842
-3.49828
-3.49829
-3.49845
-3.49861
-3.49892
-3.49923
-3.49954
-3.49954
-3.4991
-3.4988
-3.49881
-3.49896
-3.49897
-3.49882
-3.49883
-3.49899
-3.49899
-3.49915
-3.49931
-3.49917
-3.49948
-3.49949
-3.49981
-3.49983
-3.49985
-3.49987
-3.49959
-3.49962
-3.49995
-3.50059
-3.50032
-3.50006
-3.49995
-3.50031
-3.50036
-3.50041
-3.50048
-3.50054
-3.50091
-3.50083
-3.50091
-3.50129
-3.50153
-3.50147
-3.50141
-3.50165
-3.5019
-3.50201
-3.50196
-3.50206
-3.50232
-3.50258
-3.50269
-3.50249
-3.5026
-3.50256
-3.50252
-3.50278
-3.50319
-3.50314
-3.50385
-3.5041
-3.50419
-3.50413
-3.50422
-3.504
-3.50454
-3.50431
-3.50423
-3.50445
-3.50421
-3.50426
-3.50416
-3.5042
-3.50424
-3.50427
-3.50414
-3.50416
-3.50417
-3.50418
-3.50418
-3.50417
-3.50416
-3.50444
-3.50412
-3.50424
-3.50405
-3.50401
-3.50397
-3.50392
-3.50386
-3.5035
-3.50329
-3.50352
-3.50345
-3.50352
-3.50344
-3.50336
-3.50328
-3.50304
-3.50279
-3.50255
-3.5023
-3.5022
-3.50225
-3.50261
-3.50251
-3.5024
-3.5023
-3.50219
-3.50224
-3.50198
-3.50188
-3.50147
-3.50136
-3.50096
-3.5007
-3.5006
-3.5011
-3.50115
-3.50075
-3.50005
-3.50025
-3.50016
-3.50007
-3.50013
-3.49989
-3.49981
-3.49973
-3.4995
-3.49972
-3.49965
-3.49958
-3.49967
-3.49991
-3.49955
-3.4995
-3.4993
-3.49911
-3.49907
-3.49918
-3.4993
-3.49958
-3.49956
-3.49939
-3.49968
-3.50012
-3.50027
-3.50058
-3.50028
-3.5006
-3.50061
-3.50018
-3.50021
-3.50024
-3.50012
-3.50016
-3.50036
-3.50055
-3.50031
-3.50021
-3.50012
-3.50033
-3.50055
-3.50047
-3.50039
-3.50077
-3.50085
-3.50092
-3.50101
-3.50109
-3.50117
-3.50126
-3.50104
-3.50082
-3.50121
-3.5013
-3.50123
-3.50116
-3.5011
-3.50088
-3.50081
-3.50073
-3.50081
-3.50088
-3.50065
-3.50057
-3.50063
-3.5007
-3.50076
-3.50066
-3.50056
-3.50061
-3.50065
-3.50054
-3.50043
-3.50046
-3.50064
-3.50096
-3.50098
-3.50069
-3.50085
-3.50071
-3.50041
-3.50056
-3.5007
-3.50024
-3.50022
-3.50035
-3.50018
-3.5
-3.50012
-3.50008
-3.5002
-3.5003
-3.50026
-3.50021
-3.50031
-3.5001
-3.5002
-3.49998
-3.50007
-3.50031
-3.50039
-3.50062
-3.5004
-3.50032
-3.50055
-3.50077
-3.50099
-3.50091
-3.50083
-3.50104
-3.50081
-3.50057
-3.50049
-3.50025
-3.50016
-3.49992
-3.49999
-3.4996
-3.49967
-3.49958
-3.4995
-3.49942
-3.49918
-3.49926
-3.49903
-3.49895
-3.49903
-3.49881
-3.49874
-3.49882
-3.49891
-3.49855
-3.49865
-3.4989
-3.499
-3.4988
-3.49876
-3.49872
-3.49868
-3.4985
-3.49847
-3.4983
-3.49828
-3.49826
-3.49795
-3.49764
-3.49734
-3.49674
-3.49735
-3.49736
-3.49737
-3.49724
-3.49696
-3.49698
-3.49701
-3.49734
-3.49738
-3.49742
-3.49701
-3.49675
-3.49695
-3.4967
-3.49676
-3.49681
-3.49672
-3.49679
-3.49655
-3.49677
-3.49668
-3.4969
-3.49728
-3.4972
-3.49712
-3.49705
-3.49728
-3.49736
-3.49774
-3.49797
-3.49836
-3.49859
-3.49837
-3.49815
-3.49839
-3.49832
-3.49855
-3.49894
-3.49902
-3.49926
-3.49934
-3.49927
-3.49921
-3.49929
-3.49937
-3.49945
-3.49953
-3.49961
-3.50015
-3.50007
-3.50045
-3.50053
-3.50106
-3.50098
-3.50121
-3.50128
-3.5012
-3.50127
-3.50149
-3.50156
-3.50132
-3.50123
-3.50099
-3.50105
-3.50111
-3.50162
-3.50152
-3.50172
-3.50177
-3.50167
-3.50141
-3.50145
-3.50149
-3.50122
-3.50081
-3.50068
-3.50071
-3.50059
-3.50076
-3.50078
-3.50064
-3.50111
-3.50126
-3.50112
-3.50097
-3.50081
-3.50081
-3.50095
-3.50109
-3.50107
-3.5012
-3.50118
-3.50145
-3.50127
-3.50124
-3.50135
-3.50101
-3.50066
-3.50061
-3.50056
-3.50036
-3.50015
-3.49979
-3.50003
-3.50011
-3.50004
-3.49997
-3.49989
-3.49982
-3.49974
-3.49981
-3.49988
-3.49995
-3.49986
-3.49947
-3.49938
-3.4993
-3.49875
-3.49836
-3.49827
-3.49818
-3.49794
-3.49816
-3.49792
-3.49798
-3.49774
-3.49766
-3.49742
-3.49734
-3.49757
-3.49779
-3.49757
-3.4975
-3.49743
-3.49721
-3.49715
-3.49695
-3.49675
-3.49685
-3.49696
-3.49707
-3.49689
-3.49671
-3.49654
-3.49653
-3.49667
-3.49651
-3.49651
-3.49652
-3.49653
-3.49655
-3.49627
-3.49615
-3.49633
-3.49622
-3.49627
-3.49632
-3.49592
-3.49598
-3.49604
-3.49611
-3.49618
-3.49595
-3.49588
-3.49595
-3.49649
-3.49687
-3.49681
-3.49689
-3.49667
-3.49615
-3.49609
-3.49602
-3.49595
-3.49603
-3.49641
-3.49588
-3.49595
-3.49587
-3.49578
-3.4963
-3.49635
-3.4964
-3.4963
-3.49665
-3.49669
-3.49672
-3.4969
-3.49693
-3.49725
-3.49742
-3.49713
-3.49698
-3.49668
-3.49653
-3.49652
-3.49697
-3.49695
-3.49694
-3.49692
-3.4972
-3.49732
-3.49729
-3.49741
-3.49768
-3.49735
-3.49716
-3.49713
-3.49709
-3.49705
-3.49656
-3.49622
-3.49604
-3.49615
-3.49596
-3.49578
-3.49575
-3.49571
-3.49598
-3.49596
-3.49608
-3.49605
-3.49603
-3.49601
-3.49614
-3.49628
-3.49626
-3.49595
-3.49624
-3.49624
-3.49623
-3.49638
-3.49668
-3.49669
-3.497
-3.49716
-3.49701
-3.49733
-3.49719
-3.49721
-3.49708
-3.49679
-3.49666
-3.49654
-3.49656
-3.49659
-3.49646
-3.49649
-3.49652
-3.49669
-3.49703
-3.49675
-3.49678
-3.49666
-3.49699
-3.49656
-3.49644
-3.49647
-3.4968
-3.49682
-3.49685
-3.49702
-3.49719
-3.49737
-3.49739
-3.4974
-3.49727
-3.49698
-3.49714
-3.49731
-3.49732
-3.49763
-3.49763
-3.49764
-3.49764
-3.49749
-3.49794
-3.49794
-3.49794
-3.49808
-3.49808
-3.49822
-3.49836
-3.49835
-3.49834
-3.49832
-3.49831
-3.49829
-3.49797
-3.49795
-3.49823
-3.49852
-3.4985
-3.49787
-3.498
-3.49813
-3.49796
-3.49763
-3.49761
-3.49759
-3.49756
-3.49754
-3.49767
-3.49794
-3.49792
-3.49774
-3.49802
-3.4983
-3.49828
-3.49856
-3.49854
-3.49882
-3.4988
-3.49863
-3.49906
-3.49904
-3.49902
-3.49915
-3.49898
-3.49881
-3.49864
-3.49862
-3.49815
-3.49799
-3.49812
-3.49795
-3.49809
-3.49822
-3.49821
-3.4985
-3.49848
-3.49862
-3.49861
-3.49859
-3.49858
-3.49842
-3.4984
-3.49854
-3.49853
-3.49837
-3.49836
-3.4985
-3.49849
-3.49818
-3.49817
-3.49846
-3.49876
-3.49875
-3.49874
-3.49844
-3.49843
-3.49828
-3.49812
-3.49782
-3.49782
-3.49751
-3.49736
-3.49751
-3.49767
-3.49722
-3.49752
-3.49768
-3.49769
-3.49799
-3.49815
-3.49816
-3.49832
-3.49833
-3.49849
-3.4982
-3.49791
-3.49778
-3.49764
-3.4972
-3.49722
-3.49723
-3.49755
-3.49742
-3.49759
-3.49791
-3.49793
-3.4978
-3.49751
-3.49753
-3.4977
-3.49772
-3.49789
-3.49805
-3.49822
-3.49794
-3.49795
-3.49797
-3.49798
-3.49784
-3.49801
-3.49802
-3.49803
-3.49789
-3.49805
-3.49821
-3.49821
-3.49807
-3.49777
-3.49762
-3.49748
-3.49748
-3.49717
-3.49732
-3.49747
-3.49762
-3.49762
-3.49761
-3.49775
-3.4976
-3.49774
-3.49758
-3.49741
-3.4974
-3.49754
-3.49753
-3.49766
-3.49735
-3.49718
-3.49716
-3.49669
-3.49652
-3.49666
-3.49664
-3.49662
-3.49675
-3.49673
-3.49656
-3.49639
-3.49637
-3.4965
-3.49633
-3.49646
-3.49644
-3.49658
-3.49656
-3.49654
-3.49622
-3.4962
-3.49633
-3.49617
-3.496
-3.49644
-3.49642
-3.49641
-3.49639
-3.49623
-3.49622
-3.49621
-3.4962
-3.49618
-3.49617
-3.49586
-3.49555
-3.4957
-3.49569
-3.49508
-3.49553
-3.49552
-3.49552
-3.49551
-3.49566
-3.49566
-3.4958
-3.4958
-3.4955
-3.49535
-3.49535
-3.49565
-3.4958
-3.49565
-3.49565
-3.4955
-3.49535
-3.49551
-3.49536
-3.49552
-3.49567
-3.49553
-3.49599
-3.49614
-3.49645
-3.49661
-3.49646
-3.49662
-3.49693
-3.49724
-3.49725
-3.4974
-3.49756
-3.49757
-3.49773
-3.49759
-3.4976
-3.49775
-3.49806
-3.49792
-3.49808
-3.49824
-3.49839
-3.4984
-3.49841
-3.49811
-3.49827
-3.49827
-3.49873
-3.49858
-3.49859
-3.49859
-3.49859
-3.49844
-3.49844
-3.49814
-3.49769
-3.49768
-3.49738
-3.49738
-3.49737
-3.49752
-3.49781
-3.49766
-3.4975
-3.49749
-3.49763
-3.49702
-3.49685
-3.49654
-3.49653
-3.49651
-3.49605
-3.49588
-3.49617
-3.49615
-3.49659
-3.49642
-3.49641
-3.49669
-3.49668
-3.49666
-3.49664
-3.49647
-3.49645
-3.49643
-3.49627
-3.4961
-3.49578
-3.49561
-3.49544
-3.49557
-3.4951
-3.49509
-3.49492
-3.49491
-3.4949
-3.49473
-3.49517
-3.49471
-3.49455
-3.49424
-3.49438
-3.49422
-3.49437
-3.49437
-3.49451
-3.49466
-3.49466
-3.49512
-3.49527
-3.49543
-3.49589
-3.49544
-3.49545
-3.49531
-3.49577
-3.49578
-3.49595
-3.49627
-3.49659
-3.4966
-3.49662
-3.49649
-3.49651
-3.49654
-3.49626
-3.49643
-3.49646
-3.49663
-3.49666
-3.49638
-3.49641
-3.49628
-3.49676
-3.49679
-3.49652
-3.49669
-3.49642
-3.49644
-3.49677
-3.4971
-3.49712
-3.49699
-3.49716
-3.49718
-3.49735
-3.49736
-3.49738
-3.49754
-3.49785
-3.49817
-3.49833
-3.49818
-3.49803
-3.49758
-3.49758
-3.49758
-3.49773
-3.49787
-3.49802
-3.49816
-3.4983
-3.49829
-3.49827
-3.49826
-3.49809
-3.49823
-3.49806
-3.49804
-3.49788
-3.49816
-3.49829
-3.49858
-3.49871
-3.499
-3.49899
-3.49867
-3.49866
-3.49865
-3.49864
-3.49878
-3.49848
-3.49878
-3.49848
-3.49803
-3.49803
-3.49759
-3.4973
-3.49731
-3.49748
-3.4975
-3.49752
-3.4977
-3.49772
-3.49791
-3.49809
-3.49843
-3.49816
-3.49805
-3.49824
-3.49798
-3.49817
-3.49837
-3.49826
-3.4986
-3.49865
-3.49869
-3.49843
-3.49863
-3.49882
-3.49886
-3.49905
-3.49909
-3.49913
-3.49916
-3.49904
-3.49923
-3.49911
-3.49913
-3.49901
-3.49858
-3.4986
-3.49846
-3.49878
-3.49895
-3.49926
-3.49927
-3.49912
-3.49943
-3.49943
-3.49943
-3.49943
-3.49943
-3.49942
-3.49896
-3.49896
-3.4994
-3.49924
-3.49922
-3.49951
-3.4995
-3.49963
-3.49946
-3.49975
-3.49958
-3.4994
-3.49938
-3.49951
-3.49934
-3.49962
-3.49975
-3.49972
-3.49985
-3.49998
-3.50025
-3.49992
-3.4999
-3.50002
-3.4997
-3.49952
-3.49949
-3.49947
-3.49914
-3.49927
-3.49939
-3.49952
-3.4995
-3.50023
-3.50021
-3.50049
-3.50062
-3.50045
-3.50088
-3.50117
-3.50146
-3.50159
-3.50188
-3.50187
-3.50171
-3.5017
-3.50139
-3.50153
-3.50167
-3.50137
-3.50121
-3.50121
-3.50106
-3.50137
-3.50107
-3.50078
-3.50078
-3.5011
-3.50096
-3.50067
-3.50068
-3.50055
-3.50056
-3.50028
-3.50045
-3.50078
-3.5008
-3.50098
-3.501
-3.50148
-3.50121
-3.50139
-3.50142
-3.50145
-3.50148
-3.50136
-3.50124
-3.50112
-3.501
-3.50149
-3.50152
-3.50155
-3.50173
-3.50116
-3.50104
-3.50092
-3.50125
-3.50143
-3.50131
-3.50133
-3.50136
-3.50138
-3.50155
-3.50127
-3.50129
-3.50101
-3.50087
-3.50074
-3.50075
-3.50107
-3.50047
-3.50018
-3.50004
-3.50019
-3.50035
-3.50005
-3.49989
-3.49989
-3.49959
-3.49958
-3.49973
-3.49987
-3.49971
-3.4997
-3.49968
-3.49951
-3.49935
-3.49918
-3.49931
-3.49943
-3.49926
-3.49893
-3.49951
-3.49948
-3.49976
-3.49973
-3.49954
-3.49981
-3.49978
-3.49974
-3.49955
-3.49951
-3.49962
-3.49943
-3.49939
-3.49949
-3.49915
-3.4988
-3.49876
-3.49856
-3.49866
-3.49876
-3.49871
-3.49866
-3.49877
-3.49871
-3.49881
-3.49891
-3.49886
-3.49896
-3.4989
-3.49885
-3.49879
-3.49874
-3.49884
-3.49848
-3.49828
-3.49792
-3.49787
-3.49766
-3.49761
-3.49786
-3.4975
-3.49715
-3.4971
-3.4972
-3.49685
-3.4968
-3.49645
-3.49626
-3.49636
-3.49647
-3.49658
-3.49684
-3.49695
-3.49691
-3.49687
-3.49654
-3.4965
-3.49647
-3.49644
-3.49656
-3.49653
-3.49621
-3.49588
-3.49586
-3.49599
-3.49613
-3.49642
-3.49625
-3.49594
-3.49548
-3.49578
-3.49608
-3.49593
-3.49593
-3.49624
-3.49624
-3.49595
-3.49596
-3.49582
-3.49538
-3.4951
-3.49512
-3.49529
-3.49547
-3.49564
-3.49597
-3.4957
-3.49588
-3.49591
-3.49595
-3.49584
-3.49557
-3.49561
-3.49611
-3.49645
-3.49665
-3.49715
-3.4972
-3.49724
-3.49714
-3.49719
-3.49709
-3.49729
-3.4975
-3.4977
-3.49775
-3.49766
-3.49756
-3.49792
-3.49767
-3.49803
-3.49839
-3.49844
-3.49834
-3.49855
-3.49845
-3.4982
-3.49841
-3.49846
-3.49866
-3.49871
-3.49891
-3.49881
-3.49886
-3.49875
-3.4988
-3.49899
-3.49904
-3.49908
-3.49927
-3.49946
-3.49919
-3.49907
-3.49865
-3.49838
-3.49841
-3.49828
-3.49846
-3.49818
-3.4982
-3.49822
-3.49838
-3.4987
-3.49871
-3.49857
-3.49858
-3.49874
-3.49874
-3.49874
-3.49874
-3.49889
-3.49904
-3.49933
-3.49933
-3.49947
-3.49916
-3.49914
-3.49898
-3.49911
-3.49879
-3.49893
-3.49906
-3.49889
-3.49901
-3.49899
-3.49942
-3.49924
-3.49922
-3.49889
-3.49886
-3.49884
-3.49926
-3.49939
-3.49936
-3.49903
-3.49885
-3.49852
-3.49835
-3.49802
-3.49829
-3.49796
-3.49809
-3.49791
-3.49804
-3.49802
-3.49769
-3.49767
-3.49765
-3.49718
-3.49716
-3.49715
-3.49698
-3.49712
-3.49741
-3.49739
-3.49723
-3.49707
-3.49722
-3.49706
-3.49706
-3.49736
-3.49721
-3.49736
-3.49752
-3.49752
-3.49722
-3.49708
-3.49694
-3.4971
-3.49711
-3.49697
-3.49714
-3.49716
-3.49717
-3.4975
-3.49706
-3.49723
-3.49726
-3.49743
-3.49775
-3.49793
-3.49765
-3.49783
-3.498
-3.49833
-3.49821
-3.49838
-3.49841
-3.49873
-3.49876
-3.49878
-3.49895
-3.49882
-3.49899
-3.49916
-3.49933
-3.4992
-3.49891
-3.49907
-3.49878
-3.49879
-3.49864
-3.49895
-3.4991
-3.49895
-3.49879
-3.49863
-3.49847
-3.49861
-3.49874
-3.49812
-3.49825
-3.49837
-3.49789
-3.49785
-3.49812
-3.49808
-3.49819
-3.49814
-3.49824
-3.49804
-3.49753
-3.49732
-3.49726
-3.49734
-3.49712
-3.4969
-3.49668
-3.4966
-3.49638
-3.49645
-3.49622
-3.49644
-3.49636
-3.49627
-3.49619
-3.49611
-3.49572
-3.49534
-3.4951
-3.49502
-3.49494
-3.49471
-3.49464
-3.49487
-3.49495
-3.49488
-3.49481
-3.4946
-3.4944
-3.49419
-3.49414
-3.49455
-3.49437
-3.49434
-3.49416
-3.49399
-3.49367
-3.49382
-3.49382
-3.49397
-3.49399
-3.49385
-3.49373
-3.49376
-3.4938
-3.494
-3.49405
-3.49427
-3.49433
-3.49425
-3.49418
-3.49441
-3.4948
-3.49505
-3.49484
-3.49494
-3.4949
-3.495
-3.49496
-3.49508
-3.49519
-3.49546
-3.49558
-3.4957
-3.49627
-3.49594
-3.49621
-3.49663
-3.49674
-3.49686
-3.49727
-3.49724
-3.49704
-3.4973
-3.49741
-3.49766
-3.49776
-3.49786
-3.4978
-3.49789
-3.49828
-3.49837
-3.49875
-3.49883
-3.4989
-3.49913
-3.49935
-3.49972
-3.49963
-3.50014
-3.4999
-3.49981
-3.49986
-3.49976
-3.49981
-3.49986
-3.4996
-3.49964
-3.49969
-3.50003
-3.50022
-3.49995
-3.49969
-3.49987
-3.50005
-3.49993
-3.49966
-3.50029
-3.50017
-3.5002
-3.50022
-3.50025
-3.50042
-3.50014
-3.50016
-3.50003
-3.49989
-3.49976
-3.49962
-3.49964
-3.49965
-3.49981
-3.49982
-3.49998
-3.49984
-3.49985
-3.49985
-3.4997
-3.49955
-3.49925
-3.49925
-3.49925
-3.49909
-3.49954
-3.49938
-3.49922
-3.49905
-3.49904
-3.49948
-3.49931
-3.4993
-3.49928
-3.49956
-3.49953
-3.49951
-3.49933
-3.49945
-3.49957
-3.49984
-3.49965
-3.49992
-3.49988
-3.50015
-3.50011
-3.49977
-3.49987
-3.49983
-3.49963
-3.49958
-3.49969
-3.49964
-3.49959
-3.49984
-3.49993
-3.50018
-3.50013
-3.50052
-3.50047
-3.50041
-3.50065
-3.50059
-3.50038
-3.50032
-3.49996
-3.4999
-3.49983
-3.49977
-3.49971
-3.49949
-3.49913
-3.49906
-3.49915
-3.49878
-3.49841
-3.49835
-3.49783
-3.49761
-3.49769
-3.49762
-3.49756
-3.49704
-3.49697
-3.49675
-3.49683
-3.49676
-3.49684
-3.49647
-3.49655
-3.49648
-3.49641
-3.49649
-3.49612
-3.4959
-3.49582
-3.49575
-3.49553
-3.49516
-3.49523
-3.49486
-3.49494
-3.49471
-3.49464
-3.49472
-3.49465
-3.49442
-3.49435
-3.49458
-3.49406
-3.49399
-3.49391
-3.49384
-3.49362
-3.4937
-3.49379
-3.49387
-3.49395
-3.49404
-3.49382
-3.49375
-3.49339
-3.49347
-3.49326
-3.49335
-3.49329
-3.49323
-3.49287
-3.49282
-3.49246
-3.49272
-3.49282
-3.49247
-3.49227
-3.49223
-3.49219
-3.49245
-3.49257
-3.49238
-3.4922
-3.49202
-3.492
-3.49197
-3.4921
-3.49224
-3.49222
-3.49206
-3.49206
-3.49205
-3.4922
-3.4922
-3.49266
-3.49297
-3.49268
-3.49315
-3.49287
-3.49289
-3.49307
-3.4928
-3.49238
-3.49241
-3.4926
-3.4928
-3.49284
-3.49289
-3.49295
-3.493
-3.49321
-3.49327
-3.49318
-3.49294
-3.49271
-3.49308
-3.4933
-3.49352
-3.49345
-3.49337
-3.49344
-3.49367
-3.49375
-3.49397
-3.49375
-3.49383
-3.49375
-3.49398
-3.49405
-3.49398
-3.4936
-3.49382
-3.49404
-3.49426
-3.49448
-3.49455
-3.49476
-3.49513
-3.49534
-3.49525
-3.49561
-3.49567
-3.49557
-3.49563
-3.49568
-3.49573
-3.49578
-3.49583
-3.49558
-3.49578
-3.49552
-3.49557
-3.49561
-3.49566
-3.49601
-3.49636
-3.49656
-3.49645
-3.4965
-3.49685
-3.49675
-3.4971
-3.49715
-3.4969
-3.49711
-3.49746
-3.49767
-3.49818
-3.49793
-3.49814
-3.49851
-3.49826
-3.49833
-3.49839
-3.49845
-3.49882
-3.49889
-3.49895
-3.49887
-3.49879
-3.49885
-3.49892
-3.49884
-3.4986
-3.49897
-3.49889
-3.4991
-3.49932
-3.49923
-3.49944
-3.49949
-3.49955
-3.50006
-3.50011
-3.5
-3.5002
-3.50024
-3.50073
-3.50137
-3.50155
-3.50127
-3.50114
-3.501
-3.50071
-3.50056
-3.50102
-3.50086
-3.501
-3.50083
-3.50036
-3.50048
-3.50105
-3.50102
-3.50097
-3.50077
-3.50087
-3.50096
-3.50074
-3.50052
-3.50029
-3.50021
-3.50012
-3.50018
-3.50024
-3.50044
-3.50004
-3.49993
-3.49967
-3.49956
-3.4996
-3.49933
-3.49936
-3.49909
-3.49897
-3.4987
-3.49842
-3.4986
-3.49833
-3.49806
-3.49795
-3.49783
-3.49832
-3.49821
-3.49826
-3.49831
-3.49822
-3.49828
-3.49849
-3.49857
-3.4985
-3.49843
-3.49822
-3.49833
-3.49798
-3.49795
-3.49793
-3.49806
-3.49805
-3.4979
-3.49852
-3.49854
-3.49856
-3.49921
-3.4988
-3.499
-3.49906
-3.49897
-3.49904
-3.49912
-3.49891
-3.49915
-3.4997
-3.49964
-3.49974
-3.4997
-3.49981
-3.49976
-3.49987
-3.49968
-3.5001
-3.50021
-3.50047
-3.50058
-3.50084
-3.50064
-3.50074
-3.50069
-3.50064
-3.50103
-3.50127
-3.5009
-3.50114
-3.50136
-3.50128
-3.50135
-3.50156
-3.50162
-3.50152
-3.50142
-3.50176
-3.5018
-3.50168
-3.50171
-3.50203
-3.50204
-3.50205
-3.50221
-3.50205
-3.50174
-3.50173
-3.50172
-3.50154
-3.50212
-3.50209
-3.50205
-3.50201
-3.50181
-3.50176
-3.50186
-3.50195
-3.50219
-3.50212
-3.50205
-3.50198
-3.50205
-3.50197
-3.50189
-3.50195
-3.50186
-3.50178
-3.50169
-3.50205
-3.5018
-3.50141
-3.50131
-3.50152
-3.50142
-3.50132
-3.50092
-3.50083
-3.50058
-3.50049
-3.50039
-3.50045
-3.50036
-3.50012
-3.50003
-3.49979
-3.49955
-3.49962
-3.49954
-3.49961
-3.49953
-3.4996
-3.49968
-3.49946
-3.4994
-3.49933
-3.49927
-3.49936
-3.49946
-3.49971
-3.49936
-3.49947
-3.49943
-3.49939
-3.49936
-3.49993
-3.50005
-3.50003
-3.50001
-3.50015
-3.50029
-3.50043
-3.50103
-3.50103
-3.50103
-3.50104
-3.50105
-3.50106
-3.50123
-3.5014
-3.50158
-3.50161
-3.50164
-3.50137
-3.50141
-3.50146
-3.50165
-3.50155
-3.50145
-3.50135
-3.50141
-3.50147
-3.50108
-3.50114
-3.50121
-3.50127
-3.50134
-3.50142
-3.50164
-3.50141
-3.50149
-3.50141
-3.50179
-3.50172
-3.50195
-3.50188
-3.50226
-3.50233
-3.50241
-3.50249
-3.50241
-3.50234
-3.50226
-3.50249
-3.50226
-3.50263
-3.50254
-3.50276
-3.50298
-3.50289
-3.5031
-3.5027
-3.50306
-3.50326
-3.50346
-3.50351
-3.5034
-3.50344
-3.50363
-3.50366
-3.50369
-3.50372
-3.50405
-3.50392
-3.50349
-3.5035
-3.50336
-3.50322
-3.50353
-3.50384
-3.50384
-3.50398
-3.50398
-3.50382
-3.50366
-3.5041
-3.50408
-3.50421
-3.50404
-3.50402
-3.50444
-3.50396
-3.50393
-3.5039
-3.50402
-3.50414
-3.50395
-3.50376
-3.50372
-3.50368
-3.50364
-3.50344
-3.50355
-3.50351
-3.50346
-3.50341
-3.50337
-3.50302
-3.50312
-3.50338
-3.50303
-3.50298
-3.50309
-3.50334
-3.50269
-3.50294
-3.50289
-3.50269
-3.50264
-3.50229
-3.50224
-3.50234
-3.50214
-3.50209
-3.50219
-3.50229
-3.50209
-3.50173
-3.50168
-3.50147
-3.50127
-3.50121
-3.50131
-3.5008
-3.50074
-3.50069
-3.50078
-3.50072
-3.50051
-3.5
-3.49994
-3.49959
-3.49938
-3.49917
-3.49926
-3.49921
-3.4993
-3.49925
-3.49905
-3.49915
-3.49925
-3.49936
-3.49916
-3.49867
-3.49863
-3.49859
-3.49901
-3.49914
-3.49926
-3.49909
-3.49877
-3.49876
-3.4986
-3.4986
-3.49815
-3.49786
-3.49802
-3.49774
-3.49791
-3.49764
-3.49768
-3.49787
-3.49777
-3.49797
-3.49758
-3.49749
-3.49787
-3.49824
-3.49863
-3.49856
-3.49866
-3.4986
-3.49855
-3.49851
-3.49862
-3.49858
-3.49855
-3.49867
-3.49849
-3.49846
-3.49874
-3.49887
-3.49885
-3.49913
-3.49942
-3.49955
-3.49938
-3.49952
-3.49965
-3.49994
-3.50007
-3.4999
-3.50033
-3.5006
-3.50088
-3.5013
-3.50158
-3.50169
-3.50181
-3.50192
-3.50218
-3.50228
-3.50223
-3.50248
-3.50258
-3.50267
-3.50291
-3.50299
-3.50307
-3.50314
-3.50291
-3.50283
-3.50244
-3.5022
-3.50225
-3.50215
-3.50204
-3.50193
-3.50197
-3.50216
-3.50218
-3.50221
-3.50223
-3.5027
-3.50256
-3.50242
-3.50257
-3.50257
-3.50242
-3.50211
-3.50195
-3.50193
-3.50206
-3.50174
-3.50156
-3.50154
-3.5012
-3.50117
-3.50129
-3.50095
-3.50091
-3.50026
-3.50037
-3.50047
-3.50043
-3.50083
-3.50109
-3.50104
-3.50114
-3.50109
-3.50104
-3.50129
-3.50123
-3.50118
-3.50113
-3.50078
-3.50073
-3.50038
-3.50048
-3.50028
-3.50038
-3.50018
-3.50014
-3.5001
-3.50036
-3.50032
-3.50028
-3.50009
-3.50005
-3.49986
-3.49967
-3.49964
-3.49946
-3.49973
-3.4997
-3.49952
-3.49965
-3.49962
-3.49929
-3.49927
-3.4994
-3.49953
-3.4995
-3.49979
-3.49946
-3.49944
-3.49957
-3.49955
-3.49968
-3.49966
-3.4998
-3.49962
-3.4996
-3.49943
-3.49895
-3.49908
-3.49921
-3.49903
-3.49945
-3.49943
-3.4994
-3.49937
-3.49933
-3.49915
-3.49911
-3.49907
-3.49903
-3.49929
-3.49925
-3.4989
-3.49931
-3.49926
-3.49936
-3.49946
-3.4994
-3.49919
-3.49913
-3.49922
-3.49916
-3.49925
-3.49888
-3.49881
-3.49859
-3.49822
-3.49815
-3.49793
-3.498
-3.49748
-3.49725
-3.49687
-3.49694
-3.49626
-3.49633
-3.49625
-3.49617
-3.49593
-3.49585
-3.49577
-3.49539
-3.495
-3.49462
-3.49469
-3.49506
-3.49483
-3.4946
-3.49437
-3.49429
-3.49376
-3.49384
-3.49406
-3.49384
-3.49392
-3.494
-3.49378
-3.49386
-3.4938
-3.49358
-3.49367
-3.49361
-3.49355
-3.49395
-3.49359
-3.49369
-3.49409
-3.49374
-3.49385
-3.49381
-3.49407
-3.49418
-3.49414
-3.49426
-3.49438
-3.4945
-3.49462
-3.49444
-3.49457
-3.4947
-3.49498
-3.49511
-3.4951
-3.49508
-3.49538
-3.49552
-3.49506
-3.49475
-3.49475
-3.4946
-3.49476
-3.49476
-3.49507
-3.49447
-3.49434
-3.4942
-3.49422
-3.49438
-3.4944
-3.49458
-3.49475
-3.49493
-3.49541
-3.49545
-3.49593
-3.49582
-3.49571
-3.49575
-3.49564
-3.49568
-3.49573
-3.49563
-3.49568
-3.49558
-3.49578
-3.49614
-3.49605
-3.49611
-3.49618
-3.49624
-3.49661
-3.49668
-3.4966
-3.49697
-3.49704
-3.49726
-3.49734
-3.49711
-3.49719
-3.49727
-3.49735
-3.49773
-3.4978
-3.49803
-3.49796
-3.49804
-3.49797
-3.49805
-3.49797
-3.49775
-3.49767
-3.49775
-3.49782
-3.49774
-3.49781
-3.49788
-3.4981
-3.49817
-3.49823
-3.4983
-3.49866
-3.49887
-3.49908
-3.49913
-3.49933
-3.49938
-3.49958
-3.49963
-3.49952
-3.49971
-3.50006
-3.49994
-3.49998
-3.50016
-3.50019
-3.50022
-3.50025
-3.50027
-3.49999
-3.49971
-3.50019
-3.50021
-3.49992
-3.49964
-3.4995
-3.49982
-3.49983
-3.50015
-3.50016
-3.50002
-3.50034
-3.50035
-3.50021
-3.50022
-3.49977
-3.49978
-3.49964
-3.4995
-3.49952
-3.49938
-3.49924
-3.4997
-3.49957
-3.49928
-3.49929
-3.49931
-3.49933
-3.49889
-3.49876
-3.49863
-3.49865
-3.49867
-3.49885
-3.49917
-3.49859
-3.49862
-3.4991
-3.49883
-3.49855
-3.49873
-3.49906
-3.49894
-3.49882
-3.49885
-3.49918
-3.4989
-3.49908
-3.49881
-3.49898
-3.49901
-3.49903
-3.49936
-3.49968
-3.5
-3.50002
-3.50033
-3.50035
-3.50051
-3.50021
-3.50007
-3.50007
-3.50022
-3.49961
-3.4993
-3.49914
-3.49852
-3.49835
-3.49818
-3.49831
-3.49843
-3.49825
-3.49806
-3.49788
-3.49783
-3.49779
-3.49789
-3.49784
-3.49779
-3.49758
-3.49722
-3.49715
-3.49694
-3.49717
-3.49695
-3.49688
-3.49696
-3.49688
-3.49665
-3.49627
-3.49619
-3.49626
-3.49618
-3.4964
-3.49631
-3.49623
-3.49629
-3.49606
-3.49597
-3.49574
-3.49535
-3.49497
-3.49488
-3.4951
-3.49502
-3.49525
-3.49517
-3.49524
-3.49502
-3.49494
-3.49472
-3.49465
-3.49444
-3.49437
-3.49401
-3.4941
-3.49435
-3.49399
-3.49394
-3.49389
-3.49415
-3.49441
-3.49453
-3.49449
-3.49446
-3.49443
-3.49501
-3.495
-3.49498
-3.49481
-3.49465
-3.49404
-3.49419
-3.4945
-3.49465
-3.4942
-3.49406
-3.49423
-3.49379
-3.49366
-3.49322
-3.4931
-3.49312
-3.49314
-3.49332
-3.49335
-3.49354
-3.49357
-3.4936
-3.49393
-3.49381
-3.494
-3.49373
-3.49376
-3.49364
-3.49397
-3.4943
-3.49433
-3.49391
-3.49408
-3.49411
-3.49398
-3.49416
-3.49403
-3.49375
-3.49377
-3.49348
-3.4935
-3.49351
-3.49337
-3.49369
-3.4937
-3.49295
-3.49281
-3.49297
-3.49313
-3.49344
-3.49345
-3.49345
-3.49361
-3.49361
-3.49377
-3.49378
-3.49363
-3.49364
-3.49319
-3.49335
-3.49336
-3.49337
-3.49339
-3.49325
-3.49311
-3.49298
-3.493
-3.49302
-3.49319
-3.49261
-3.49264
-3.49267
-3.49256
-3.49259
-3.49278
-3.49313
-3.49317
-3.49307
-3.49327
-3.49363
-3.49354
-3.4933
-3.49321
-3.49343
-3.4935
-3.49343
-3.4932
-3.49344
-3.49352
-3.49376
-3.49384
-3.49394
-3.49418
-3.49457
-3.49467
-3.49492
-3.49502
-3.49511
-3.49521
-3.49531
-3.49571
-3.49596
-3.49621
-3.49645
-3.4967
-3.49679
-3.49703
-3.49727
-3.49766
-3.4979
-3.49783
-3.49776
-3.49768
-3.4979
-3.49767
-3.49728
-3.49719
-3.49725
-3.4973
-3.4972
-3.49709
-3.49683
-3.49687
-3.49675
-3.49708
-3.4971
-3.49742
-3.49729
-3.4973
-3.49701
-3.49732
-3.49747
-3.49747
-3.49776
-3.49745
-3.49789
-3.49803
-3.49771
-3.49753
-3.49781
-3.49824
-3.49805
-3.49787
-3.49798
-3.4981
-3.49805
-3.49786
-3.49811
-3.49791
-3.49801
-3.49781
-3.49821
-3.4983
-3.49824
-3.49833
-3.49842
-3.49835
-3.49798
-3.49791
-3.49769
-3.49762
-3.4977
-3.49762
-3.49739
-3.49746
-3.49753
-3.4973
-3.49737
-3.49728
-3.49735
-3.49726
-3.49748
-3.49739
-3.4973
-3.49721
-3.49713
-3.49689
-3.4968
-3.49686
-3.49678
-3.49669
-3.49675
-3.49682
-3.49689
-3.49696
-3.49718
-3.49725
-3.49702
-3.4971
-3.49733
-3.49726
-3.49689
-3.49652
-3.49646
-3.4964
-3.4968
-3.49674
-3.497
-3.49695
-3.49675
-3.49671
-3.49653
-3.4965
-3.49616
-3.49614
-3.49642
-3.49655
-3.49639
-3.49592
-3.49622
-3.49592
-3.49577
-3.49592
-3.49578
-3.49548
-3.49565
-3.49567
-3.49523
-3.49526
-3.49528
-3.49546
-3.49564
-3.49567
-3.49541
-3.49529
-3.49548
-3.49537
-3.49526
-3.4953
-3.4955
-3.49554
-3.49558
-3.49562
-3.49552
-3.49556
-3.4956
-3.49549
-3.49538
-3.49572
-3.49561
-3.49565
-3.49599
-3.49617
-3.49666
-3.49669
-3.49672
-3.49705
-3.49707
-3.49694
-3.49696
-3.49698
-3.49685
-3.49686
-3.49702
-3.49688
-3.49673
-3.49673
-3.49628
-3.49597
-3.49582
-3.49581
-3.4964
-3.49639
-3.49653
-3.49621
-3.49619
-3.49647
-3.49645
-3.49673
-3.49686
-3.49653
-3.49635
-3.49677
-3.49689
-3.49686
-3.49698
-3.49695
-3.49737
-3.49718
-3.49685
-3.49666
-3.49648
-3.49644
-3.49671
-3.49682
-3.49679
-3.4966
-3.49687
-3.49699
-3.49681
-3.49677
-3.49689
-3.49686
-3.49668
-3.49665
-3.49677
-3.49659
-3.49656
-3.49653
-3.49665
-3.49617
-3.49644
-3.49657
-3.49654
-3.49652
-3.49664
-3.49662
-3.49644
-3.49642
-3.49655
-3.49637
-3.4965
-3.49648
-3.49661
-3.49658
-3.49686
-3.49715
-3.49682
-3.4968
-3.49679
-3.49677
-3.49675
-3.49673
-3.49687
-3.497
-3.49699
-3.49653
-3.49652
-3.49635
-3.49635
-3.49634
-3.49603
-3.49649
-3.49634
-3.49634
-3.49649
-3.49665
-3.49636
-3.49638
-3.4967
-3.49687
-3.4972
-3.49707
-3.49696
-3.49699
-3.49688
-3.49693
-3.49683
-3.49658
-3.49694
-3.497
-3.49692
-3.49699
-3.49721
-3.49714
-3.49738
-3.49747
-3.49726
-3.49735
-3.4973
-3.4974
-3.49751
-3.49731
-3.49727
-3.49754
-3.49765
-3.49762
-3.49773
-3.49785
-3.49781
-3.49793
-3.49835
-3.49892
-3.49888
-3.49914
-3.49925
-3.49951
-3.49991
-3.50016
-3.50011
-3.5002
-3.50028
-3.50037
-3.50044
-3.50051
-3.50043
-3.50049
-3.5007
-3.50075
-3.50094
-3.50143
-3.50101
-3.50089
-3.50076
-3.50063
-3.50079
-3.50065
-3.50081
-3.50096
-3.50065
-3.50034
-3.50002
-3.50001
-3.49999
-3.49996
-3.50009
-3.49961
-3.49958
-3.49985
-3.49906
-3.49902
-3.49929
-3.49895
-3.49876
-3.49857
-3.49839
-3.49865
-3.49876
-3.49873
-3.49839
-3.49835
-3.49847
-3.49859
-3.49856
-3.49853
-3.49819
-3.49832
-3.49829
-3.49827
-3.49779
-3.49777
-3.4976
-3.49743
-3.49742
-3.4974
-3.49694
-3.49663
-3.49692
-3.49676
-3.49691
-3.49675
-3.49645
-3.4963
-3.49614
-3.49614
-3.49569
-3.49569
-3.49555
-3.4957
-3.4957
-3.49586
-3.49556
-3.49572
-3.49542
-3.49542
-3.49543
-3.49528
-3.49528
-3.49513
-3.49513
-3.49528
-3.49513
-3.49513
-3.49557
-3.49542
-3.49526
-3.49541
-3.49525
-3.49524
-3.49553
-3.49552
-3.49535
-3.49548
-3.49547
-3.49575
-3.49603
-3.49601
-3.49583
-3.49581
-3.49563
-3.49591
-3.49573
-3.4954
-3.49552
-3.49549
-3.49545
-3.49542
-3.49554
-3.49535
-3.49516
-3.49543
-3.4954
-3.49566
-3.49578
-3.49589
-3.4957
-3.49551
-3.49533
-3.49544
-3.49555
-3.49552
-3.49533
-3.49499
-3.49495
-3.49507
-3.49503
-3.49455
-3.49421
-3.49448
-3.49445
-3.49441
-3.49438
-3.49375
-3.49372
-3.49354
-3.49336
-3.49319
-3.49316
-3.49314
-3.49357
-3.49354
-3.49337
-3.4938
-3.49378
-3.49406
-3.49389
-3.49403
-3.49401
-3.49384
-3.49383
-3.49396
-3.4941
-3.49393
-3.49407
-3.49421
-3.49435
-3.49419
-3.49388
-3.49402
-3.49386
-3.49385
-3.49369
-3.49368
-3.49368
-3.49352
-3.49336
-3.4935
-3.49364
-3.49318
-3.49318
-3.49317
-3.49331
-3.49345
-3.49329
-3.49313
-3.49312
-3.49281
-3.49295
-3.49309
-3.49308
-3.49277
-3.49291
-3.49274
-3.49273
-3.49286
-3.49285
-3.49313
-3.49327
-3.49325
-3.49323
-3.49337
-3.49365
-3.49393
-3.49422
-3.49405
-3.49372
-3.4937
-3.49383
-3.49411
-3.49394
-3.49362
-3.4939
-3.49373
-3.49371
-3.49339
-3.49352
-3.4935
-3.49333
-3.49331
-3.4933
-3.49359
-3.49372
-3.49371
-3.4937
-3.49369
-3.49399
-3.49398
-3.49398
-3.49428
-3.49413
-3.49399
-3.49399
-3.49385
-3.49386
-3.49402
-3.49404
-3.49375
-3.49392
-3.49395
-3.49367
-3.49385
-3.49373
-3.49376
-3.49395
-3.49384
-3.49327
-3.49317
-3.49321
-3.49326
-3.49331
-3.49352
-3.49372
-3.49408
-3.49429
-3.4942
-3.49426
-3.49402
-3.49424
-3.49431
-3.49437
-3.49444
-3.49421
-3.49443
-3.49465
-3.49442
-3.49404
-3.49396
-3.49403
-3.4944
-3.49477
-3.49484
-3.49506
-3.49497
-3.49504
-3.4951
-3.49531
-3.49522
-3.49528
-3.49518
-3.49523
-3.49543
-3.49563
-3.49583
-3.49572
-3.49576
-3.49594
-3.49628
-3.49616
-3.49618
-3.49651
-3.49668
-3.49669
-3.49685
-3.49716
-3.49701
-3.49686
-3.49671
-3.49685
-3.49653
-3.49652
-3.49649
-3.49677
-3.49674
-3.49656
-3.49607
-3.49588
-3.49553
-3.49518
-3.49512
-3.49522
-3.49546
-3.49555
-3.49533
-3.49525
-3.49548
-3.4951
-3.49502
-3.49493
-3.4953
-3.4952
-3.49526
-3.49501
-3.49491
-3.49481
-3.4947
-3.49445
-3.49464
-3.49453
-3.49442
-3.4943
-3.49419
-3.49407
-3.49425
-3.49414
-3.49387
-3.4936
-3.49348
-3.49336
-3.49309
-3.49252
-3.49211
-3.49199
-3.49188
-3.49177
-3.49166
-3.49186
-3.49191
-3.49166
-3.49156
-3.49147
-3.49139
-3.49146
-3.49108
-3.491
-3.49094
-3.49058
-3.49022
-3.49002
-3.48998
-3.48979
-3.48991
-3.49004
-3.48987
-3.49016
-3.49001
-3.49016
-3.49002
-3.49004
-3.48991
-3.48995
-3.49029
-3.49048
-3.49023
-3.49013
-3.48989
-3.49011
-3.49003
-3.49026
-3.49018
-3.49042
-3.49051
-3.49075
-3.49084
-3.49093
-3.49118
-3.49128
-3.49153
-3.49148
-3.49188
-3.49213
-3.49207
-3.49202
-3.49212
-3.49252
-3.49246
-3.49255
-3.49264
-3.49273
-3.49312
-3.49305
-3.49313
-3.49291
-3.49299
-3.49306
-3.49313
-3.49319
-3.49311
-3.49317
-3.49323
-3.49299
-3.49304
-3.49294
-3.49345
-3.4935
-3.49354
-3.49374
-3.49424
-3.49443
-3.49462
-3.49451
-3.49455
-3.49459
-3.49493
-3.49482
-3.4947
-3.49489
-3.49478
-3.49466
-3.49485
-3.49489
-3.49492
-3.49526
-3.4953
-3.49534
-3.49568
-3.49572
-3.4953
-3.49534
-3.49539
-3.49543
-3.49562
-3.49582
-3.49571
-3.49606
-3.49655
-3.4966
-3.49695
-3.49684
-3.49689
-3.49694
-3.49684
-3.49704
-3.49724
-3.49713
-3.49749
-3.49754
-3.49713
-3.49718
-3.49708
-3.49698
-3.49717
-3.49722
-3.49742
-3.49746
-3.49751
-3.4977
-3.4979
-3.49763
-3.49767
-3.49771
-3.4976
-3.49779
-3.49767
-3.49755
-3.49758
-3.49761
-3.49764
-3.49766
-3.49768
-3.4977
-3.49772
-3.49789
-3.49805
-3.49777
-3.49778
-3.49794
-3.49809
-3.49795
-3.4978
-3.4978
-3.49765
-3.4978
-3.49809
-3.49854
-3.49853
-3.49867
-3.49881
-3.4988
-3.49863
-3.49861
-3.49859
-3.49857
-3.4987
-3.49868
-3.4985
-3.49893
-3.49905
-3.49887
-3.49899
-3.49911
-3.49893
-3.49904
-3.49931
-3.49927
-3.49923
-3.49934
-3.49975
-3.49971
-3.49966
-3.49962
-3.49972
-3.49982
-3.49992
-3.49971
-3.49935
-3.49929
-3.49953
-3.49917
-3.49911
-3.49904
-3.49897
-3.4989
-3.49897
-3.49889
-3.49881
-3.49858
-3.4982
-3.49811
-3.49787
-3.49778
-3.49799
-3.4982
-3.49795
-3.49755
-3.4973
-3.4972
-3.4974
-3.49729
-3.49734
-3.49723
-3.49713
-3.49702
-3.49706
-3.49666
-3.4964
-3.4963
-3.49634
-3.49579
-3.49553
-3.49543
-3.49549
-3.49554
-3.49545
-3.49566
-3.49542
-3.49534
-3.49541
-3.49503
-3.49511
-3.49489
-3.49543
-3.49552
-3.49547
-3.49542
-3.49522
-3.49534
-3.49516
-3.49513
-3.49481
-3.4948
-3.49494
-3.49464
-3.49449
-3.49465
-3.49482
-3.495
-3.49503
-3.49492
-3.49496
-3.49501
-3.49522
-3.49559
-3.49566
-3.49528
-3.49521
-3.49545
-3.49584
-3.49579
-3.49574
-3.49584
-3.4958
-3.49562
-3.49619
-3.49631
-3.49643
-3.49671
-3.49699
-3.49712
-3.49755
-3.49754
-3.49767
-3.49796
-3.49809
-3.49823
-3.49851
-3.49865
-3.49909
-3.49907
-3.49935
-3.49934
-3.49962
-3.49959
-3.49987
-3.49999
-3.50027
-3.50023
-3.50035
-3.50046
-3.50042
-3.50068
-3.50078
-3.50073
-3.50082
-3.50091
-3.501
-3.50154
-3.50146
-3.50139
-3.50131
-3.50122
-3.50113
-3.50149
-3.50169
-3.50159
-3.50133
-3.50122
-3.5011
-3.50158
-3.5016
-3.50147
-3.50133
-3.50104
-3.50119
-3.50104
-3.50073
-3.50102
-3.50116
-3.50099
-3.50127
-3.50139
-3.5012
-3.50086
-3.50097
-3.50107
-3.50087
-3.50066
-3.5006
-3.50084
-3.50062
-3.50009
-3.49986
-3.49963
-3.4994
-3.49916
-3.49892
-3.49868
-3.49843
-3.49864
-3.49839
-3.49829
-3.49849
-3.49808
-3.49767
-3.49757
-3.49761
-3.4975
-3.49739
-3.49728
-3.49702
-3.49706
-3.49695
-3.49684
-3.49658
-3.49617
-3.49621
-3.49625
-3.49585
-3.49574
-3.49564
-3.49554
-3.49559
-3.49549
-3.4957
-3.49576
-3.49551
-3.49558
-3.49534
-3.49526
-3.49533
-3.49525
-3.49548
-3.49541
-3.49534
-3.49558
-3.49551
-3.49561
-3.4957
-3.49565
-3.49561
-3.49496
-3.49507
-3.49488
-3.4947
-3.49467
-3.49464
-3.49493
-3.49431
-3.49429
-3.49398
-3.49413
-3.49428
-3.49428
-3.49414
-3.49385
-3.49372
-3.49389
-3.49376
-3.49334
-3.49337
-3.49326
-3.49376
-3.49365
-3.494
-3.49421
-3.49442
-3.49493
-3.49515
-3.49506
-3.49498
-3.49506
-3.49543
-3.49536
-3.49574
-3.49613
-3.49636
-3.49645
-3.49653
-3.49647
-3.49655
-3.49679
-3.49703
-3.49697
-3.4969
-3.49714
-3.49752
-3.4976
-3.49768
-3.49791
-3.49814
-3.49806
-3.49813
-3.49819
-3.4981
-3.49831
-3.49867
-3.49872
-3.49862
-3.49881
-3.49885
-3.49843
-3.49846
-3.49863
-3.49865
-3.49882
-3.49898
-3.49899
-3.49899
-3.49899
-3.49869
-3.49853
-3.49867
-3.49866
-3.49834
-3.49832
-3.49829
-3.49842
-3.49869
-3.49882
-3.49878
-3.4992
-3.49917
-3.49929
-3.49925
-3.49937
-3.50009
-3.49991
-3.50017
-3.50029
-3.50011
-3.49993
-3.4999
-3.49987
-3.49985
-3.49982
-3.4998
-3.49993
-3.50007
-3.50006
-3.49959
-3.49958
-3.49973
-3.50018
-3.49988
-3.50003
-3.50019
-3.5002
-3.50021
-3.50022
-3.50023
-3.5004
-3.50072
-3.50074
-3.5006
-3.50062
-3.50049
-3.50051
-3.50068
-3.5007
-3.50088
-3.50104
-3.50091
-3.50077
-3.50079
-3.50095
-3.50111
-3.50112
-3.50112
-3.50112
-3.50127
-3.50126
-3.5011
-3.50094
-3.50092
-3.50075
-3.50072
-3.50039
-3.50035
-3.50001
-3.49997
-3.49977
-3.49957
-3.49922
-3.49931
-3.49925
-3.49919
-3.49912
-3.4992
-3.49897
-3.4989
-3.49897
-3.49844
-3.49851
-3.49857
-3.49849
-3.49855
-3.49861
-3.49868
-3.49874
-3.49895
-3.49916
-3.49877
-3.49868
-3.49874
-3.4985
-3.49811
-3.49803
-3.49794
-3.49786
-3.49763
-3.49725
-3.49733
-3.49741
-3.49719
-3.49727
-3.49721
-3.49715
-3.4971
-3.49705
-3.497
-3.49665
-3.49646
-3.49643
-3.49625
-3.49668
-3.49651
-3.49619
-3.49618
-3.49618
-3.49678
-3.49618
-3.49604
-3.49621
-3.49578
-3.49565
-3.49568
-3.49572
-3.49561
-3.49611
-3.49616
-3.49637
-3.49658
-3.4968
-3.49687
-3.49694
-3.49672
-3.49665
-3.49674
-3.49683
-3.49693
-3.49733
-3.49743
-3.49723
-3.49734
-3.49745
-3.4974
-3.49706
-3.49763
-3.49775
-3.49771
-3.49798
-3.4981
-3.49837
-3.49878
-3.49875
-3.49902
-3.49898
-3.49909
-3.49936
-3.49917
-3.49927
-3.49938
-3.49933
-3.49943
-3.50014
-3.50008
-3.50002
-3.49996
-3.50005
-3.50013
-3.50021
-3.50043
-3.50036
-3.50057
-3.50049
-3.501
-3.50105
-3.5011
-3.5013
-3.50135
-3.50123
-3.50157
-3.50175
-3.50163
-3.50195
-3.50182
-3.50198
-3.50199
-3.502
-3.50231
-3.50215
-3.502
-3.50214
-3.50228
-3.50256
-3.50284
-3.50267
-3.50249
-3.50246
-3.50242
-3.50239
-3.50235
-3.50245
-3.50226
-3.50221
-3.50185
-3.50165
-3.50159
-3.50153
-3.50177
-3.50155
-3.50149
-3.50172
-3.5021
-3.50218
-3.50226
-3.50218
-3.5021
-3.50202
-3.50194
-3.50156
-3.50118
-3.50124
-3.50101
-3.50093
-3.50114
-3.50106
-3.50067
-3.50014
-3.50021
-3.50043
-3.50049
-3.50026
-3.50003
-3.50025
-3.50018
-3.50025
-3.50063
-3.50056
-3.50033
-3.49996
-3.4999
-3.49998
-3.50007
-3.50001
-3.50011
-3.50051
-3.50046
-3.50041
-3.50006
-3.49972
-3.49983
-3.5001
-3.49992
-3.49975
-3.49988
-3.49986
-3.49984
-3.49999
-3.49998
-3.49983
-3.49938
-3.49938
-3.49955
-3.49926
-3.49928
-3.4993
-3.49963
-3.49966
-3.49955
-3.49959
-3.49963
-3.49952
-3.49957
-3.49963
-3.49968
-3.49974
-3.49951
-3.49942
-3.49949
-3.49956
-3.49963
-3.49986
-3.50024
-3.50017
-3.50055
-3.50064
-3.50072
-3.50081
-3.50089
-3.50068
-3.50077
-3.50116
-3.5014
-3.50148
-3.50127
-3.50121
-3.50099
-3.50123
-3.50116
-3.50125
-3.50118
-3.50111
-3.50089
-3.50096
-3.50089
-3.50096
-3.50119
-3.50126
-3.50133
-3.50139
-3.5013
-3.50121
-3.50127
-3.50102
-3.50138
-3.50127
-3.50162
-3.50137
-3.5011
-3.50144
-3.50148
-3.50166
-3.50214
-3.50217
-3.50219
-3.50206
-3.50253
-3.50224
-3.5024
-3.50226
-3.50212
-3.50197
-3.50151
-3.50151
-3.5015
-3.50149
-3.50133
-3.50131
-3.50114
-3.50112
-3.50125
-3.50092
-3.50089
-3.50086
-3.50083
-3.50064
-3.5006
-3.50026
-3.50021
-3.50002
-3.49982
-3.49961
-3.49941
-3.49936
-3.49945
-3.49955
-3.50024
-3.49988
-3.49951
-3.49945
-3.49953
-3.49931
-3.49924
-3.49902
-3.49909
-3.49917
-3.49894
-3.49887
-3.49864
-3.49856
-3.49848
-3.49809
-3.49786
-3.49793
-3.498
-3.49791
-3.49813
-3.49805
-3.49796
-3.49788
-3.49764
-3.49786
-3.49762
-3.49753
-3.4976
-3.49782
-3.49773
-3.4975
-3.49711
-3.49733
-3.49725
-3.49747
-3.49709
-3.49701
-3.49663
-3.49641
-3.49618
-3.4958
-3.49573
-3.49536
-3.49514
-3.49552
-3.49531
-3.4957
-3.49563
-3.49542
-3.49551
-3.49546
-3.4954
-3.49549
-3.49574
-3.49554
-3.49534
-3.49529
-3.4954
-3.49506
-3.49486
-3.49482
-3.49479
-3.49475
-3.49441
-3.49453
-3.4945
-3.49432
-3.49445
-3.49427
-3.4944
-3.49438
-3.49436
-3.4945
-3.49448
-3.49447
-3.49461
-3.49446
-3.4943
-3.49445
-3.49445
-3.494
-3.49416
-3.49447
-3.49448
-3.49464
-3.49451
-3.49452
-3.4947
-3.49472
-3.49505
-3.49508
-3.49496
-3.495
-3.49519
-3.49523
-3.49542
-3.49547
-3.49552
-3.49572
-3.49578
-3.49569
-3.4956
-3.49581
-3.49603
-3.49595
-3.49557
-3.49549
-3.49541
-3.49579
-3.49572
-3.49581
-3.49604
-3.49612
-3.49621
-3.49615
-3.49623
-3.49647
-3.49671
-3.4968
-3.49658
-3.49667
-3.49675
-3.49684
-3.49662
-3.49671
-3.49709
-3.49717
-3.4974
-3.49748
-3.4977
-3.49777
-3.49784
-3.49806
-3.49827
-3.49848
-3.49854
-3.49845
-3.4985
-3.49839
-3.49799
-3.49818
-3.49822
-3.4981
-3.49813
-3.49801
-3.49804
-3.49806
-3.49793
-3.49809
-3.49811
-3.49827
-3.49813
-3.49798
-3.49798
-3.49829
-3.49844
-3.49844
-3.49858
-3.49843
-3.49827
-3.49872
-3.49871
-3.499
-3.49884
-3.49898
-3.49882
-3.49881
-3.4991
-3.49924
-3.49938
-3.49937
-3.49921
-3.4992
-3.4995
-3.49934
-3.49949
-3.50009
-3.49994
-3.50024
-3.50024
-3.50024
-3.5004
-3.5004
-3.50026
-3.50012
-3.50028
-3.5006
-3.50077
-3.50094
-3.5008
-3.50098
-3.501
-3.50118
-3.5009
-3.50093
-3.50096
-3.50084
-3.50087
-3.50105
-3.50063
-3.50021
-3.5001
-3.49968
-3.49971
-3.49975
-3.49948
-3.50011
-3.50014
-3.50047
-3.50065
-3.50113
-3.50115
-3.50132
-3.50134
-3.5012
-3.50121
-3.50152
-3.50138
-3.50138
-3.50168
-3.50107
-3.50107
-3.50105
-3.50104
-3.50102
-3.50055
-3.50007
-3.5002
-3.50002
-3.50029
-3.5001
-3.50052
-3.50034
-3.5003
-3.50056
-3.50037
-3.50034
-3.5003
-3.50056
-3.50038
-3.50004
-3.50001
-3.50013
-3.5001
-3.50007
-3.50005
-3.50003
-3.50001
-3.4997
-3.49969
-3.49908
-3.49893
-3.49909
-3.49909
-3.49881
-3.49898
-3.499
-3.49887
-3.49891
-3.49894
-3.49883
-3.49903
-3.49908
-3.49928
-3.49994
-3.50015
-3.50021
-3.50028
-3.50034
-3.50041
-3.50048
-3.50056
-3.50063
-3.5007
-3.50062
-3.50069
-3.50091
-3.50053
-3.5003
-3.50051
-3.50058
-3.50048
-3.50009
-3.50044
-3.5008
-3.50069
-3.50088
-3.50107
-3.5011
-3.50083
-3.50085
-3.50117
-3.50118
-3.50149
-3.50134
-3.50164
-3.50193
-3.50161
-3.50174
-3.50202
-3.50214
-3.5021
-3.50191
-3.50186
-3.5018
-3.50189
-3.50183
-3.50176
-3.50139
-3.50131
-3.50138
-3.5016
-3.50151
-3.50112
-3.50117
-3.50107
-3.50127
-3.50117
-3.50106
-3.5011
-3.50084
-3.50057
-3.50075
-3.50064
-3.50006
-3.50024
-3.49982
-3.4997
-3.49942
-3.4993
-3.49932
-3.49935
-3.49922
-3.4991
-3.49913
-3.4987
-3.49858
-3.49861
-3.4985
-3.49853
-3.49872
-3.49876
-3.4985
-3.49855
-3.4986
-3.49774
-3.4975
-3.49755
-3.49762
-3.49753
-3.49715
-3.49693
-3.49686
-3.4968
-3.49659
-3.49638
-3.49649
-3.4966
-3.49672
-3.49684
-3.49637
-3.49636
-3.49605
-3.4962
-3.49621
-3.49622
-3.49625
-3.49613
-3.49632
-3.49621
-3.49611
-3.49587
-3.49639
-3.49632
-3.4964
-3.49649
-3.49658
-3.49669
-3.49664
-3.49661
-3.49673
-3.497
-3.49683
-3.49711
-3.49695
-3.49679
-3.49724
-3.49754
-3.49814
-3.49815
-3.49815
-3.49846
-3.49846
-3.49892
-3.49908
-3.49939
-3.4994
-3.50001
-3.50016
-3.50061
-3.50076
-3.50091
-3.5009
-3.50104
-3.50133
-3.50146
-3.50204
-3.50232
-3.50243
-3.50255
-3.5025
-3.50246
-3.50255
-3.50264
-3.50318
-3.50326
-3.50334
-3.50341
-3.50347
-3.50353
-3.50388
-3.50378
-3.50367
-3.5034
-3.50328
-3.5033
-3.50317
-3.50288
-3.50274
-3.50289
-3.50289
-3.50289
-3.50288
-3.50286
-3.50239
-3.50237
-3.5022
-3.50247
-3.50259
-3.50226
-3.50222
-3.50218
-3.50214
-3.50224
-3.5025
-3.50245
-3.50285
-3.5025
-3.50229
-3.50224
-3.50203
-3.50182
-3.50177
-3.50156
-3.50165
-3.50204
-3.50183
-3.50132
-3.50127
-3.50121
-3.5013
-3.50109
-3.50104
-3.50129
-3.50108
-3.50103
-3.50067
-3.50062
-3.50027
-3.50007
-3.50033
-3.50028
-3.50039
-3.5005
-3.50061
-3.50027
-3.50038
-3.50049
-3.50046
-3.50043
-3.50039
-3.50006
-3.50003
-3.5
-3.49982
-3.49965
-3.49962
-3.49944
-3.49927
-3.4991
-3.49907
-3.49875
-3.49827
-3.49855
-3.49853
-3.49866
-3.49864
-3.49846
-3.49844
-3.49842
-3.49854
-3.49837
-3.49834
-3.49832
-3.49814
-3.49796
-3.49778
-3.49789
-3.49786
-3.49783
-3.49749
-3.4973
-3.49742
-3.49783
-3.49824
-3.49835
-3.49831
-3.49826
-3.49821
-3.49832
-3.49781
-3.49761
-3.49771
-3.49781
-3.49775
-3.49815
-3.49779
-3.49772
-3.49766
-3.49745
-3.49754
-3.49762
-3.49756
-3.49734
-3.49742
-3.49735
-3.49728
-3.49721
-3.49713
-3.49706
-3.49699
-3.49691
-3.49683
-3.49676
-3.49638
-3.49615
-3.49592
-3.49584
-3.49576
-3.49583
-3.49544
-3.49506
-3.49497
-3.49489
-3.49481
-3.49457
-3.49449
-3.49425
-3.49417
-3.49393
-3.4943
-3.49392
-3.49384
-3.49375
-3.49382
-3.49359
-3.49381
-3.49389
-3.49411
-3.49388
-3.49381
-3.49389
-3.49337
-3.49345
-3.49353
-3.49377
-3.49371
-3.49381
-3.4936
-3.49415
-3.49411
-3.49406
-3.49417
-3.49398
-3.49365
-3.49362
-3.49359
-3.49388
-3.49401
-3.49385
-3.49354
-3.4937
-3.4937
-3.49356
-3.49357
-3.49344
-3.49332
-3.49335
-3.49354
-3.49373
-3.49378
-3.49399
-3.49405
-3.49366
-3.49343
-3.4935
-3.49343
-3.49382
-3.49421
-3.49461
-3.49471
-3.49481
-3.49522
-3.49533
-3.49544
-3.49571
-3.49553
-3.4958
-3.49608
-3.4962
-3.49618
-3.4957
-3.49538
-3.49551
-3.49549
-3.49547
-3.49575
-3.49572
-3.4957
-3.49567
-3.4958
-3.49607
-3.49634
-3.4963
-3.49657
-3.49683
-3.49708
-3.49688
-3.49698
-3.49753
-3.49747
-3.49786
-3.4981
-3.49817
-3.49825
-3.49817
-3.49808
-3.49785
-3.49821
-3.49826
-3.49861
-3.49836
-3.4981
-3.49829
-3.49817
-3.49775
-3.49778
-3.49796
-3.49738
-3.4977
-3.49787
-3.49773
-3.4976
-3.4973
-3.49716
-3.49702
-3.49702
-3.49703
-3.49703
-3.49673
-3.49703
-3.49718
-3.49718
-3.49703
-3.49718
-3.49764
-3.49718
-3.49733
-3.49733
-3.49733
-3.49733
-3.49749
-3.49764
-3.49765
-3.4972
-3.49735
-3.49706
-3.49707
-3.49738
-3.49739
-3.49725
-3.49712
-3.49713
-3.49685
-3.49687
-3.49704
-3.49707
-3.4971
-3.49712
-3.49731
-3.49749
-3.49722
-3.49711
-3.49715
-3.49749
-3.49738
-3.49743
-3.49732
-3.49722
-3.49712
-3.49747
-3.49753
-3.49758
-3.49749
-3.4974
-3.49746
-3.49737
-3.49743
-3.49734
-3.4974
-3.49747
-3.49723
-3.49745
-3.49736
-3.49728
-3.49734
-3.49726
-3.49747
-3.49754
-3.4976
-3.49751
-3.49742
-3.49748
-3.49738
-3.49728
-3.49719
-3.49724
-3.49729
-3.49718
-3.49707
-3.49696
-3.497
-3.49703
-3.49691
-3.49679
-3.49666
-3.49653
-3.49685
-3.49701
-3.49687
-3.49733
-3.49703
-3.49703
-3.49748
-3.49747
-3.49746
-3.49729
-3.49743
-3.49725
-3.49707
-3.49735
-3.49747
-3.49788
-3.49785
-3.4978
-3.49791
-3.49771
-3.49751
-3.49746
-3.49756
-3.4975
-3.49744
-3.49753
-3.49792
-3.49816
-3.49809
-3.49802
-3.49825
-3.49833
-3.49811
-3.49788
-3.49826
-3.49864
-3.49871
-3.49863
-3.4984
-3.49862
-3.49869
-3.49861
-3.49883
-3.49874
-3.49851
-3.49858
-3.49849
-3.49841
-3.49817
-3.49824
-3.498
-3.49822
-3.49784
-3.49775
-3.49767
-3.49773
-3.49735
-3.49726
-3.49673
-3.4968
-3.49686
-3.49693
-3.4967
-3.49662
-3.49639
-3.4963
-3.49653
-3.49675
-3.49682
-3.49674
-3.49682
-3.49704
-3.49697
-3.49689
-3.49682
-3.49659
-3.49667
-3.49675
-3.49653
-3.49645
-3.49639
-3.49647
-3.49655
-3.49634
-3.49612
-3.49606
-3.4957
-3.49534
-3.49513
-3.49493
-3.49488
-3.49467
-3.49463
-3.49488
-3.49499
-3.4948
-3.49491
-3.49488
-3.49455
-3.49437
-3.49434
-3.49402
-3.49415
-3.49428
-3.49442
-3.49456
-3.49425
-3.4944
-3.49395
-3.49365
-3.49381
-3.49382
-3.49398
-3.49385
-3.49386
-3.49403
-3.49421
-3.49423
-3.49441
-3.49459
-3.49477
-3.49481
-3.49499
-3.49488
-3.49491
-3.49495
-3.49468
-3.49457
-3.49461
-3.4948
-3.49514
-3.49533
-3.49567
-3.49586
-3.49604
-3.49593
-3.49641
-3.49645
-3.49663
-3.49651
-3.49653
-3.49686
-3.49689
-3.49706
-3.49648
-3.49695
-3.49667
-3.49653
-3.49655
-3.49671
-3.49688
-3.49674
-3.49674
-3.49705
-3.49676
-3.49662
-3.49662
-3.49678
-3.49693
-3.49693
-3.49709
-3.49724
-3.49724
-3.4971
-3.4968
-3.49695
-3.49681
-3.49666
-3.49682
-3.49698
-3.49698
-3.49684
-3.49685
-3.49702
-3.49703
-3.49674
-3.49661
-3.49633
-3.49665
-3.49652
-3.49655
-3.49703
-3.49721
-3.49739
-3.49788
-3.49822
-3.49871
-3.49889
-3.49893
-3.49882
-3.49871
-3.49876
-3.4988
-3.49885
-3.49904
-3.49909
-3.49914
-3.49919
-3.49909
-3.49898
-3.49918
-3.49908
-3.49928
-3.49918
-3.49908
-3.49912
-3.49902
-3.49906
-3.49926
-3.4993
-3.49919
-3.49923
-3.49927
-3.49916
-3.49905
-3.49908
-3.49896
-3.49884
-3.49917
-3.4992
-3.49908
-3.4991
-3.49912
-3.49899
-3.49916
-3.49918
-3.49934
-3.49936
-3.49922
-3.49923
-3.49924
-3.49909
-3.4994
-3.49956
-3.49941
-3.49956
-3.49956
-3.49941
-3.49925
-3.49925
-3.49894
-3.49923
-3.49877
-3.49891
-3.4986
-3.49858
-3.49842
-3.4981
-3.49809
-3.49792
-3.49805
-3.49803
-3.49801
-3.49783
-3.49751
-3.49733
-3.49716
-3.49728
-3.49741
-3.49783
-3.49781
-3.49778
-3.4979
-3.49772
-3.49724
-3.49736
-3.49719
-3.49701
-3.49728
-3.4971
-3.49693
-3.49691
-3.49673
-3.49641
-3.49639
-3.49652
-3.49651
-3.49634
-3.49633
-3.49678
-3.49677
-3.49707
-3.49693
-3.49708
-3.49709
-3.49695
-3.49667
-3.49684
-3.49686
-3.49674
-3.49693
-3.49696
-3.49701
-3.49751
-3.49756
-3.49806
-3.49812
-3.49849
-3.4987
-3.49877
-3.49915
-3.49937
-3.4993
-3.49938
-3.49977
-3.49985
-3.50009
-3.50002
-3.50041
-3.5008
-3.50134
-3.50112
-3.5009
-3.50144
-3.50152
-3.50175
-3.50167
-3.5016
-3.50197
-3.50233
-3.50239
-3.5023
-3.50205
-3.5024
-3.50229
-3.50233
-3.50221
-3.50254
-3.50241
-3.50243
-3.50244
-3.50275
-3.50275
-3.5029
-3.50274
-3.50273
-3.50272
-3.5027
-3.50268
-3.5025
-3.50262
-3.50274
-3.50286
-3.50267
-3.50248
-3.50274
-3.5027
-3.50311
-3.50306
-3.50301
-3.50297
-3.50307
-3.50287
-3.50297
-3.50308
-3.50333
-3.50298
-3.50263
-3.50243
-3.50254
-3.50249
-3.5023
-3.50271
-3.50236
-3.50247
-3.50213
-3.50209
-3.5022
-3.50201
-3.50183
-3.50179
-3.50175
-3.50172
-3.50184
-3.50196
-3.50178
-3.50175
-3.50157
-3.50184
-3.50166
-3.50164
-3.50116
-3.50128
-3.50111
-3.50109
-3.50091
-3.50104
-3.50041
-3.5007
-3.50052
-3.50065
-3.50048
-3.50031
-3.50029
-3.50012
-3.5001
-3.50008
-3.50006
-3.49989
-3.50002
-3.50015
-3.49999
-3.49982
-3.4998
-3.49978
-3.49962
-3.4996
-3.49958
-3.49911
-3.49895
-3.49908
-3.49892
-3.4986
-3.49859
-3.49842
-3.49795
-3.49809
-3.49838
-3.49822
-3.49821
-3.4982
-3.49849
-3.49833
-3.49817
-3.49831
-3.49831
-3.4986
-3.4989
-3.49859
-3.49874
-3.49888
-3.49918
-3.49903
-3.49888
-3.49888
-3.49903
-3.49888
-3.49888
-3.49918
-3.49919
-3.49904
-3.49905
-3.4989
-3.49921
-3.49922
-3.49953
-3.49939
-3.49955
-3.49941
-3.49927
-3.49928
-3.49945
-3.49976
-3.49948
-3.49964
-3.50011
-3.50012
-3.50014
-3.50015
-3.50017
-3.50033
-3.5002
-3.50006
-3.50023
-3.50024
-3.50041
-3.50072
-3.50058
-3.50044
-3.50045
-3.50062
-3.50078
-3.50109
-3.50109
-3.5011
-3.50111
-3.50141
-3.50081
-3.50051
-3.50082
-3.50097
-3.50082
-3.50081
-3.50111
-3.50111
-3.50095
-3.50095
-3.50079
-3.50063
-3.50047
-3.50076
-3.5009
-3.50104
-3.50117
-3.50131
-3.50114
-3.50128
-3.50126
-3.50094
-3.50047
-3.50045
-3.50028
-3.50041
-3.50038
-3.50036
-3.50019
-3.50002
-3.49999
-3.49997
-3.5001
-3.49992
-3.4999
-3.49988
-3.50031
-3.50029
-3.50041
-3.50069
-3.50037
-3.5002
-3.50003
-3.49986
-3.49984
-3.49982
-3.49996
-3.50025
-3.50038
-3.50082
-3.50081
-3.5011
-3.50079
-3.50063
-3.50063
-3.50047
-3.50032
-3.50062
-3.50062
-3.50077
-3.50062
-3.50032
-3.50048
-3.50034
-3.5005
-3.50051
-3.50052
-3.50039
-3.5004
-3.50042
-3.50059
-3.50076
-3.50078
-3.5008
-3.50067
-3.50129
-3.50087
-3.50149
-3.50137
-3.50139
-3.50111
-3.50099
-3.50101
-3.50104
-3.50121
-3.50124
-3.50111
-3.50113
-3.50131
-3.50148
-3.50135
-3.50137
-3.50154
-3.50141
-3.50143
-3.5013
-3.50132
-3.50103
-3.50089
-3.50136
-3.50153
-3.50139
-3.5011
-3.50111
-3.50112
-3.50128
-3.50068
-3.50069
-3.50085
-3.50085
-3.50055
-3.50055
-3.50071
-3.50071
-3.50071
-3.5007
-3.5004
-3.50009
-3.50008
-3.50023
-3.50022
-3.50036
-3.5005
-3.50004
-3.50033
-3.50016
-3.5003
-3.50028
-3.50072
-3.5004
-3.50023
-3.50036
-3.50018
-3.50031
-3.50058
-3.50056
-3.50053
-3.50035
-3.50092
-3.50074
-3.50086
-3.50037
-3.50033
-3.50014
-3.49995
-3.49991
-3.50002
-3.50013
-3.50009
-3.49989
-3.49955
-3.4998
-3.49976
-3.49941
-3.49951
-3.49946
-3.49926
-3.49921
-3.49917
-3.49881
-3.49846
-3.49841
-3.49851
-3.49861
-3.49826
-3.49791
-3.49771
-3.49781
-3.49777
-3.49742
-3.49752
-3.49718
-3.49699
-3.49679
-3.49645
-3.49656
-3.49652
-3.49634
-3.4963
-3.49582
-3.49594
-3.49591
-3.49588
-3.49571
-3.49538
-3.49521
-3.49504
-3.49533
-3.49532
-3.49561
-3.4956
-3.49559
-3.49544
-3.49558
-3.49543
-3.49543
-3.49573
-3.49589
-3.49604
-3.49575
-3.49605
-3.49606
-3.49592
-3.49608
-3.49609
-3.49595
-3.49596
-3.49597
-3.49613
-3.49614
-3.49599
-3.49585
-3.49601
-3.49587
-3.49633
-3.49678
-3.49664
-3.49664
-3.49634
-3.49634
-3.49634
-3.49679
-3.49679
-3.49693
-3.49678
-3.49677
-3.49691
-3.49706
-3.49735
-3.49734
-3.49748
-3.49733
-3.49747
-3.49761
-3.49761
-3.4976
-3.49745
-3.4976
-3.49745
-3.49731
-3.49701
-3.49702
-3.49689
-3.49676
-3.49663
-3.49666
-3.49684
-3.49688
-3.49648
-3.49638
-3.49644
-3.4968
-3.49687
-3.4968
-3.49688
-3.49667
-3.49691
-3.49701
-3.49681
-3.49693
-3.49719
-3.49746
-3.49759
-3.49771
-3.49784
-3.49798
-3.49811
-3.49824
-3.49913
-3.49972
-3.49985
-3.50029
-3.50011
-3.50024
-3.50036
-3.50047
-3.50059
-3.50054
-3.50064
-3.50074
-3.50082
-3.50136
-3.50143
-3.5015
-3.50141
-3.50131
-3.50151
-3.5017
-3.50158
-3.50191
-3.50193
-3.5024
-3.50241
-3.50242
-3.50241
-3.50241
-3.50225
-3.50223
-3.50176
-3.50204
-3.50202
-3.502
-3.50152
-3.50149
-3.50131
-3.50112
-3.50124
-3.50151
-3.50148
-3.50114
-3.50126
-3.50138
-3.5015
-3.50146
-3.50173
-3.50125
-3.50107
-3.50104
-3.50086
-3.50068
-3.5005
-3.50032
-3.50029
-3.50057
-3.50054
-3.50036
-3.50033
-3.50031
-3.50028
-3.5001
-3.50023
-3.50035
-3.50017
-3.5003
-3.50012
-3.50009
-3.50006
-3.50018
-3.5003
-3.50012
-3.50024
-3.50036
-3.50033
-3.5006
-3.50071
-3.50053
-3.50049
-3.50076
-3.50087
-3.50083
-3.50079
-3.50075
-3.50056
-3.50067
-3.50048
-3.50044
-3.50039
-3.50005
-3.4997
-3.49951
-3.49947
-3.49942
-3.49968
-3.49948
-3.49929
-3.49924
-3.49935
-3.49976
-3.49956
-3.49982
-3.49993
-3.49958
-3.49984
-3.49979
-3.4999
-3.50016
-3.49981
-3.50007
-3.49972
-3.50028
-3.50024
-3.50035
-3.5003
-3.49996
-3.49991
-3.49987
-3.49967
-3.49948
-3.49944
-3.49924
-3.4995
-3.4993
-3.49941
-3.49937
-3.49963
-3.49973
-3.49999
-3.4998
-3.4996
-3.49941
-3.49921
-3.49932
-3.49928
-3.49954
-3.49965
-3.49945
-3.49956
-3.49952
-3.49948
-3.49929
-3.4994
-3.49936
-3.49932
-3.49914
-3.49925
-3.49937
-3.49949
-3.49946
-3.49928
-3.49925
-3.49922
-3.49905
-3.49887
-3.49885
-3.49884
-3.49897
-3.49911
-3.49926
-3.4997
-3.4997
-3.4994
-3.49926
-3.49911
-3.49898
-3.49899
-3.49916
-3.49889
-3.49937
-3.49941
-3.49975
-3.49964
-3.49984
-3.49989
-3.49995
-3.49986
-3.50023
-3.5006
-3.50068
-3.50076
-3.50114
-3.50123
-3.50117
-3.50157
-3.50136
-3.50146
-3.50172
-3.50212
-3.50223
-3.50218
-3.50229
-3.50255
-3.50296
-3.50307
-3.50318
-3.50329
-3.50339
-3.50349
-3.50359
-3.50339
-3.50364
-3.50343
-3.50351
-3.50359
-3.50382
-3.5039
-3.50397
-3.50388
-3.50378
-3.50384
-3.50403
-3.50392
-3.50395
-3.50383
-3.50415
-3.50372
-3.50373
-3.50373
-3.50357
-3.50357
-3.50385
-3.50353
-3.5032
-3.50302
-3.50313
-3.50279
-3.50275
-3.50254
-3.50264
-3.50273
-3.50252
-3.50261
-3.50208
-3.50247
-3.50224
-3.50201
-3.50193
-3.5017
-3.50147
-3.50138
-3.501
-3.50091
-3.50067
-3.50043
-3.50019
-3.49996
-3.49972
-3.49948
-3.49955
-3.49946
-3.49938
-3.4993
-3.49922
-3.49884
-3.49877
-3.49854
-3.49862
-3.49871
-3.49834
-3.49843
-3.49837
-3.49817
-3.49842
-3.49822
-3.49863
-3.49859
-3.49855
-3.49822
-3.49819
-3.49802
-3.49815
-3.49783
-3.49752
-3.49751
-3.4975
-3.4975
-3.49751
-3.49752
-3.49738
-3.49739
-3.49741
-3.49728
-3.49761
-3.49764
-3.49752
-3.49786
-3.49805
-3.49794
-3.49768
-3.49802
-3.49792
-3.49796
-3.49831
-3.49852
-3.49857
-3.49832
-3.49852
-3.49842
-3.49863
-3.49899
-3.49904
-3.4991
-3.49946
-3.49936
-3.49927
-3.49948
-3.49954
-3.49944
-3.4995
-3.49986
-3.49977
-3.49968
-3.49989
-3.49995
-3.50002
-3.50008
-3.50015
-3.50051
-3.50028
-3.5002
-3.50012
-3.50034
-3.50026
-3.50019
-3.50011
-3.50049
-3.50072
-3.5008
-3.50104
-3.50112
-3.50121
-3.50129
-3.50123
-3.50147
-3.50171
-3.50165
-3.50174
-3.50169
-3.50223
-3.50248
-3.50272
-3.50266
-3.50291
-3.503
-3.50355
-3.50409
-3.50403
-3.50412
-3.50405
-3.50414
-3.50437
-3.50445
-3.50453
-3.50461
-3.50468
-3.5046
-3.50467
-3.50489
-3.50525
-3.50485
-3.50476
-3.50466
-3.50485
-3.50459
-3.50448
-3.50452
-3.50424
-3.50427
-3.50445
-3.50446
-3.50432
-3.50388
-3.50389
-3.50374
-3.50403
-3.50388
-3.50356
-3.50339
-3.50368
-3.5035
-3.50347
-3.50329
-3.5034
-3.50306
-3.50332
-3.50312
-3.50276
-3.50271
-3.50265
-3.50259
-3.50253
-3.50231
-3.50209
-3.50217
-3.5021
-3.50202
-3.50225
-3.50277
-3.50269
-3.50231
-3.50208
-3.50229
-3.50251
-3.50213
-3.50204
-3.5018
-3.50171
-3.50178
-3.50139
-3.50145
-3.50182
-3.50189
-3.50165
-3.50187
-3.50163
-3.50124
-3.50116
-3.50078
-3.5007
-3.50062
-3.50069
-3.50062
-3.50069
-3.50031
-3.50039
-3.49987
-3.49979
-3.49988
-3.49996
-3.50004
-3.50012
-3.50036
-3.50075
-3.50068
-3.50077
-3.50085
-3.50079
-3.50057
-3.50066
-3.50059
-3.50083
-3.50092
-3.50085
-3.50079
-3.50042
-3.50005
-3.49983
-3.49962
-3.49985
-3.49978
-3.49957
-3.49919
-3.49943
-3.4986
-3.49854
-3.49847
-3.49824
-3.49832
-3.4984
-3.49848
-3.49857
-3.49834
-3.49812
-3.49805
-3.49798
-3.49822
-3.49815
-3.49838
-3.49816
-3.49825
-3.49819
-3.49797
-3.49761
-3.4977
-3.4978
-3.49774
-3.49769
-3.49764
-3.49759
-3.49769
-3.49765
-3.49731
-3.49727
-3.49724
-3.4972
-3.49702
-3.49655
-3.49652
-3.49651
-3.49649
-3.49603
-3.49602
-3.49616
-3.49631
-3.49616
-3.49617
-3.49618
-3.49604
-3.49605
-3.49607
-3.49609
-3.49611
-3.49599
-3.49662
-3.4965
-3.49654
-3.49642
-3.49631
-3.49635
-3.49639
-3.49659
-3.49664
-3.49669
-3.49659
-3.49694
-3.49669
-3.49675
-3.49696
-3.49701
-3.49737
-3.49759
-3.4978
-3.49816
-3.49853
-3.49874
-3.49896
-3.49902
-3.49879
-3.49916
-3.49923
-3.49929
-3.49936
-3.49943
-3.49935
-3.49912
-3.4992
-3.49927
-3.49919
-3.49927
-3.49934
-3.49957
-3.49919
-3.49941
-3.49964
-3.49971
-3.49979
-3.49986
-3.49978
-3.49985
-3.49962
-3.49954
-3.49961
-3.49953
-3.49975
-3.49996
-3.50003
-3.50024
-3.50015
-3.50051
-3.50072
-3.50107
-3.50098
-3.50103
-3.50123
-3.50127
-3.50071
-3.50106
-3.50125
-3.50144
-3.50147
-3.5012
-3.50108
-3.50066
-3.50084
-3.50116
-3.50149
-3.50182
-3.50199
-3.50216
-3.50217
-3.50204
-3.50205
-3.50207
-3.50208
-3.50224
-3.50225
-3.50211
-3.50212
-3.50213
-3.50229
-3.50245
-3.50261
-3.50201
-3.50171
-3.50172
-3.50173
-3.50173
-3.50174
-3.50219
-3.5025
-3.50265
-3.50281
-3.50281
-3.50266
-3.50266
-3.50252
-3.50222
-3.50237
-3.50252
-3.50267
-3.50237
-3.50222
-3.50207
-3.50192
-3.50207
-3.50237
-3.50221
-3.50221
-3.50236
-3.50221
-3.50235
-3.50205
-3.50205
-3.50189
-3.50189
-3.50233
-3.50218
-3.50187
-3.50202
-3.50201
-3.50201
-3.502
-3.50185
-3.50169
-3.50169
-3.50168
-3.50167
-3.50182
-3.50182
-3.50227
-3.50181
-3.50135
-3.5015
-3.50165
-3.5015
-3.5018
-3.50195
-3.50164
-3.5021
-3.50194
-3.50149
-3.50164
-3.50164
-3.50165
-3.50195
-3.50195
-3.50241
-3.50226
-3.50196
-3.50196
-3.50226
-3.50241
-3.50196
-3.50181
-3.50196
-3.50196
-3.50166
-3.50196
-3.50196
-3.50211
-3.5021
-3.50195
-3.50194
-3.50193
-3.50192
-3.50175
-3.50159
-3.50142
-3.50125
-3.50108
-3.50121
-3.50103
-3.50055
-3.50067
-3.50079
-3.50076
-3.50087
-3.50083
-3.50064
-3.50045
-3.50055
-3.5005
-3.50045
-3.5007
-3.50035
-3.49984
-3.49963
-3.49927
-3.49861
-3.49885
-3.49879
-3.49903
-3.49912
-3.4992
-3.49914
-3.49908
-3.49901
-3.49895
-3.49889
-3.49868
-3.49847
-3.49826
-3.49821
-3.49846
-3.49825
-3.49806
-3.49801
-3.49812
-3.49808
-3.49775
-3.49757
-3.49769
-3.49767
-3.4978
-3.49779
-3.49748
-3.49763
-3.49779
-3.49764
-3.49811
-3.49798
-3.49816
-3.49819
-3.49822
-3.49841
-3.49846
-3.49896
-3.49902
-3.49908
-3.49915
-3.49922
-3.49929
-3.49952
-3.49944
-3.49953
-3.49946
-3.4997
-3.50009
-3.50063
-3.50072
-3.50066
-3.50045
-3.50085
-3.50094
-3.50087
-3.50111
-3.50089
-3.50097
-3.50075
-3.50082
-3.50089
-3.50111
-3.50057
-3.50062
-3.50083
-3.50057
-3.50061
-3.50035
-3.50038
-3.50071
-3.50057
-3.50074
-3.50075
-3.50045
-3.50059
-3.50058
-3.50057
-3.50025
-3.50067
-3.50064
-3.5006
-3.50086
-3.50127
-3.50107
-3.50131
-3.5011
-3.50104
-3.50112
-3.50105
-3.50097
-3.50075
-3.50067
-3.50073
-3.5008
-3.50071
-3.50017
-3.50054
-3.5006
-3.50066
-3.50072
-3.50078
-3.50039
-3.50045
-3.50021
-3.50012
-3.50049
-3.5004
-3.50032
-3.50039
-3.50016
-3.49992
-3.4997
-3.49947
-3.4994
-3.49948
-3.49942
-3.4992
-3.49929
-3.49939
-3.49948
-3.49928
-3.49938
-3.49919
-3.4993
-3.49941
-3.49952
-3.49949
-3.49915
-3.49912
-3.4997
-3.49983
-3.4998
-3.49993
-3.50037
-3.50035
-3.50049
-3.50063
-3.50092
-3.50106
-3.50091
-3.5009
-3.50105
-3.50135
-3.50105
-3.5012
-3.50121
-3.50122
-3.50153
-3.50154
-3.50125
-3.50126
-3.50113
-3.5013
-3.50117
-3.5015
-3.50138
-3.50156
-3.50145
-3.50118
-3.50123
-3.50112
-3.50117
-3.50122
-3.50143
-3.50164
-3.5017
-3.50177
-3.5023
-3.50237
-3.5023
-3.50224
-3.50248
-3.50272
-3.50282
-3.50292
-3.50317
-3.50328
-3.50339
-3.50366
-3.50392
-3.50419
-3.50416
-3.50429
-3.50456
-3.50484
-3.50481
-3.50449
-3.50461
-3.50459
-3.50517
-3.50544
-3.50587
-3.50569
-3.50581
-3.50577
-3.50573
-3.50569
-3.50594
-3.50604
-3.50583
-3.50623
-3.50616
-3.50624
-3.50616
-3.50622
-3.50659
-3.50679
-3.50744
-3.50748
-3.50812
-3.50815
-3.50817
-3.50818
-3.50804
-3.50834
-3.50849
-3.50847
-3.50875
-3.50918
-3.5096
-3.50957
-3.50967
-3.50932
-3.50882
-3.50861
-3.50839
-3.50817
-3.5078
-3.50757
-3.50749
-3.5071
-3.50686
-3.50692
-3.50683
-3.50674
-3.50664
-3.50654
-3.50628
-3.50603
-3.50623
-3.50582
-3.50556
-3.50545
-3.50549
-3.50584
-3.50573
-3.50562
-3.50551
-3.50555
-3.50529
-3.50549
-3.50553
-3.50512
-3.50487
-3.50476
-3.50496
-3.50471
-3.50446
-3.50406
-3.50397
-3.50387
-3.50393
-3.50384
-3.50375
-3.50397
-3.50388
-3.5035
-3.50312
-3.50319
-3.50281
-3.50259
-3.50221
-3.50184
-3.50177
-3.50156
-3.50195
-3.50203
-3.50197
-3.50146
-3.50125
-3.50105
-3.50099
-3.50079
-3.50089
-3.50039
-3.50019
-3.49999
-3.5004
-3.50066
-3.50076
-3.50072
-3.50038
-3.50034
-3.50014
-3.49995
-3.49961
-3.49958
-3.49924
-3.4992
-3.49887
-3.49898
-3.4991
-3.49877
-3.49889
-3.49901
-3.49883
-3.49865
-3.49908
-3.4992
-3.49933
-3.49931
-3.49929
-3.49927
-3.49925
-3.49924
-3.49923
-3.49937
-3.49921
-3.4992
-3.4995
-3.4995
-3.4995
-3.4995
-3.49966
-3.49982
-3.49984
-3.49955
-3.49942
-3.49959
-3.49947
-3.49935
-3.49893
-3.49911
-3.4993
-3.49919
-3.49939
-3.49944
-3.49949
-3.49969
-3.4999
-3.50011
-3.50017
-3.50024
-3.50016
-3.50083
-3.5009
-3.50113
-3.50105
-3.50113
-3.50091
-3.50144
-3.50167
-3.50175
-3.50168
-3.50191
-3.502
-3.50163
-3.50186
-3.50194
-3.50217
-3.50225
-3.50248
-3.50256
-3.50234
-3.50226
-3.50234
-3.50241
-3.50249
-3.50256
-3.50263
-3.50254
-3.50261
-3.50268
-3.50244
-3.50235
-3.50242
-3.50248
-3.50254
-3.50275
-3.50296
-3.50332
-3.50353
-3.50374
-3.50379
-3.50385
-3.5036
-3.50381
-3.50386
-3.50392
-3.50398
-3.50403
-3.50424
-3.50429
-3.50435
-3.50471
-3.50491
-3.50527
-3.50548
-3.50554
-3.50544
-3.5058
-3.50585
-3.50605
-3.50641
-3.50676
-3.50696
-3.50701
-3.50705
-3.50695
-3.50684
-3.50703
-3.50707
-3.50725
-3.50713
-3.50701
-3.50704
-3.50721
-3.50784
-3.50771
-3.50757
-3.50774
-3.50775
-3.50775
-3.50776
-3.50761
-3.50716
-3.50715
-3.50715
-3.50684
-3.50683
-3.50697
-3.50711
-3.50725
-3.50709
-3.50707
-3.50691
-3.50705
-3.50718
-3.50717
-3.50715
-3.50729
-3.50713
-3.50726
-3.50725
-3.50739
-3.50693
-3.50692
-3.50691
-3.50675
-3.5066
-3.50659
-3.50629
-3.50613
-3.50613
-3.50658
-3.50643
-3.50643
-3.50719
-3.5072
-3.50735
-3.5072
-3.50736
-3.50706
-3.50661
-3.50646
-3.50677
-3.50662
-3.50693
-3.50678
-3.50633
-3.50648
-3.50633
-3.50634
-3.50649
-3.50664
-3.50694
-3.50694
-3.50693
-3.50723
-3.50738
-3.50753
-3.50707
-3.50721
-3.50721
-3.50735
-3.5075
-3.50734
-3.50733
-3.50748
-3.50762
-3.50746
-3.50745
-3.50729
-3.50699
-3.50698
-3.50727
-3.50712
-3.50726
-3.50756
-3.50786
-3.5077
-3.5077
-3.50754
-3.50754
-3.50753
-3.50708
-3.50693
-3.50693
-3.50723
-3.50738
-3.50692
-3.50692
-3.50692
-3.50692
-3.50661
-3.50676
-3.50676
-3.50691
-3.5069
-3.5069
-3.50734
-3.50733
-3.50687
-3.50701
-3.50654
-3.50683
-3.50651
-3.50634
-3.50632
-3.50629
-3.50626
-3.50654
-3.5062
-3.50617
-3.50643
-3.50624
-3.50665
-3.50675
-3.50685
-3.5065
-3.50644
-3.50623
-3.50602
-3.5055
-3.50544
-3.50552
-3.5053
-3.50492
-3.50469
-3.50461
-3.50469
-3.50475
-3.50467
-3.50459
-3.5045
-3.50441
-3.50432
-3.50439
-3.5043
-3.50406
-3.50412
-3.50418
-3.50424
-3.50401
-3.50407
-3.50353
-3.5033
-3.50337
-3.50344
-3.50337
-3.50314
-3.50292
-3.50285
-3.50279
-3.50273
-3.50237
-3.50231
-3.50272
-3.50253
-3.50219
-3.50215
-3.50167
-3.5021
-3.50194
-3.50177
-3.50132
-3.50132
-3.50148
-3.50149
-3.50136
-3.50154
-3.50142
-3.50131
-3.50105
-3.50126
-3.50117
-3.50138
-3.50161
-3.50153
-3.50131
-3.50185
-3.50195
-3.5019
-3.5023
-3.50271
-3.50297
-3.50293
-3.5029
-3.50271
-3.50313
-3.50311
-3.50338
-3.5035
-3.50393
-3.5042
-3.50432
-3.5046
-3.50456
-3.50453
-3.50434
-3.5043
-3.50471
-3.50466
-3.50461
-3.5047
-3.50479
-3.50473
-3.50465
-3.50473
-3.50495
-3.50501
-3.50506
-3.50496
-3.50471
-3.5049
-3.50478
-3.5048
-3.50467
-3.50454
-3.50439
-3.50485
-3.505
-3.50484
-3.50483
-3.50481
-3.50464
-3.50462
-3.50474
-3.50456
-3.50437
-3.50433
-3.50414
-3.5041
-3.50375
-3.50371
-3.50366
-3.50391
-3.50371
-3.50351
-3.50377
-3.50372
-3.50367
-3.50347
-3.50343
-3.50323
-3.50319
-3.503
-3.50327
-3.50323
-3.5029
-3.50287
-3.50285
-3.50313
-3.50265
-3.50294
-3.50353
-3.50322
-3.50306
-3.50351
-3.50351
-3.50381
-3.50367
-3.50383
-3.50384
-3.50385
-3.50386
-3.50403
-3.50404
-3.50406
-3.50408
-3.5038
-3.50397
-3.50399
-3.50402
-3.50434
-3.50436
-3.50423
-3.50409
-3.50396
-3.50428
-3.50445
-3.50446
-3.50432
-3.50448
-3.50418
-3.50418
-3.50418
-3.50418
-3.50448
-3.50432
-3.50431
-3.50429
-3.50382
-3.50365
-3.50363
-3.50345
-3.50342
-3.50324
-3.5035
-3.50346
-3.50357
-3.50368
-3.50363
-3.50343
-3.50338
-3.50348
-3.50327
-3.50321
-3.503
-3.50279
-3.50288
-3.50281
-3.50275
-3.50253
