2.85
2.85
2.84997
2.84989
2.84975
2.84956
2.84931
2.84901
2.84866
2.84825
2.84778
2.84726
2.84669
2.84606
2.84537
2.84463
2.84383
2.84297
2.84206
2.84109
2.84006
2.83897
2.83781
2.8366
2.83533
2.83399
2.83258
2.83112
2.82958
2.82798
2.82631
2.82457
2.82276
2.82088
2.81892
2.81689
2.81479
2.8126
2.81034
2.80799
2.80557
2.80306
2.80046
2.79778
2.79501
2.79214
2.78919
2.78614
2.78299
2.77974
2.7764
2.77294
2.76938
2.76572
2.76194
2.75805
2.75405
2.74993
2.74569
2.74133
2.73684
2.73222
2.72747
2.72259
2.71757
2.71241
2.70711
2.70167
2.69608
2.69033
2.68444
2.67839
2.67218
2.66581
2.65927
2.65257
2.6457
2.63866
2.63144
2.62405
2.61647
2.60872
2.60078
2.59265
2.58433
2.57583
2.56713
2.55824
2.54916
2.53987
2.53039
2.52071
2.51082
2.50074
2.49045
2.47996
2.46926
2.45837
2.44727
2.43597
2.42447
2.41276
2.40086
2.38876
2.37647
2.36398
2.3513
2.33844
2.32539
2.31217
2.29877
2.2852
2.27146
2.25757
2.24352
2.22932
2.21499
2.20052
2.18592
2.17121
2.15638
2.14146
2.12644
2.11135
2.09618
2.08095
2.06567
2.05036
2.03501
2.01966
2.00429
1.98894
1.97361
1.95831
1.94306
1.92787
1.91275
1.89772
1.88278
1.86796
1.85326
1.8387
1.82429
1.81004
1.79596
1.78207
1.76839
1.75491
1.74165
1.72863
1.71585
1.70332
1.69105
1.67906
1.66734
1.65592
1.64478
1.63395
1.62343
1.61322
1.60333
1.59376
1.58452
1.57561
1.56704
1.5588
1.5509
1.54333
1.53611
1.52922
1.52267
1.51646
1.51059
1.50505
1.49984
1.49496
1.49041
1.48617
1.48226
1.47866
1.47536
1.47237
1.46967
1.46727
1.46515
1.46332
1.46175
1.46046
1.45942
1.45864
1.4581
1.45781
1.45774
1.4579
1.45827
1.45885
1.45964
1.46062
1.46178
1.46312
1.46463
1.46631
1.46814
1.47012
1.47224
1.4745
1.47688
1.47937
1.48198
1.48469
1.4875
1.49039
1.49337
1.49642
1.49954
1.50273
1.50596
1.50925
1.51258
1.51595
1.51934
1.52276
1.5262
1.52966
1.53312
1.53658
1.54005
1.5435
1.54694
1.55037
1.55378
1.55716
1.56051
1.56383
1.56711
1.57035
1.57355
1.5767
1.5798
1.58285
1.58584
1.58878
1.59165
1.59447
1.59722
1.5999
1.60252
1.60507
1.60755
1.60996
1.61229
1.61456
1.61675
1.61887
1.62091
1.62288
1.62478
1.62661
1.62836
1.63004
1.63164
1.63318
1.63465
1.63605
1.63738
1.63864
1.63984
1.64098
1.64206
1.64308
1.64404
1.64495
1.6458
1.6466
1.64736
1.64806
1.64872
1.64934
1.64992
1.65046
1.65097
1.65144
1.65188
1.6523
1.65268
1.65304
1.65338
1.6537
1.654
1.65428
1.65455
1.65481
1.65505
1.65529
1.65552
1.65574
1.65596
1.65617
1.65638
1.65659
1.65679
1.657
1.6572
1.65741
1.65761
1.65781
1.65802
1.65823
1.65843
1.65864
1.65885
1.65905
1.65925
1.65945
1.65965
1.65984
1.66002
1.6602
1.66037
1.66053
1.66068
1.66082
1.66094
1.66104
1.66113
1.6612
1.66124
1.66127
1.66126
1.66123
1.66117
1.66107
1.66095
1.66078
1.66058
1.66034
1.66005
1.65972
1.65935
1.65892
1.65845
1.65792
1.65733
1.65669
1.65598
1.65522
1.65439
1.65349
1.65254
1.65151
1.65041
1.64924
1.648
1.64669
1.6453
1.64384
1.6423
1.64069
1.639
1.63724
1.6354
1.63348
1.63149
1.62943
1.62729
1.62508
1.6228
1.62046
1.61804
1.61557
1.61303
1.61042
1.60776
1.60505
1.60228
1.59947
1.5966
1.5937
1.59075
1.58777
1.58476
1.58172
1.57866
1.57558
1.57248
1.56937
1.56626
1.56314
1.56002
1.55691
1.5538
1.55071
1.54764
1.54459
1.54156
1.53856
1.53559
1.53266
1.52977
1.52691
1.5241
1.52134
1.51862
1.51596
1.51335
1.5108
1.5083
1.50586
1.50348
1.50116
1.49891
1.49671
1.49458
1.49251
1.4905
1.48856
1.48668
1.48486
1.4831
1.4814
1.47977
1.4782
1.47668
1.47523
1.47383
1.4725
1.47122
1.46999
1.46883
1.46771
1.46665
1.46565
1.4647
1.4638
1.46295
1.46216
1.46141
1.46072
1.46008
1.45949
1.45895
1.45846
1.45802
1.45763
1.45729
1.45701
1.45678
1.45659
1.45647
1.45639
1.45637
1.4564
1.45649
1.45663
1.45682
1.45707
1.45738
1.45775
1.45817
1.45865
1.45918
1.45977
1.46042
1.46113
1.46189
1.46271
1.46358
1.46451
1.4655
1.46653
1.46762
1.46876
1.46996
1.4712
1.47249
1.47383
1.47521
1.47664
1.47811
1.47962
1.48117
1.48276
1.48438
1.48604
1.48772
1.48943
1.49117
1.49293
1.49471
1.4965
1.49831
1.50014
1.50197
1.50381
1.50565
1.5075
1.50934
1.51118
1.51301
1.51484
1.51665
1.51844
1.52022
1.52197
1.52371
1.52541
1.52709
1.52874
1.53035
1.53193
1.53347
1.53498
1.53644
1.53785
1.53922
1.54054
1.54182
1.54304
1.5442
1.54532
1.54637
1.54737
1.54831
1.5492
1.55002
1.55077
1.55147
1.5521
1.55267
1.55317
1.5536
1.55397
1.55427
1.55451
1.55467
1.55478
1.55481
1.55478
1.55468
1.55451
1.55428
1.55398
1.55362
1.5532
1.55272
1.55217
1.55157
1.55091
1.55019
1.54942
1.54859
1.54771
1.54679
1.54582
1.5448
1.54375
1.54265
1.54152
1.54035
1.53916
1.53793
1.53668
1.53541
1.53412
1.53282
1.5315
1.53017
1.52884
1.5275
1.52617
1.52483
1.52351
1.5222
1.52089
1.51961
1.51834
1.51709
1.51586
1.51466
1.51349
1.51235
1.51124
1.51016
1.50912
1.50812
1.50715
1.50622
1.50533
1.50448
1.50367
1.50291
1.50218
1.5015
1.50087
1.50027
1.49972
1.49921
1.49873
1.4983
1.49792
1.49757
1.49725
1.49698
1.49675
1.49655
1.49638
1.49626
1.49617
1.49611
1.49608
1.49609
1.49613
1.4962
1.4963
1.49643
1.49659
1.49678
1.497
1.49724
1.49751
1.49781
1.49813
1.49848
1.49885
1.49925
1.49967
1.50011
1.50058
1.50107
1.50159
1.50212
1.50268
1.50326
1.50386
1.50448
1.50511
1.50577
1.50644
1.50714
1.50785
1.50857
1.50931
1.51007
1.51084
1.51162
1.51242
1.51322
1.51403
1.51486
1.51568
1.51651
1.51735
1.51819
1.51902
1.51986
1.5207
1.52153
1.52235
1.52317
1.52398
1.52478
1.52556
1.52634
1.52709
1.52783
1.52856
1.52926
1.52993
1.53059
1.53122
1.53183
1.53241
1.53295
1.53348
1.53397
1.53442
1.53485
1.53524
1.5356
1.53592
1.53621
1.53647
1.53669
1.53688
1.53703
1.53715
1.53724
1.5373
1.53732
1.53732
1.53729
1.53722
1.53714
1.53703
1.53689
1.53674
1.53657
1.53638
1.53617
1.53596
1.53574
1.5355
1.53527
1.53503
1.5348
1.53456
1.53434
1.53412
1.53391
1.53372
1.53354
1.53338
1.53325
1.53314
1.53305
1.53299
1.53296
1.53297
1.533
1.53308
1.53318
1.53333
1.53352
1.53374
1.53401
1.53432
1.53467
1.53506
1.53549
1.53597
1.53649
1.53705
1.53766
1.53831
1.53899
1.53971
1.54048
1.54128
1.54211
1.54298
1.54388
1.54482
1.54578
1.54677
1.54778
1.54881
1.54987
1.55094
1.55203
1.55314
1.55425
1.55538
1.55651
1.55765
1.55879
1.55993
1.56107
1.5622
1.56333
1.56445
1.56555
1.56665
1.56772
1.56878
1.56983
1.57085
1.57184
1.57282
1.57377
1.57469
1.57559
1.57646
1.5773
1.57811
1.57889
1.57964
1.58036
1.58104
1.5817
1.58233
1.58292
1.58349
1.58403
1.58454
1.58502
1.58548
1.58591
1.58631
1.58669
1.58705
1.58739
1.58771
1.58801
1.58829
1.58856
1.58881
1.58905
1.58929
1.58951
1.58972
1.58992
1.59013
1.59032
1.59051
1.5907
1.59089
1.59108
1.59126
1.59144
1.59163
1.59181
1.59199
1.59218
1.59236
1.59254
1.59272
1.5929
1.59308
1.59325
1.59342
1.59359
1.59375
1.5939
1.59404
1.59417
1.59429
1.5944
1.59449
1.59456
1.59462
1.59466
1.59468
1.59468
1.59465
1.5946
1.59453
1.59444
1.59431
1.59417
1.59399
1.59379
1.59357
1.59331
1.59304
1.59273
1.59241
1.59206
1.59168
1.59129
1.59087
1.59044
1.58999
1.58952
1.58904
1.58855
1.58804
1.58753
1.58701
1.58648
1.58595
1.58542
1.58489
1.58436
1.58384
1.58332
1.58281
1.58231
1.58182
1.58134
1.58087
1.58042
1.57998
1.57957
1.57916
1.57878
1.57842
1.57808
1.57775
1.57745
1.57718
1.57692
1.57669
1.57648
1.5763
1.57614
1.576
1.57589
1.5758
1.57574
1.5757
1.57568
1.57569
1.57572
1.57578
1.57585
1.57595
1.57607
1.57621
1.57638
1.57657
1.57678
1.577
1.57725
1.57752
1.5778
1.57811
1.57843
1.57877
1.57912
1.57949
1.57988
1.58027
1.58069
1.58111
1.58155
1.582
1.58246
1.58293
1.58341
1.5839
1.58439
1.5849
1.5854
1.58592
1.58643
1.58695
1.58747
1.58799
1.58852
1.58903
1.58955
1.59006
1.59057
1.59107
1.59156
1.59205
1.59253
1.59299
1.59345
1.59389
1.59431
1.59472
1.59512
1.59549
1.59585
1.59619
1.59651
1.5968
1.59707
1.59732
1.59754
1.59774
1.59791
1.59806
1.59817
1.59826
1.59832
1.59835
1.59835
1.59831
1.59824
1.59815
1.59801
1.59785
1.59764
1.59741
1.59714
1.59683
1.59649
1.59611
1.5957
1.59525
1.59476
1.59423
1.59367
1.59307
1.59243
1.59175
1.59104
1.59029
1.5895
1.58868
1.58782
1.58692
1.58598
1.58501
1.584
1.58296
1.58187
1.58076
1.5796
1.57842
1.57719
1.57593
1.57464
1.57331
1.57194
1.57054
1.56911
1.56765
1.56615
1.56462
1.56306
1.56147
1.55984
1.55819
1.55651
1.55479
1.55305
1.55128
1.54948
1.54765
1.54579
1.54391
1.542
1.54007
1.5381
1.53611
1.5341
1.53206
1.52999
1.5279
1.52579
1.52366
1.5215
1.51932
1.51712
1.51489
1.51265
1.51039
1.50811
1.50581
1.50349
1.50116
1.49882
1.49646
1.49408
1.4917
1.48931
1.48691
1.4845
1.48209
1.47967
1.47726
1.47484
1.47243
1.47003
1.46763
1.46525
1.46287
1.46052
1.45818
1.45586
1.45357
1.4513
1.44906
1.44686
1.44469
1.44256
1.44047
1.43843
1.43644
1.43449
1.4326
1.43077
1.429
1.42728
1.42564
1.42406
1.42255
1.42112
1.41976
1.41847
1.41727
1.41614
1.41511
1.41415
1.41329
1.41251
1.41182
1.41122
1.41071
1.4103
1.40998
1.40976
1.40963
1.4096
1.40967
1.40983
1.41009
1.41045
1.41091
1.41147
1.41212
1.41288
1.41373
1.41468
1.41572
1.41687
1.4181
1.41943
1.42086
1.42237
1.42398
1.42567
1.42745
1.42931
1.43126
1.43328
1.43538
1.43755
1.4398
1.44211
1.44449
1.44692
1.44941
1.45196
1.45456
1.45719
1.45988
1.46259
1.46534
1.46812
1.47092
1.47374
1.47657
1.47941
1.48227
1.48512
1.48797
1.49081
1.49364
1.49645
1.49925
1.50203
1.50477
1.50749
1.51018
1.51283
1.51544
1.518
1.52052
1.52299
1.52541
1.52778
1.53009
1.53234
1.53454
1.53667
1.53873
1.54074
1.54267
1.54454
1.54634
1.54806
1.54972
1.5513
1.55281
1.55425
1.55561
1.5569
1.55811
1.55925
1.56031
1.56131
1.56222
1.56306
1.56383
1.56452
1.56515
1.56569
1.56617
1.56658
1.56691
1.56718
1.56738
1.56752
1.56759
1.56759
1.56753
1.56742
1.56724
1.567
1.56671
1.56636
1.56596
1.56551
1.56501
1.56446
1.56387
1.56323
1.56256
1.56185
1.5611
1.56031
1.5595
1.55865
1.55778
1.55688
1.55597
1.55503
1.55407
1.55311
1.55213
1.55114
1.55014
1.54914
1.54813
1.54713
1.54612
1.54512
1.54413
1.54314
1.54216
1.54119
1.54024
1.5393
1.53837
1.53746
1.53657
1.53569
1.53483
1.534
1.53318
1.53238
1.5316
1.53085
1.53011
1.52939
1.52869
1.52801
1.52735
1.52671
1.52608
1.52547
1.52488
1.5243
1.52373
1.52317
1.52262
1.52208
1.52155
1.52102
1.5205
1.51999
1.51948
1.51897
1.51846
1.51795
1.51743
1.51692
1.51641
1.51589
1.51537
1.51485
1.51433
1.5138
1.51327
1.51274
1.51221
1.51168
1.51115
1.51062
1.5101
1.50958
1.50907
1.50856
1.50806
1.50758
1.5071
1.50664
1.5062
1.50578
1.50538
1.505
1.50464
1.50431
1.50401
1.50375
1.50351
1.50331
1.50314
1.50302
1.50293
1.50288
1.50288
1.50292
1.50301
1.50314
1.50333
1.50356
1.50384
1.50417
1.50456
1.50499
1.50548
1.50602
1.50662
1.50726
1.50796
1.50871
1.50952
1.51038
1.51128
1.51224
1.51326
1.51432
1.51543
1.51659
1.5178
1.51905
1.52035
1.5217
1.52309
1.52453
1.52601
1.52753
1.52909
1.53069
1.53233
1.53401
1.53573
1.53748
1.53926
1.54108
1.54292
1.5448
1.54671
1.54864
1.55061
1.55259
1.5546
1.55663
1.55869
1.56076
1.56285
1.56496
1.56708
1.56921
1.57136
1.57352
1.57568
1.57785
1.58003
1.5822
1.58438
1.58656
1.58873
1.59089
1.59305
1.5952
1.59734
1.59947
1.60158
1.60367
1.60574
1.60779
1.60982
1.61182
1.6138
1.61574
1.61765
1.61953
1.62137
1.62318
1.62494
1.62667
1.62835
1.62998
1.63157
1.63311
1.6346
1.63604
1.63742
1.63875
1.64003
1.64125
1.64241
1.64351
1.64456
1.64555
1.64648
1.64735
1.64816
1.64891
1.6496
1.65023
1.65081
1.65133
1.6518
1.65221
1.65256
1.65287
1.65312
1.65333
1.65349
1.65361
1.65368
1.65372
1.65372
1.65368
1.65361
1.65352
1.6534
1.65325
1.65309
1.65291
1.65271
1.65251
1.6523
1.65208
1.65186
1.65164
1.65143
1.65122
1.65103
1.65085
1.65068
1.65052
1.65039
1.65027
1.65017
1.6501
1.65005
1.65002
1.65001
1.65003
1.65007
1.65013
1.65021
1.65032
1.65044
1.65059
1.65075
1.65092
1.65111
1.65131
1.65152
1.65173
1.65194
1.65216
1.65237
1.65258
1.65278
1.65298
1.65316
1.65332
1.65347
1.6536
1.6537
1.65378
1.65383
1.65385
1.65384
1.65379
1.65371
1.65359
1.65343
1.65323
1.65299
1.6527
1.65238
1.65201
1.6516
1.65114
1.65064
1.6501
1.64952
1.64889
1.64822
1.64752
1.64677
1.64599
1.64518
1.64433
1.64345
1.64254
1.64161
1.64066
1.63968
1.63869
1.63769
1.63668
1.63566
1.63464
1.63362
1.63261
1.6316
1.63061
1.62963
1.62867
1.62774
1.62683
1.62595
1.62511
1.6243
1.62353
1.6228
1.62212
1.62148
1.62089
1.62035
1.61986
1.61942
1.61903
1.6187
1.61842
1.6182
1.61802
1.6179
1.61783
1.61781
1.61784
1.61792
1.61804
1.61821
1.61841
1.61866
1.61895
1.61926
1.61961
1.61999
1.62039
1.62081
1.62125
1.62171
1.62217
1.62265
1.62313
1.62361
1.62409
1.62457
1.62504
1.6255
1.62594
1.62637
1.62677
1.62715
1.62751
1.62784
1.62814
1.6284
1.62863
1.62883
1.62898
1.62909
1.62916
1.62918
1.62915
1.62908
1.62896
1.62878
1.62855
1.62827
1.62793
1.62754
1.62709
1.62658
1.62601
1.62539
1.62471
1.62397
1.62317
1.62231
1.62139
1.62041
1.61937
1.61828
1.61712
1.61591
1.61464
1.61331
1.61193
1.61049
1.609
1.60745
1.60586
1.60421
1.60252
1.60077
1.59899
1.59715
1.59528
1.59337
1.59142
1.58943
1.58741
1.58537
1.5833
1.58121
1.5791
1.57698
1.57484
1.5727
1.57056
1.56842
1.56629
1.56417
1.56208
1.56
1.55796
1.55596
1.554
1.55208
1.55022
1.54843
1.5467
1.54505
1.54347
1.54198
1.54058
1.53928
1.53809
1.53699
1.53601
1.53515
1.5344
1.53378
1.53328
1.5329
1.53265
1.53253
1.53253
1.53265
1.5329
1.53327
1.53375
1.53435
1.53505
1.53585
1.53675
1.53774
1.53882
1.53997
1.54119
1.54247
1.54381
1.54519
1.54661
1.54806
1.54954
1.55102
1.55252
1.55401
1.5555
1.55698
1.55843
1.55986
1.56126
1.56263
1.56395
1.56523
1.56646
1.56764
1.56877
1.56984
1.57086
1.57182
1.57272
1.57357
1.57436
1.57509
1.57577
1.57639
1.57696
1.57749
1.57797
1.5784
1.57879
1.57915
1.57947
1.57976
1.58003
1.58027
1.5805
1.5807
1.5809
1.58109
1.58128
1.58147
1.58166
1.58186
1.58207
1.5823
1.58254
1.58281
1.5831
1.58341
1.58375
1.58412
1.58452
1.58495
1.58542
1.58592
1.58646
1.58703
1.58764
1.58828
1.58896
1.58968
1.59043
1.59122
1.59204
1.5929
1.59379
1.59471
1.59567
1.59665
1.59766
1.5987
1.59976
1.60085
1.60196
1.6031
1.60425
1.60542
1.6066
1.6078
1.60902
1.61024
1.61148
1.61272
1.61398
1.61524
1.6165
1.61776
1.61903
1.6203
1.62157
1.62283
1.62409
1.62535
1.6266
1.62785
1.62908
1.63031
1.63154
1.63275
1.63395
1.63515
1.63633
1.6375
1.63867
1.63982
1.64097
1.6421
1.64323
1.64435
1.64547
1.64658
1.64768
1.64877
1.64987
1.65096
1.65204
1.65313
1.65422
1.6553
1.65639
1.65748
1.65857
1.65967
1.66077
1.66187
1.66297
1.66408
1.66519
1.6663
1.66741
1.66852
1.66963
1.67073
1.67183
1.67292
1.674
1.67507
1.67612
1.67715
1.67816
1.67915
1.68011
1.68103
1.68192
1.68278
1.68359
1.68435
1.68506
1.68572
1.68632
1.68686
1.68734
1.68775
1.68808
1.68835
1.68853
1.68864
1.68866
1.6886
1.68846
1.68822
1.6879
1.68749
1.68698
1.68639
1.68569
1.68491
1.68403
1.68306
1.682
1.68084
1.67959
1.67826
1.67684
1.67533
1.67374
1.67208
1.67033
1.66852
1.66663
1.66468
1.66267
1.6606
1.65848
1.65631
1.65411
1.65186
1.64959
1.64729
1.64498
1.64265
1.64032
1.63799
1.63566
1.63335
1.63107
1.62881
1.62658
1.62439
1.62226
1.62017
1.61815
1.6162
1.61432
1.61251
1.61079
1.60915
1.60761
1.60616
1.60481
1.60356
1.60242
1.60139
1.60046
1.59965
1.59894
1.59835
1.59787
1.5975
1.59724
1.59709
1.59705
1.59711
1.59727
1.59753
1.59788
1.59833
1.59886
1.59948
1.60017
1.60094
1.60177
1.60267
1.60363
1.60464
1.6057
1.60681
1.60795
1.60913
1.61034
1.61158
1.61284
1.61411
1.6154
1.61669
1.61799
1.61929
1.62059
1.62189
1.62317
1.62445
1.62571
1.62695
1.62818
1.62939
1.63058
1.63175
1.63289
1.63401
1.63511
1.63618
1.63722
1.63824
1.63923
1.64019
1.64113
1.64203
1.64291
1.64376
1.64459
1.64539
1.64616
1.6469
1.64762
1.6483
1.64897
1.6496
1.65021
1.65079
1.65135
1.65187
1.65237
1.65285
1.65329
1.65371
1.6541
1.65446
1.65478
1.65508
1.65535
1.65558
1.65579
1.65595
1.65609
1.65619
1.65625
1.65627
1.65625
1.65619
1.65609
1.65594
1.65574
1.6555
1.65522
1.65488
1.65449
1.65405
1.65356
1.65301
1.65241
1.65175
1.65103
1.65025
1.64941
1.64851
1.64755
1.64652
1.64544
1.64429
1.64307
1.64179
1.64045
1.63904
1.63757
1.63603
1.63444
1.63278
1.63106
1.62928
1.62744
1.62554
1.62359
1.62158
1.61951
1.6174
1.61523
1.61301
1.61074
1.60843
1.60608
1.60368
1.60125
1.59877
1.59626
1.59372
1.59115
1.58854
1.58591
1.58325
1.58057
1.57787
1.57515
1.57241
1.56965
1.56688
1.5641
1.56131
1.5585
1.55569
1.55287
1.55005
1.54721
1.54438
1.54154
1.5387
1.53586
1.53303
1.53019
1.52736
1.52452
1.5217
1.51888
1.51606
1.51326
1.51046
1.50768
1.5049
1.50215
1.4994
1.49668
1.49397
1.49129
1.48863
1.48599
1.48339
1.48081
1.47827
1.47577
1.4733
1.47088
1.4685
1.46617
1.46388
1.46166
1.45948
1.45737
1.45532
1.45333
1.45142
1.44957
1.44779
1.44609
1.44446
1.44292
1.44145
1.44007
1.43877
1.43755
1.43642
1.43537
1.43442
1.43354
1.43276
1.43207
1.43146
1.43094
1.4305
1.43016
1.42989
1.42972
1.42963
1.42962
1.42969
1.42985
1.43009
1.43041
1.4308
1.43128
1.43183
1.43246
1.43317
1.43395
1.4348
1.43573
1.43673
1.4378
1.43894
1.44016
1.44144
1.4428
1.44422
1.44572
1.44728
1.44891
1.45061
1.45238
1.45422
1.45613
1.45811
1.46015
1.46226
1.46444
1.46669
1.469
1.47138
1.47382
1.47633
1.47891
1.48155
1.48425
1.48702
1.48984
1.49273
1.49568
1.49868
1.50175
1.50486
1.50804
1.51126
1.51454
1.51786
1.52123
1.52465
1.5281
1.5316
1.53514
1.53871
1.54231
1.54594
1.54961
1.55329
1.557
1.56073
1.56448
1.56824
1.57201
1.57579
1.57958
1.58336
1.58715
1.59093
1.59471
1.59847
1.60222
1.60595
1.60967
1.61336
1.61702
1.62066
1.62427
1.62784
1.63137
1.63487
1.63832
1.64173
1.64509
1.6484
1.65166
1.65486
1.65801
1.6611
1.66413
1.66709
1.66998
1.67281
1.67557
1.67826
1.68087
1.68341
1.68588
1.68827
1.69058
1.69281
1.69496
1.69702
1.69901
1.70091
1.70273
1.70447
1.70612
1.70769
1.70917
1.71056
1.71188
1.7131
1.71424
1.7153
1.71627
1.71716
1.71797
1.71869
1.71933
1.71989
1.72037
1.72077
1.7211
1.72135
1.72152
1.72162
1.72165
1.7216
1.72148
1.7213
1.72104
1.72072
1.72034
1.71989
1.71938
1.71881
1.71819
1.7175
1.71676
1.71597
1.71512
1.71423
1.71329
1.7123
1.71126
1.71019
1.70907
1.70791
1.7067
1.70547
1.70419
1.70288
1.70154
1.70017
1.69876
1.69733
1.69587
1.69438
1.69286
1.69132
1.68976
1.68818
1.68658
1.68495
1.68331
1.68165
1.67997
1.67828
1.67657
1.67485
1.67311
1.67137
1.66961
1.66784
1.66606
1.66428
1.66248
1.66068
1.65888
1.65707
1.65526
1.65344
1.65162
1.6498
1.64798
1.64616
1.64435
1.64253
1.64072
1.63892
1.63712
1.63532
1.63354
1.63176
1.63
1.62824
1.6265
1.62478
1.62306
1.62137
1.61969
1.61802
1.61638
1.61476
1.61316
1.61158
1.61002
1.60849
1.60698
1.60551
1.60406
1.60264
1.60125
1.5999
1.59858
1.59729
1.59604
1.59482
1.59365
1.59251
1.59141
1.59035
1.58934
1.58836
1.58743
1.58655
1.58571
1.58491
1.58417
1.58347
1.58282
1.58222
1.58167
1.58117
1.58072
1.58032
1.57998
1.57969
1.57946
1.57928
1.57915
1.57908
1.57907
1.57911
1.57921
1.57937
1.57958
1.57985
1.58018
1.58056
1.58101
1.58151
1.58207
1.58269
1.58336
1.58409
1.58488
1.58573
1.58663
1.58759
1.5886
1.58966
1.59078
1.59195
1.59317
1.59445
1.59577
1.59714
1.59855
1.60001
1.60151
1.60306
1.60464
1.60626
1.60792
1.60962
1.61135
1.6131
1.61489
1.6167
1.61854
1.6204
1.62228
1.62418
1.6261
1.62803
1.62997
1.63191
1.63387
1.63583
1.63779
1.63975
1.6417
1.64365
1.64559
1.64752
1.64943
1.65133
1.65321
1.65507
1.65691
1.65872
1.66051
1.66226
1.66399
1.66567
1.66733
1.66894
1.67052
1.67205
1.67354
1.67499
1.67639
1.67774
1.67904
1.68029
1.68148
1.68263
1.68372
1.68475
1.68573
1.68664
1.68751
1.68831
1.68905
1.68974
1.69037
1.69093
1.69144
1.69189
1.69228
1.69261
1.69288
1.69309
1.69325
1.69334
1.69339
1.69337
1.6933
1.69317
1.69299
1.69276
1.69247
1.69213
1.69174
1.6913
1.69081
1.69028
1.6897
1.68907
1.6884
1.68769
1.68694
1.68614
1.68531
1.68445
1.68355
1.68261
1.68164
1.68064
1.67962
1.67856
1.67748
1.67638
1.67525
1.67411
1.67294
1.67176
1.67057
1.66936
1.66815
1.66693
1.6657
1.66447
1.66323
1.662
1.66078
1.65956
1.65835
1.65715
1.65597
1.65481
1.65367
1.65255
1.65146
1.6504
1.64938
1.64839
1.64744
1.64654
1.64568
1.64487
1.64412
1.64342
1.64277
1.64219
1.64168
1.64122
1.64084
1.64052
1.64028
1.64011
1.64001
1.63999
1.64004
1.64017
1.64038
1.64066
1.64102
1.64146
1.64197
1.64256
1.64322
1.64395
1.64475
1.64562
1.64655
1.64755
1.64861
1.64972
1.65089
1.65212
1.65339
1.65471
1.65608
1.65749
1.65893
1.66041
1.66193
1.66347
1.66504
1.66664
1.66825
1.66988
1.67153
1.6732
1.67487
1.67655
1.67824
1.67993
1.68163
1.68332
1.68501
1.6867
1.68837
1.69005
1.69171
1.69336
1.69499
1.69661
1.69821
1.69979
1.70135
1.70289
1.7044
1.70588
1.70733
1.70875
1.71014
1.7115
1.71281
1.71409
1.71533
1.71652
1.71767
1.71877
1.71983
1.72083
1.72178
1.72268
1.72352
1.7243
1.72502
1.72568
1.72627
1.7268
1.72725
1.72764
1.72796
1.7282
1.72838
1.72847
1.72849
1.72844
1.72831
1.7281
1.72781
1.72744
1.727
1.72648
1.72587
1.7252
1.72444
1.72362
1.72271
1.72174
1.72069
1.71957
1.71839
1.71714
1.71583
1.71446
1.71303
1.71155
1.71001
1.70843
1.7068
1.70512
1.70341
1.70167
1.69989
1.69808
1.69625
1.69439
1.69251
1.69062
1.68871
1.68679
1.68487
1.68293
1.681
1.67906
1.67712
1.67519
1.67326
1.67134
1.66943
1.66752
1.66562
1.66373
1.66184
1.65997
1.65811
1.65626
1.65441
1.65258
1.65075
1.64894
1.64713
1.64533
1.64353
1.64174
1.63995
1.63817
1.63639
1.63461
1.63283
1.63105
1.62928
1.6275
1.62571
1.62393
1.62214
1.62035
1.61856
1.61676
1.61496
1.61315
1.61134
1.60953
1.60772
1.6059
1.60407
1.60225
1.60042
1.5986
1.59677
1.59494
1.59312
1.5913
1.58948
1.58766
1.58585
1.58405
1.58225
1.58046
1.57868
1.57692
1.57516
1.57341
1.57168
1.56997
1.56827
1.56658
1.56491
1.56327
1.56164
1.56003
1.55844
1.55687
1.55533
1.55381
1.55232
1.55086
1.54941
1.548
1.54661
1.54526
1.54393
1.54263
1.54136
1.54012
1.53891
1.53773
1.53659
1.53548
1.5344
1.53336
1.53235
1.53138
1.53044
1.52954
1.52867
1.52784
1.52705
1.5263
1.52558
1.5249
1.52426
1.52366
1.5231
1.52258
1.5221
1.52165
1.52125
1.52088
1.52056
1.52027
1.52002
1.51981
1.51964
1.51951
1.51942
1.51936
1.51934
1.51935
1.5194
1.51948
1.5196
1.51974
1.51992
1.52013
1.52036
1.52062
1.52091
1.52122
1.52155
1.5219
1.52227
1.52265
1.52305
1.52346
1.52388
1.52431
1.52475
1.52519
1.52563
1.52607
1.52651
1.52694
1.52737
1.52779
1.5282
1.52859
1.52897
1.52932
1.52966
1.52998
1.53027
1.53053
1.53076
1.53096
1.53113
1.53126
1.53136
1.53142
1.53143
1.53141
1.53134
1.53122
1.53106
1.53085
1.53059
1.53028
1.52992
1.52951
1.52904
1.52852
1.52795
1.52732
1.52664
1.5259
1.52511
1.52427
1.52337
1.52242
1.52142
1.52037
1.51927
1.51812
1.51692
1.51567
1.51438
1.51305
1.51167
1.51026
1.5088
1.50731
1.50579
1.50424
1.50266
1.50105
1.49943
1.49778
1.49612
1.49445
1.49277
1.49108
1.48939
1.4877
1.48602
1.48435
1.48269
1.48105
1.47944
1.47785
1.47629
1.47477
1.47329
1.47185
1.47047
1.46913
1.46785
1.46664
1.46549
1.46441
1.46341
1.46249
1.46165
1.46089
1.46023
1.45967
1.4592
1.45883
1.45857
1.45841
1.45837
1.45843
1.45861
1.45891
1.45932
1.45986
1.46052
1.46129
1.46219
1.46321
1.46436
1.46563
1.46701
1.46852
1.47015
1.47189
1.47375
1.47573
1.47781
1.48
1.4823
1.4847
1.48719
1.48978
1.49246
1.49523
1.49807
1.50099
1.50398
1.50703
1.51014
1.51331
1.51652
1.51978
1.52307
1.52639
1.52973
1.53309
1.53647
1.53984
1.54322
1.54659
1.54995
1.55328
1.55659
1.55987
1.56311
1.56631
1.56946
1.57256
1.57559
1.57856
1.58147
1.58429
1.58704
1.58971
1.59229
1.59478
1.59717
1.59947
1.60167
1.60377
1.60576
1.60764
1.60941
1.61107
1.61261
1.61404
1.61535
1.61654
1.61761
1.61857
1.6194
1.62012
1.62071
1.62119
1.62155
1.6218
1.62192
1.62194
1.62184
1.62162
1.6213
1.62088
1.62034
1.61971
1.61898
1.61815
1.61723
1.61621
1.61512
1.61394
1.61268
1.61135
1.60994
1.60847
1.60694
1.60536
1.60372
1.60204
1.60031
1.59855
1.59675
1.59493
1.59309
1.59123
1.58936
1.58749
1.58562
1.58376
1.58191
1.58008
1.57827
1.5765
1.57475
1.57305
1.57139
1.56978
1.56822
1.56672
1.56529
1.56392
1.56262
1.5614
1.56026
1.5592
1.55822
1.55733
1.55653
1.55582
1.55519
1.55467
1.55423
1.5539
1.55365
1.5535
1.55345
1.55349
1.55363
1.55385
1.55417
1.55457
1.55506
1.55564
1.55629
1.55703
1.55783
1.55871
1.55966
1.56068
1.56175
1.56288
1.56407
1.5653
1.56659
1.56791
1.56928
1.57068
1.57211
1.57357
1.57505
1.57655
1.57807
1.57961
1.58115
1.5827
1.58426
1.58582
1.58737
1.58893
1.59048
1.59202
1.59354
1.59506
1.59656
1.59804
1.5995
1.60095
1.60237
1.60377
1.60514
1.60649
1.60781
1.6091
1.61036
1.61159
1.61279
1.61396
1.61509
1.61619
1.61725
1.61828
1.61926
1.62021
1.62112
1.62199
1.62282
1.6236
1.62435
1.62504
1.6257
1.62631
1.62687
1.62739
1.62785
1.62827
1.62864
1.62896
1.62923
1.62945
1.62961
1.62972
1.62978
1.62978
1.62973
1.62963
1.62947
1.62925
1.62898
1.62865
1.62826
1.62783
1.62733
1.62678
1.62618
1.62553
1.62482
1.62406
1.62324
1.62238
1.62147
1.62052
1.61952
1.61847
1.61738
1.61626
1.61509
1.61389
1.61265
1.61138
1.61008
1.60876
1.6074
1.60603
1.60463
1.60322
1.60178
1.60034
1.59888
1.59742
1.59594
1.59446
1.59298
1.59149
1.59001
1.58852
1.58704
1.58556
1.58409
1.58262
1.58117
1.57971
1.57827
1.57684
1.57542
1.57401
1.57261
1.57121
1.56983
1.56846
1.5671
1.56574
1.5644
1.56306
1.56173
1.56041
1.55909
1.55778
1.55647
1.55517
1.55388
1.55259
1.55131
1.55003
1.54876
1.54749
1.54624
1.54499
1.54375
1.54252
1.54131
1.54011
1.53892
1.53776
1.53661
1.5355
1.5344
1.53334
1.53232
1.53133
1.53038
1.52947
1.52862
1.52782
1.52707
1.52639
1.52577
1.52522
1.52474
1.52434
1.52402
1.52379
1.52364
1.52359
1.52364
1.52378
1.52402
1.52437
1.52482
1.52538
1.52604
1.52682
1.5277
1.52869
1.5298
1.53101
1.53233
1.53375
1.53528
1.53691
1.53864
1.54047
1.54239
1.5444
1.54649
1.54866
1.5509
1.55322
1.5556
1.55804
1.56054
1.56309
1.56568
1.5683
1.57096
1.57363
1.57633
1.57904
1.58175
1.58446
1.58716
1.58985
1.59253
1.59518
1.5978
1.60038
1.60293
1.60542
1.60787
1.61026
1.6126
1.61487
1.61707
1.6192
1.62125
1.62322
1.62511
1.62692
1.62863
1.63026
1.63179
1.63322
1.63456
1.6358
1.63693
1.63797
1.6389
1.63972
1.64044
1.64106
1.64157
1.64198
1.64228
1.64247
1.64256
1.64254
1.64243
1.64221
1.64189
1.64147
1.64095
1.64034
1.63963
1.63884
1.63795
1.63698
1.63592
1.63478
1.63356
1.63227
1.63091
1.62948
1.62798
1.62643
1.62482
1.62316
1.62145
1.61969
1.6179
1.61607
1.61421
1.61232
1.61041
1.60848
1.60654
1.6046
1.60265
1.60071
1.59877
1.59685
1.59494
1.59306
1.5912
1.58937
1.58758
1.58583
1.58412
1.58246
1.58086
1.57931
1.57782
1.57639
1.57503
1.57374
1.57252
1.57138
1.57032
1.56933
1.56843
1.5676
1.56687
1.56621
1.56564
1.56516
1.56477
1.56445
1.56423
1.56409
1.56403
1.56405
1.56416
1.56434
1.5646
1.56493
1.56533
1.5658
1.56634
1.56694
1.56759
1.56831
1.56907
1.56988
1.57073
1.57162
1.57255
1.57351
1.5745
1.57551
1.57654
1.57758
1.57864
1.5797
1.58075
1.58181
1.58286
1.5839
1.58492
1.58593
1.58691
1.58786
1.58878
1.58966
1.59051
1.59131
1.59207
1.59278
1.59344
1.59404
1.59458
1.59506
1.59548
1.59583
1.59612
1.59633
1.59647
1.59653
1.59652
1.59643
1.59626
1.596
1.59567
1.59524
1.59474
1.59415
1.59347
1.5927
1.59185
1.59092
1.58989
1.58878
1.58759
1.58631
1.58494
1.5835
1.58197
1.58037
1.57868
1.57692
1.57509
1.57319
1.57122
1.56919
1.56709
1.56493
1.56272
1.56045
1.55814
1.55578
1.55337
1.55093
1.54845
1.54594
1.54341
1.54085
1.53827
1.53568
1.53308
1.53047
1.52786
1.52525
1.52265
1.52006
1.51749
1.51493
1.51239
1.50988
1.50739
1.50494
1.50253
1.50015
1.49782
1.49553
1.49329
1.4911
1.48897
1.4869
1.48488
1.48293
1.48105
1.47923
1.47747
1.47579
1.47418
1.47265
1.47119
1.46981
1.4685
1.46727
1.46613
1.46506
1.46408
1.46318
1.46236
1.46162
1.46097
1.4604
1.45992
1.45952
1.4592
1.45897
1.45882
1.45875
1.45877
1.45887
1.45906
1.45932
1.45967
1.46009
1.4606
1.46118
1.46184
1.46258
1.4634
1.46429
1.46525
1.46629
1.46739
1.46857
1.46981
1.47112
1.4725
1.47394
1.47544
1.47701
1.47862
1.4803
1.48203
1.4838
1.48563
1.48751
1.48942
1.49138
1.49338
1.49541
1.49748
1.49958
1.5017
1.50385
1.50602
1.50821
1.51042
1.51263
1.51485
1.51708
1.51931
1.52153
1.52375
1.52596
1.52816
1.53034
1.5325
1.53463
1.53674
1.53881
1.54085
1.54286
1.54482
1.54673
1.5486
1.55042
1.55218
1.55389
1.55554
1.55712
1.55864
1.56008
1.56146
1.56276
1.56398
1.56512
1.56619
1.56717
1.56807
1.56888
1.5696
1.57024
1.57079
1.57125
1.57161
1.5719
1.57209
1.57219
1.5722
1.57212
1.57196
1.57171
1.57137
1.57096
1.57046
1.56988
1.56923
1.5685
1.56771
1.56684
1.56592
1.56493
1.56389
1.5628
1.56166
1.56048
1.55926
1.55802
1.55674
1.55545
1.55414
1.55282
1.5515
1.55018
1.54886
1.54756
1.54627
1.54501
1.54378
1.54259
1.54143
1.54032
1.53926
1.53826
1.53731
1.53643
1.53561
1.53487
1.5342
1.5336
1.53309
1.53265
1.5323
1.53204
1.53185
1.53175
1.53174
1.53181
1.53196
1.53219
1.5325
1.53289
1.53335
1.53388
1.53449
1.53515
1.53588
1.53667
1.53751
1.53839
1.53932
1.54029
1.54129
1.54232
1.54338
1.54446
1.54555
1.54665
1.54776
1.54888
1.54999
1.55109
1.55219
1.55327
1.55433
1.55537
1.55639
1.55739
1.55836
1.55929
1.5602
1.56107
1.5619
1.5627
1.56347
1.56419
1.56488
1.56554
1.56615
1.56673
1.56727
1.56778
1.56825
1.5687
1.56911
1.56949
1.56985
1.57018
1.57049
1.57078
1.57104
1.5713
1.57153
1.57176
1.57198
1.57219
1.5724
1.57261
1.57282
1.57303
1.57325
1.57348
1.57372
1.57397
1.57423
1.57451
1.57481
1.57513
1.57548
1.57584
1.57623
1.57664
1.57708
1.57755
1.57805
1.57857
1.57912
1.5797
1.58031
1.58095
1.58162
1.58231
1.58303
1.58378
1.58456
1.58536
1.58618
1.58703
1.5879
1.58879
1.58971
1.59063
1.59158
1.59254
1.59351
1.5945
1.59549
1.59649
1.5975
1.59851
1.59953
1.60054
1.60156
1.60257
1.60358
1.60459
1.60558
1.60657
1.60755
1.60852
1.60947
1.61041
1.61133
1.61224
1.61313
1.614
1.61485
1.61569
1.6165
1.61729
1.61806
1.61881
1.61953
1.62023
1.62091
1.62157
1.6222
1.62281
1.62339
1.62395
1.62449
1.625
1.62549
1.62596
1.6264
1.62682
1.62722
1.6276
1.62796
1.62829
1.62861
1.6289
1.62918
1.62943
1.62967
1.62989
1.63009
1.63027
1.63044
1.63059
1.63072
1.63084
1.63094
1.63102
1.63109
1.63115
1.63119
1.63122
1.63123
1.63123
1.63122
1.63119
1.63115
1.6311
1.63104
1.63097
1.63089
1.6308
1.63069
1.63058
1.63046
1.63033
1.6302
1.63005
1.62991
1.62975
1.62959
1.62943
1.62926
1.62909
1.62891
1.62874
1.62857
1.6284
1.62823
1.62806
1.6279
1.62775
1.6276
1.62745
1.62732
1.62719
1.62707
1.62696
1.62687
1.62678
1.62671
1.62665
1.62661
1.62658
1.62657
1.62658
1.6266
1.62664
1.6267
1.62677
1.62686
1.62698
1.62711
1.62726
1.62743
1.62761
1.62781
1.62803
1.62827
1.62852
1.62879
1.62907
1.62937
1.62968
1.63
1.63034
1.63069
1.63104
1.63141
1.63178
1.63216
1.63255
1.63294
1.63333
1.63373
1.63413
1.63452
1.63492
1.63531
1.6357
1.63609
1.63647
1.63684
1.63721
1.63756
1.63791
1.63824
1.63856
1.63887
1.63917
1.63945
1.63972
1.63997
1.6402
1.64041
1.64061
1.64079
1.64096
1.6411
1.64123
1.64133
1.64142
1.64148
1.64153
1.64156
1.64156
1.64155
1.64152
1.64147
1.6414
1.64131
1.64121
1.64108
1.64094
1.64079
1.64061
1.64042
1.64022
1.64
1.63977
1.63952
1.63926
1.63899
1.63871
1.63842
1.63812
1.63781
1.63749
1.63716
1.63683
1.63649
1.63614
1.63579
1.63544
1.63508
1.63471
1.63435
1.63398
1.63361
1.63324
1.63286
1.63249
1.63211
1.63174
1.63137
1.631
1.63063
1.63026
1.6299
1.62954
1.62919
1.62884
1.62849
1.62815
1.62782
1.6275
1.62717
1.62686
1.62655
1.62625
1.62596
1.62567
1.62539
1.62512
1.62485
1.6246
1.62435
1.62411
1.62388
1.62365
1.62344
1.62323
1.62302
1.62283
1.62264
1.62246
1.62228
1.62211
1.62194
1.62178
1.62162
1.62147
1.62131
1.62117
1.62102
1.62087
1.62072
1.62057
1.62042
1.62027
1.62011
1.61995
1.61979
1.61961
1.61944
1.61925
1.61905
1.61885
1.61863
1.61841
1.61817
1.61792
1.61766
1.61738
1.61709
1.61678
1.61646
1.61612
1.61577
1.6154
1.61501
1.61461
1.61419
1.61374
1.61328
1.61281
1.61231
1.6118
1.61127
1.61072
1.61015
1.60957
1.60897
1.60836
1.60773
1.60708
1.60642
1.60575
1.60506
1.60437
1.60366
1.60294
1.60222
1.60148
1.60074
1.6
1.59925
1.5985
1.59775
1.597
1.59625
1.5955
1.59476
1.59402
1.59329
1.59257
1.59186
1.59116
1.59047
1.58979
1.58914
1.58849
1.58787
1.58727
1.58668
1.58612
1.58558
1.58507
1.58457
1.5841
1.58366
1.58324
1.58285
1.58249
1.58215
1.58183
1.58155
1.58129
1.58106
1.58085
1.58067
1.58051
1.58038
1.58027
1.58018
1.58011
1.58007
1.58003
1.58002
1.58002
1.58003
1.58005
1.58008
1.58012
1.58016
1.58021
1.58026
1.58032
1.58036
1.58041
1.58045
1.58048
1.5805
1.58051
1.58051
1.58049
1.58046
1.58042
1.58036
1.58028
1.58019
1.58008
1.57995
1.57981
1.57964
1.57946
1.57927
1.57906
1.57884
1.5786
1.57836
1.5781
1.57784
1.57758
1.57731
1.57705
1.57679
1.57653
1.57629
1.57605
1.57583
1.57563
1.57545
1.57529
1.57515
1.57505
1.57497
1.57493
1.57492
1.57494
1.57501
1.57512
1.57526
1.57545
1.57569
1.57596
1.57628
1.57665
1.57706
1.57751
1.578
1.57854
1.57912
1.57974
1.58039
1.58109
1.58181
1.58257
1.58337
1.58419
1.58504
1.58591
1.5868
1.58772
1.58865
1.5896
1.59057
1.59154
1.59252
1.59351
1.59451
1.5955
1.5965
1.59749
1.59849
1.59947
1.60045
1.60143
1.60239
1.60334
1.60428
1.6052
1.60611
1.607
1.60788
1.60874
1.60957
1.61039
1.61118
1.61196
1.61271
1.61344
1.61414
1.61482
1.61548
1.61611
1.61672
1.6173
1.61785
1.61838
1.61889
1.61937
1.61982
1.62025
1.62065
1.62103
1.62139
1.62172
1.62202
1.62231
1.62257
1.62281
1.62303
1.62324
1.62342
1.62359
1.62374
1.62387
1.624
1.62411
1.6242
1.62429
1.62437
1.62445
1.62451
1.62458
1.62464
1.6247
1.62476
1.62483
1.6249
1.62498
1.62506
1.62516
1.62526
1.62538
1.62552
1.62567
1.62584
1.62603
1.62624
1.62647
1.62673
1.62701
1.62732
1.62765
1.62801
1.6284
1.62882
1.62928
1.62976
1.63027
1.63081
1.63139
1.632
1.63264
1.63331
1.63401
1.63475
1.63551
1.63631
1.63714
1.63799
1.63888
1.63979
1.64072
1.64168
1.64267
1.64368
1.6447
1.64575
1.64682
1.6479
1.649
1.65011
1.65123
1.65236
1.6535
1.65465
1.65581
1.65696
1.65812
1.65928
1.66044
1.66159
1.66274
1.66388
1.66501
1.66613
1.66724
1.66833
1.66941
1.67047
1.67152
1.67254
1.67354
1.67451
1.67546
1.67639
1.67729
1.67815
1.67899
1.67979
1.68056
1.6813
1.682
1.68266
1.68328
1.68386
1.6844
1.6849
1.68535
1.68576
1.68613
1.68645
1.68672
1.68694
1.68712
1.68724
1.68732
1.68734
1.68732
1.68724
1.68711
1.68692
1.68668
1.68639
1.68605
1.68565
1.68519
1.68468
1.68412
1.6835
1.68283
1.68211
1.68133
1.6805
1.67962
1.67869
1.6777
1.67666
1.67558
1.67445
1.67326
1.67203
1.67076
1.66944
1.66807
1.66667
1.66522
1.66373
1.6622
1.66063
1.65903
1.6574
1.65574
1.65404
1.65231
1.65056
1.64879
1.64699
1.64517
1.64333
1.64148
1.63961
1.63773
1.63584
1.63395
1.63205
1.63014
1.62824
1.62634
1.62444
1.62255
1.62067
1.6188
1.61694
1.6151
1.61328
1.61147
1.60969
1.60793
1.6062
1.60449
1.60281
1.60117
1.59955
1.59798
1.59644
1.59494
1.59348
1.59206
1.59068
1.58935
1.58807
1.58683
1.58564
1.5845
1.58341
1.58237
1.58138
1.58044
1.57956
1.57873
1.57796
1.57724
1.57657
1.57597
1.57541
1.57491
1.57447
1.57408
1.57374
1.57346
1.57323
1.57306
1.57293
1.57286
1.57284
1.57287
1.57295
1.57307
1.57324
1.57346
1.57371
1.57402
1.57436
1.57474
1.57516
1.57561
1.5761
1.57662
1.57717
1.57775
1.57836
1.57899
1.57964
1.58031
1.581
1.5817
1.58242
1.58315
1.5839
1.58464
1.5854
1.58615
1.58691
1.58767
1.58843
1.58918
1.58993
1.59067
1.5914
1.59212
1.59282
1.59351
1.59419
1.59485
1.59549
1.5961
1.5967
1.59728
1.59783
1.59836
1.59887
1.59935
1.5998
1.60023
1.60063
1.601
1.60135
1.60166
1.60195
1.60222
1.60245
1.60266
1.60285
1.603
1.60313
1.60324
1.60332
1.60338
1.60341
1.60342
1.60342
1.60339
1.60334
1.60327
1.60319
1.60309
1.60298
1.60286
1.60272
1.60258
1.60242
1.60226
1.6021
1.60193
1.60176
1.60159
1.60142
1.60126
1.6011
1.60094
1.6008
1.60066
1.60053
1.60042
1.60032
1.60023
1.60016
1.60011
1.60008
1.60006
1.60007
1.6001
1.60016
1.60023
1.60033
1.60046
1.60061
1.60078
1.60098
1.6012
1.60145
1.60173
1.60202
1.60234
1.60269
1.60306
1.60344
1.60385
1.60428
1.60472
1.60518
1.60565
1.60614
1.60663
1.60714
1.60764
1.60815
1.60867
1.60918
1.60968
1.61018
1.61066
1.61113
1.61158
1.61202
1.61243
1.61281
1.61316
1.61348
1.61377
1.61401
1.61421
1.61436
1.61446
1.61451
1.6145
1.61444
1.61431
1.61411
1.61385
1.61352
1.61311
1.61263
1.61208
1.61144
1.61073
1.60993
1.60905
1.60809
1.60705
1.60592
1.60471
1.60342
1.60204
1.60059
1.59905
1.59743
1.59574
1.59398
1.59214
1.59024
1.58828
1.58625
1.58417
1.58203
1.57985
1.57762
1.57536
1.57307
1.57076
1.56842
1.56607
1.56371
1.56136
1.55901
1.55667
1.55436
1.55207
1.54981
1.54759
1.54543
1.54331
1.54126
1.53927
1.53735
1.53551
1.53376
1.53209
1.53052
1.52904
1.52767
1.5264
1.52524
1.52419
1.52325
1.52243
1.52172
1.52114
1.52067
1.52032
1.52009
1.51998
1.51999
1.52011
1.52035
1.5207
1.52117
1.52174
1.52243
1.52322
1.52411
1.5251
1.52618
1.52736
1.52863
1.52999
1.53144
1.53296
1.53456
1.53624
1.53799
1.53981
1.5417
1.54365
1.54566
1.54773
1.54986
1.55204
1.55427
1.55656
1.55889
1.56126
1.56368
1.56614
1.56864
1.57118
1.57375
1.57636
1.579
1.58168
1.58439
1.58712
1.58989
1.59268
1.5955
1.59835
1.60121
1.60411
1.60702
1.60995
1.6129
1.61587
1.61885
1.62185
1.62486
1.62789
1.63093
1.63397
1.63703
1.64009
1.64316
1.64624
1.64932
1.6524
1.65548
1.65856
1.66163
1.6647
1.66776
1.67082
1.67386
1.6769
1.67992
1.68293
1.68592
1.68889
1.69184
1.69477
1.69768
1.70056
1.70341
1.70624
1.70903
1.71179
1.71452
1.71721
1.71986
1.72248
1.72506
1.72759
1.73008
1.73253
1.73493
1.73728
1.73959
1.74184
1.74404
1.7462
1.74829
1.75034
1.75233
1.75426
1.75614
1.75795
1.75971
1.76141
1.76305
1.76463
1.76615
1.7676
1.76899
1.77032
1.77159
1.77279
1.77393
1.775
1.77601
1.77695
1.77783
1.77864
1.77938
1.78006
1.78067
1.78121
1.78169
1.78209
1.78243
1.7827
1.7829
1.78304
1.7831
1.78309
1.78301
1.78287
1.78265
1.78236
1.782
1.78157
1.78107
1.7805
1.77985
1.77913
1.77834
1.77747
1.77654
1.77553
1.77445
1.77329
1.77206
1.77077
1.76939
1.76795
1.76643
1.76485
1.76319
1.76146
1.75966
1.75779
1.75585
1.75384
1.75176
1.74962
1.74741
1.74513
1.74279
1.74039
1.73793
1.7354
1.73282
1.73017
1.72747
1.72472
1.72191
1.71905
1.71614
1.71318
1.71018
1.70714
1.70406
1.70093
1.69778
1.69459
1.69136
1.68811
1.68484
1.68154
1.67822
1.67489
1.67154
1.66818
1.66481
1.66144
1.65807
1.6547
1.65134
1.64798
1.64464
1.64132
1.63801
1.63473
1.63147
1.62825
1.62505
1.6219
1.61878
1.61571
1.61268
1.6097
1.60678
1.60391
1.60109
1.59834
1.59564
1.59302
1.59046
1.58797
1.58555
1.5832
1.58092
1.57872
1.5766
1.57455
1.57258
1.57068
1.56886
1.56712
1.56546
1.56387
1.56235
1.56091
1.55954
1.55825
1.55702
1.55586
1.55477
1.55375
1.55279
1.5519
1.55106
1.55029
1.54957
1.54891
1.54831
1.54776
1.54726
1.54682
1.54642
1.54608
1.54578
1.54553
1.54533
1.54518
1.54507
1.54501
1.545
1.54503
1.54511
1.54524
1.54542
1.54564
1.54591
1.54624
1.54661
1.54703
1.54751
1.54804
1.54863
1.54927
1.54997
1.55074
1.55156
1.55244
1.55338
1.55439
1.55546
1.5566
1.5578
1.55907
1.56041
1.56181
1.56328
1.56482
1.56642
1.56809
1.56983
1.57164
1.57351
1.57544
1.57744
1.57949
1.5816
1.58377
1.58599
1.58826
1.59058
1.59294
1.59534
1.59778
1.60025
1.60275
1.60528
1.60782
1.61038
1.61295
1.61552
1.61809
1.62066
1.62322
1.62576
1.62828
1.63077
1.63323
1.63565
1.63802
1.64035
1.64261
1.64482
1.64696
1.64903
1.65102
1.65293
1.65476
1.65649
1.65813
1.65967
1.6611
1.66243
1.66365
1.66476
1.66575
1.66663
1.66738
1.66802
1.66854
1.66893
1.66921
1.66936
1.66939
1.6693
1.6691
1.66878
1.66835
1.66781
1.66717
1.66643
1.66559
1.66466
1.66365
1.66256
1.6614
1.66017
1.65889
1.65756
1.65619
1.65479
1.65336
1.65192
1.65047
1.64902
1.64759
1.64617
1.64478
1.64343
1.64212
1.64087
1.63967
1.63854
1.63748
1.63651
1.63562
1.63481
1.63411
1.6335
1.63299
1.63259
1.63229
1.63211
1.63203
1.63207
1.63222
1.63248
1.63285
1.63333
1.63391
1.63461
1.6354
1.63629
1.63728
1.63836
1.63953
1.64079
1.64213
1.64354
1.64503
1.64658
1.64819
1.64986
1.65159
1.65336
1.65517
1.65702
1.65889
1.6608
1.66272
1.66466
1.66661
1.66856
1.6705
1.67245
1.67437
1.67629
1.67818
1.68004
1.68187
1.68366
1.68541
1.68711
1.68876
1.69036
1.6919
1.69337
1.69478
1.69612
1.69738
1.69856
1.69967
1.70069
1.70163
1.70247
1.70324
1.7039
1.70448
1.70497
1.70536
1.70565
1.70585
1.70595
1.70595
1.70586
1.70567
1.70539
1.70501
1.70453
1.70397
1.70331
1.70256
1.70172
1.70079
1.69978
1.69868
1.6975
1.69624
1.69491
1.6935
1.69201
1.69046
1.68884
1.68716
1.68542
1.68362
1.68177
1.67986
1.67791
1.67592
1.67388
1.6718
1.6697
1.66756
1.66539
1.66321
1.661
1.65878
1.65654
1.6543
1.65205
1.64981
1.64757
1.64533
1.6431
1.64089
1.6387
1.63653
1.63438
1.63226
1.63018
1.62813
1.62612
1.62415
1.62223
1.62036
1.61854
1.61677
1.61506
1.61341
1.61182
1.6103
1.60884
1.60745
1.60613
1.60488
1.6037
1.6026
1.60157
1.60062
1.59975
1.59896
1.59824
1.5976
1.59704
1.59656
1.59615
1.59583
1.59558
1.5954
1.5953
1.59527
1.59531
1.59542
1.5956
1.59585
1.59616
1.59653
1.59697
1.59745
1.598
1.59859
1.59923
1.59992
1.60065
1.60143
1.60223
1.60308
1.60395
1.60485
1.60577
1.60672
1.60769
1.60867
1.60966
1.61066
1.61167
1.61269
1.6137
1.61471
1.61571
1.61671
1.61769
1.61866
1.61962
1.62055
1.62146
1.62235
1.62322
1.62405
1.62486
1.62563
1.62637
1.62708
1.62775
1.62838
1.62897
1.62952
1.63003
1.63049
1.63091
1.63129
1.63162
1.63191
1.63215
1.63234
1.63249
1.63259
1.63264
1.63265
1.63261
1.63252
1.63238
1.63219
1.63195
1.63167
1.63134
1.63095
1.63052
1.63004
1.6295
1.62892
1.62828
1.62759
1.62685
1.62606
1.62521
1.62431
1.62336
1.62235
1.62128
1.62016
1.61898
1.61774
1.61645
1.6151
1.61369
1.61222
1.6107
1.60912
1.60748
1.60578
1.60403
1.60222
1.60036
1.59844
1.59647
1.59446
1.59239
1.59028
1.58812
1.58592
1.58369
1.58142
1.57911
1.57678
1.57443
1.57205
1.56966
1.56725
1.56484
1.56243
1.56002
1.55762
1.55523
1.55287
1.55053
1.54821
1.54594
1.54371
1.54152
1.53939
1.53732
1.53531
1.53338
1.53152
1.52975
1.52806
1.52646
1.52496
1.52357
1.52228
1.5211
1.52003
1.51908
1.51825
1.51755
1.51697
1.51652
1.5162
1.51601
1.51595
1.51603
1.51624
1.51658
1.51706
1.51767
1.51841
1.51929
1.52029
1.52143
1.52269
1.52407
1.52558
1.52721
1.52895
1.53081
1.53278
1.53486
1.53704
1.53933
1.54171
1.54419
1.54675
1.54941
1.55214
1.55496
1.55785
1.56081
1.56384
1.56693
1.57008
1.57328
1.57654
1.57984
1.58318
1.58656
1.58997
1.59341
1.59687
1.60035
1.60385
1.60736
1.61088
1.61441
1.61793
1.62145
1.62496
1.62846
1.63195
1.63542
1.63886
1.64228
1.64568
1.64904
1.65237
1.65566
1.65892
1.66213
1.66531
1.66844
1.67152
1.67456
1.67755
1.6805
1.68339
1.68623
1.68902
1.69176
1.69445
1.69709
1.69967
1.70221
1.70469
1.70712
1.7095
1.71184
1.71412
1.71636
1.71855
1.7207
1.72281
1.72487
1.72689
1.72887
1.73081
1.73272
1.73459
1.73642
1.73823
1.74
1.74174
1.74345
1.74513
1.74679
1.74842
1.75003
1.75161
1.75317
1.75471
1.75622
1.75771
1.75919
1.76064
1.76207
1.76349
1.76488
1.76625
1.76761
1.76894
1.77025
1.77154
1.7728
1.77404
1.77526
1.77645
1.77761
1.77875
1.77985
1.78093
1.78197
1.78297
1.78394
1.78488
1.78577
1.78662
1.78742
1.78818
1.7889
1.78956
1.79017
1.79073
1.79124
1.79169
1.79207
1.7924
1.79267
1.79287
1.79301
1.79308
1.79308
1.793
1.79286
1.79265
1.79236
1.79199
1.79155
1.79103
1.79043
1.78976
1.789
1.78816
1.78725
1.78625
1.78516
1.784
1.78275
1.78142
1.78002
1.77853
1.77695
1.7753
1.77357
1.77177
1.76988
1.76792
1.76588
1.76377
1.76158
1.75932
1.757
1.7546
1.75213
1.74961
1.74701
1.74436
1.74164
1.73887
1.73604
1.73315
1.73021
1.72723
1.72419
1.72111
1.71798
1.71482
1.71161
1.70837
1.70509
1.70178
1.69844
1.69507
1.69167
1.68825
1.68481
1.68135
1.67787
1.67437
1.67087
1.66735
1.66382
1.66029
1.65676
1.65322
1.64968
1.64615
1.64262
1.6391
1.63559
1.63209
1.62861
1.62514
1.62169
1.61826
1.61485
1.61147
1.60812
1.60479
1.6015
1.59824
1.59501
1.59183
1.58868
1.58558
1.58252
1.57951
1.57655
1.57364
1.57078
1.56798
1.56524
1.56255
1.55993
1.55737
1.55487
1.55244
1.55008
1.54778
1.54556
1.54341
1.54133
1.53933
1.53741
1.53556
1.53379
1.53209
1.53048
1.52894
1.52748
1.5261
1.5248
1.52358
1.52243
1.52137
1.52038
1.51946
1.51862
1.51786
1.51717
1.51654
1.51599
1.51551
1.51509
1.51473
1.51444
1.51421
1.51404
1.51393
1.51387
1.51386
1.5139
1.51399
1.51413
1.5143
1.51452
1.51478
1.51508
1.51541
1.51577
1.51617
1.51659
1.51704
1.51751
1.51801
1.51853
1.51907
1.51963
1.52021
1.52081
1.52142
1.52205
1.52269
1.52334
1.524
1.52468
1.52537
1.52607
1.52678
1.5275
1.52824
1.52898
1.52973
1.53049
1.53127
1.53206
1.53286
1.53367
1.5345
1.53534
1.5362
1.53707
1.53796
1.53887
1.5398
1.54075
1.54172
1.54271
1.54373
1.54477
1.54583
1.54692
1.54804
1.54918
1.55036
1.55156
1.55279
1.55405
1.55534
1.55665
1.558
1.55937
1.56077
1.5622
1.56366
1.56513
1.56664
1.56816
1.56971
1.57127
1.57285
1.57445
1.57605
1.57767
1.5793
1.58093
1.58256
1.58419
1.58582
1.58743
1.58904
1.59064
1.59221
1.59377
1.5953
1.5968
1.59827
1.59971
1.60111
1.60247
1.60378
1.60504
1.60625
1.60741
1.60851
1.60955
1.61052
1.61143
1.61228
1.61305
1.61376
1.61438
1.61494
1.61541
1.61581
1.61612
1.61636
1.61651
1.61658
1.61656
1.61646
1.61627
1.616
1.61565
1.61521
1.61469
1.61408
1.61339
1.61262
1.61177
1.61084
1.60983
1.60875
1.60759
1.60636
1.60505
1.60368
1.60224
1.60074
1.59917
1.59755
1.59587
1.59414
1.59235
1.59052
1.58865
1.58674
1.58479
1.5828
1.58079
1.57874
1.57668
1.5746
1.57249
1.57038
1.56826
1.56613
1.564
1.56187
1.55974
1.55762
1.55551
1.55342
1.55134
1.54928
1.54723
1.54522
1.54322
1.54125
1.53931
1.5374
1.53552
1.53367
1.53185
1.53006
1.52831
1.52658
1.52489
1.52323
1.52161
1.52001
1.51844
1.51691
1.51539
1.51391
1.51245
1.51102
1.50961
1.50822
1.50685
1.5055
1.50417
1.50285
1.50155
1.50026
1.49899
1.49772
1.49647
1.49522
1.49398
1.49275
1.49153
1.49031
1.4891
1.48789
1.48669
1.4855
1.48431
1.48313
1.48195
1.48078
1.47962
1.47848
1.47734
1.47621
1.4751
1.474
1.47292
1.47186
1.47082
1.4698
1.46881
1.46785
1.46692
1.46602
1.46516
1.46434
1.46356
1.46283
1.46214
1.46151
1.46094
1.46042
1.45997
1.45958
1.45926
1.45901
1.45884
1.45874
1.45873
1.4588
1.45896
1.4592
1.45954
1.45996
1.46049
1.4611
1.46182
1.46263
1.46354
1.46454
1.46565
1.46685
1.46815
1.46955
1.47105
1.47263
1.47432
1.47609
1.47795
1.4799
1.48193
1.48404
1.48624
1.4885
1.49084
1.49325
1.49572
1.49825
1.50083
1.50347
1.50616
1.5089
1.51167
1.51448
1.51732
1.52019
1.52308
1.526
1.52893
1.53187
1.53482
1.53778
1.54074
1.54369
1.54664
1.54958
1.55251
1.55542
1.55831
1.56118
1.56403
1.56684
1.56963
1.57238
1.57509
1.57777
1.5804
1.58299
1.58553
1.58803
1.59047
1.59286
1.5952
1.59747
1.59969
1.60185
1.60394
1.60596
1.60792
1.6098
1.61162
1.61337
1.61504
1.61663
1.61815
1.61958
1.62094
1.62221
1.6234
1.62451
1.62553
1.62646
1.62731
1.62807
1.62874
1.62932
1.62982
1.63022
1.63054
1.63078
1.63092
1.63098
1.63095
1.63084
1.63064
1.63036
1.63
1.62957
1.62905
1.62846
1.6278
1.62707
1.62627
1.62541
1.62449
1.6235
1.62246
1.62137
1.62023
1.61904
1.6178
1.61653
1.61522
1.61388
1.61252
1.61112
1.60971
1.60828
1.60683
1.60537
1.60391
1.60245
1.60098
1.59952
1.59807
1.59663
1.5952
1.59379
1.5924
1.59103
1.58969
1.58838
1.58709
1.58584
1.58463
1.58345
1.58231
1.5812
1.58014
1.57912
1.57815
1.57722
1.57633
1.57548
1.57467
1.57391
1.57319
1.57252
1.57188
1.57129
1.57073
1.57021
1.56973
1.56928
1.56886
1.56848
1.56812
1.56779
1.56749
1.5672
1.56694
1.56669
1.56646
1.56625
1.56604
1.56584
1.56564
1.56545
1.56525
1.56505
1.56485
1.56464
1.56442
1.56418
1.56393
1.56367
1.56339
1.56308
1.56276
1.56241
1.56203
1.56163
1.5612
1.56075
1.56026
1.55974
1.55918
1.5586
1.55798
1.55733
1.55664
1.55592
1.55516
1.55437
1.55355
1.55269
1.55179
1.55086
1.5499
1.54891
1.54788
1.54681
1.54572
1.54459
1.54343
1.54224
1.54102
1.53977
1.53849
1.53718
1.53585
1.53448
1.53309
1.53168
1.53023
1.52876
1.52727
1.52575
1.52421
1.52264
1.52105
1.51943
1.5178
1.51614
1.51445
1.51275
1.51102
1.50927
1.50751
1.50572
1.50391
1.50209
1.50025
1.49839
1.49652
1.49463
1.49273
1.49081
1.48889
1.48695
1.48501
1.48306
1.48111
1.47916
1.47721
1.47526
1.47331
1.47138
1.46946
1.46755
1.46566
1.46379
1.46194
1.46013
1.45834
1.4566
1.45489
1.45323
1.45162
1.45007
1.44857
1.44714
1.44577
1.44447
1.44325
1.44211
1.44106
1.44009
1.43921
1.43843
1.43776
1.43718
1.43671
1.43635
1.43609
1.43596
1.43593
1.43602
1.43623
1.43655
1.437
1.43755
1.43823
1.43902
1.43992
1.44093
1.44205
1.44328
1.44461
1.44604
1.44756
1.44917
1.45087
1.45265
1.45451
1.45644
1.45843
1.46049
1.4626
1.46476
1.46696
1.4692
1.47148
1.47378
1.47611
1.47845
1.48081
1.48317
1.48554
1.4879
1.49026
1.49261
1.49495
1.49727
1.49958
1.50186
1.50411
1.50634
1.50853
1.5107
1.51283
1.51492
1.51698
1.51901
1.52099
1.52294
1.52485
1.52673
1.52856
1.53036
1.53212
1.53385
1.53554
1.5372
1.53883
1.54043
1.542
1.54354
1.54505
1.54654
1.54801
1.54946
1.55089
1.5523
1.5537
1.55508
1.55646
1.55782
1.55917
1.56052
1.56187
1.56321
1.56454
1.56588
1.56721
1.56855
1.56988
1.57122
1.57256
1.57391
1.57526
1.57661
1.57797
1.57933
1.5807
1.58207
1.58344
1.58481
1.58619
1.58757
1.58895
1.59033
1.5917
1.59308
1.59445
1.59581
1.59717
1.59852
1.59986
1.6012
1.60252
1.60383
1.60512
1.6064
1.60766
1.6089
1.61012
1.61132
1.6125
1.61364
1.61477
1.61586
1.61693
1.61797
1.61897
1.61995
1.62089
1.6218
1.62268
1.62352
1.62433
1.6251
1.62584
1.62653
1.6272
1.62782
1.62841
1.62896
1.62947
1.62995
1.63039
1.63079
1.63116
1.63149
1.63178
1.63204
1.63226
1.63245
1.6326
1.63273
1.63281
1.63287
1.6329
1.6329
1.63287
1.6328
1.63272
1.6326
1.63246
1.6323
1.63212
1.63191
1.63168
1.63142
1.63115
1.63086
1.63055
1.63022
1.62987
1.62951
1.62913
1.62874
1.62833
1.62791
1.62748
1.62704
1.62658
1.62611
1.62564
1.62515
1.62466
1.62415
1.62364
1.62312
1.62259
1.62206
1.62151
1.62096
1.6204
1.61984
1.61926
1.61868
1.61809
1.61749
1.61688
1.61627
1.61564
1.615
1.61435
1.6137
1.61303
1.61235
1.61165
1.61095
1.61023
1.60949
1.60874
1.60797
1.60719
1.60639
1.60557
1.60473
1.60387
1.603
1.6021
1.60119
1.60025
1.59929
1.59832
1.59732
1.5963
1.59526
1.5942
1.59312
1.59202
1.5909
1.58976
1.58861
1.58743
1.58624
1.58503
1.58381
1.58258
1.58133
1.58008
1.57881
1.57754
1.57626
1.57499
1.57371
1.57243
1.57115
1.56989
1.56862
1.56737
1.56614
1.56491
1.56371
1.56252
1.56136
1.56023
1.55912
1.55804
1.557
1.55599
1.55503
1.5541
1.55322
1.55238
1.55159
1.55086
1.55018
1.54955
1.54898
1.54846
1.54801
1.54762
1.5473
1.54704
1.54684
1.54671
1.54666
1.54667
1.54675
1.5469
1.54712
1.54742
1.54778
1.54822
1.54872
1.54929
1.54993
1.55064
1.55142
1.55225
1.55315
1.55412
1.55514
1.55621
1.55734
1.55852
1.55976
1.56104
1.56236
1.56373
1.56513
1.56657
1.56805
1.56955
1.57107
1.57262
1.57419
1.57577
1.57736
1.57895
1.58055
1.58215
1.58375
1.58533
1.5869
1.58846
1.58999
1.5915
1.59297
1.59442
1.59582
1.59719
1.59851
1.59978
1.601
1.60216
1.60326
1.60429
1.60526
1.60616
1.60697
1.60771
1.60837
1.60894
1.60942
1.60981
1.6101
1.6103
1.61039
1.61038
1.61027
1.61005
1.60972
1.60928
1.60873
1.60806
1.60728
1.60638
1.60537
1.60423
1.60298
1.60161
1.60012
1.59851
1.59678
1.59494
1.59298
1.59091
1.58873
1.58644
1.58404
1.58154
1.57893
1.57623
1.57343
1.57054
1.56756
1.5645
1.56137
1.55816
1.55489
1.55155
1.54817
1.54473
1.54125
1.53774
1.5342
1.53063
1.52705
1.52345
1.51986
1.51627
1.51269
1.50913
1.50559
1.50209
1.49862
1.4952
1.49183
1.48851
1.48526
1.48207
1.47895
1.47591
1.47295
1.47007
1.46728
1.46458
1.46197
1.45945
1.45703
1.45471
1.45249
1.45037
1.44835
1.44642
1.4446
1.44287
1.44124
1.4397
1.43826
1.43691
1.43565
1.43448
1.4334
1.4324
1.43148
1.43064
1.42987
1.42918
1.42855
1.428
1.4275
1.42707
1.4267
1.42639
1.42613
1.42593
1.42577
1.42567
1.42561
1.4256
1.42563
1.4257
1.42582
1.42598
1.42617
1.42641
1.42668
1.42699
1.42733
1.42772
1.42814
1.42859
1.42908
1.42961
1.43017
1.43077
1.43141
1.43209
1.43281
1.43356
1.43436
1.43519
1.43607
1.43699
1.43795
1.43895
1.44
1.4411
1.44224
1.44342
1.44465
1.44593
1.44726
1.44863
1.45006
1.45153
1.45305
1.45462
1.45624
1.4579
1.45962
1.46139
1.4632
1.46507
1.46698
1.46894
1.47094
1.47299
1.47508
1.47722
1.4794
1.48162
1.48388
1.48618
1.48851
1.49088
1.49329
1.49572
1.49819
1.50068
1.5032
1.50575
1.50832
1.51091
1.51352
1.51614
1.51878
1.52143
1.52409
1.52676
1.52944
1.53212
1.53481
1.5375
1.54018
1.54286
1.54554
1.54821
1.55087
1.55352
1.55616
1.55878
1.56139
1.56398
1.56655
1.56909
1.57162
1.57413
1.5766
1.57906
1.58148
1.58388
1.58624
1.58858
1.59088
1.59315
1.59538
1.59757
1.59972
1.60183
1.6039
1.60593
1.60791
1.60984
1.61172
1.61355
1.61533
1.61705
1.61871
1.62032
1.62187
1.62335
1.62477
1.62612
1.62741
1.62861
1.62975
1.6308
1.63178
1.63268
1.63349
1.63421
1.63484
1.63539
1.63584
1.6362
1.63646
1.63662
1.63668
1.63664
1.6365
1.63625
1.6359
1.63544
1.63488
1.63421
1.63343
1.63255
1.63157
1.63048
1.62928
1.62798
1.62658
1.62508
1.62348
1.62179
1.62001
1.61813
1.61616
1.61412
1.61199
1.60978
1.6075
1.60516
1.60275
1.60028
1.59776
1.59519
1.59258
1.58993
1.58725
1.58454
1.58182
1.57908
1.57634
1.57359
1.57085
1.56812
1.56542
1.56274
1.56009
1.55748
1.55491
1.5524
1.54994
1.54755
1.54523
1.54298
1.54082
1.53874
1.53675
1.53486
1.53308
1.5314
1.52983
1.52837
1.52703
1.52582
1.52472
1.52375
1.52292
1.52221
1.52163
1.52119
1.52088
1.52071
1.52068
1.52078
1.52101
1.52139
1.52189
1.52253
1.52331
1.52421
1.52525
1.52641
1.5277
1.52911
1.53064
1.53229
1.53405
1.53593
1.53792
1.54001
1.5422
1.5445
1.54689
1.54937
1.55193
1.55458
1.55731
1.56011
1.56298
1.56592
1.56891
1.57197
1.57507
1.57823
1.58142
1.58465
1.58791
1.59121
1.59452
1.59786
1.6012
1.60456
1.60791
1.61127
1.61462
1.61796
1.62129
1.62459
1.62787
1.63111
1.63432
1.6375
1.64062
1.6437
1.64673
1.6497
1.65261
1.65546
1.65823
1.66094
1.66356
1.66611
1.66858
1.67095
1.67324
1.67544
1.67754
1.67955
1.68146
1.68326
1.68497
1.68657
1.68806
1.68945
1.69072
1.69189
1.69295
1.6939
1.69473
1.69546
1.69608
1.69659
1.69698
1.69727
1.69745
1.69752
1.69749
1.69736
1.69712
1.69678
1.69634
1.6958
1.69517
1.69444
1.69363
1.69272
1.69173
1.69066
1.68951
1.68828
1.68697
1.6856
1.68415
1.68265
1.68108
1.67945
1.67777
1.67604
1.67426
1.67244
1.67058
1.66869
1.66676
1.6648
1.66282
1.66082
1.6588
1.65677
1.65473
1.65269
1.65064
1.64861
1.64658
1.64456
1.64256
1.64058
1.63863
1.63671
1.63482
1.63297
1.63116
1.6294
1.62769
1.62603
1.62443
1.6229
1.62142
1.62002
1.61868
1.61742
1.61623
1.61512
1.6141
1.61315
1.61229
1.61151
1.61082
1.61021
1.60969
1.60926
1.60892
1.60866
1.60849
1.6084
1.6084
1.60848
1.60863
1.60887
1.60918
1.60956
1.61001
1.61053
1.61111
1.61174
1.61243
1.61317
1.61396
1.61479
1.61565
1.61655
1.61748
1.61843
1.61941
1.62039
1.62139
1.6224
1.62341
1.62443
1.62543
1.62643
1.62742
1.6284
1.62935
1.63029
1.6312
1.63209
1.63295
1.63378
1.63458
1.63535
1.63608
1.63678
1.63744
1.63807
1.63866
1.63922
1.63975
1.64024
1.64071
1.64114
1.64154
1.64192
1.64227
1.6426
1.64291
1.64319
1.64347
1.64373
1.64397
1.64421
1.64445
1.64468
1.64491
1.64515
1.64539
1.64564
1.6459
1.64617
1.64646
1.64676
1.64707
1.64741
1.64776
1.64814
1.64853
1.64895
1.64938
1.64984
1.65031
1.65081
1.65132
1.65184
1.65238
1.65293
1.65349
1.65405
1.65462
1.65519
1.65575
1.65631
1.65686
1.65739
1.65791
1.6584
1.65887
1.65931
1.65971
1.66007
1.6604
1.66067
1.6609
1.66107
1.66119
1.66124
1.66123
1.66115
1.661
1.66078
1.66048
1.6601
1.65964
1.6591
1.65848
1.65777
1.65697
1.65608
1.6551
1.65403
1.65288
1.65163
1.65029
1.64887
1.64735
1.64575
1.64406
1.64229
1.64043
1.63849
1.63647
1.63437
1.6322
1.62996
1.62765
1.62528
1.62284
1.62034
1.61779
1.61518
1.61253
1.60984
1.60711
1.60435
1.60155
1.59873
1.5959
1.59305
1.59018
1.58732
1.58445
1.5816
1.57875
1.57592
1.57311
1.57033
1.56757
1.56486
1.56219
1.55956
1.55699
1.55447
1.55201
1.54962
1.5473
1.54506
1.5429
1.54082
1.53882
1.53692
1.53512
1.53341
1.5318
1.5303
1.52891
1.52762
1.52644
1.52538
1.52443
1.52359
1.52287
1.52227
1.52178
1.52142
1.52117
1.52103
1.52102
1.52111
1.52132
1.52165
1.52208
1.52262
1.52327
1.52402
1.52487
1.52582
1.52687
1.528
1.52923
1.53055
1.53194
1.53341
1.53496
1.53658
1.53827
1.54002
1.54183
1.54369
1.54561
1.54757
1.54957
1.55161
1.55369
1.5558
1.55793
1.56009
1.56226
1.56445
1.56665
1.56885
1.57106
1.57326
1.57546
1.57765
1.57983
1.58198
1.58412
1.58624
1.58832
1.59038
1.5924
1.59438
1.59632
1.59822
1.60007
1.60188
1.60363
1.60532
1.60696
1.60853
1.61005
1.6115
1.61288
1.6142
1.61544
1.61661
1.6177
1.61872
1.61966
1.62053
1.62131
1.62201
1.62263
1.62317
1.62362
1.62399
1.62427
1.62447
1.62459
1.62463
1.62458
1.62444
1.62423
1.62394
1.62356
1.62311
1.62257
1.62197
1.62128
1.62053
1.6197
1.61881
1.61785
1.61682
1.61573
1.61458
1.61338
1.61212
1.61081
1.60946
1.60806
1.60662
1.60515
1.60364
1.6021
1.60054
1.59896
1.59736
1.59574
1.59412
1.59249
1.59086
1.58923
1.58761
1.586
1.58441
1.58283
1.58128
1.57976
1.57827
1.57681
1.5754
1.57402
1.5727
1.57142
1.5702
1.56903
1.56793
1.56688
1.56591
1.565
1.56417
1.5634
1.56272
1.56211
1.56158
1.56114
1.56078
1.5605
1.56031
1.5602
1.56018
1.56025
1.56041
1.56066
1.56099
1.56141
1.56192
1.56252
1.5632
1.56397
1.56482
1.56575
1.56677
1.56786
1.56904
1.57029
1.57161
1.57301
1.57448
1.57601
1.57761
1.57927
1.58099
1.58277
1.5846
1.58649
1.58843
1.59041
1.59243
1.5945
1.59661
1.59874
1.60091
1.60311
1.60534
1.60758
1.60985
1.61213
1.61443
1.61674
1.61905
1.62137
1.6237
1.62602
1.62833
1.63064
1.63294
1.63523
1.6375
1.63975
1.64198
1.64419
1.64637
1.64852
1.65064
1.65272
1.65477
1.65678
1.65875
1.66068
1.66256
1.66439
1.66617
1.66789
1.66957
1.67118
1.67274
1.67424
1.67568
1.67706
1.67837
1.67961
1.68078
1.68188
1.68291
1.68387
1.68475
1.68555
1.68628
1.68693
1.68749
1.68798
1.68839
1.68872
1.68896
1.68913
1.6892
1.68919
1.6891
1.68892
1.68866
1.68831
1.68788
1.68736
1.68675
1.68606
1.68529
1.68443
1.68348
1.68246
1.68135
1.68016
1.67889
1.67754
1.67611
1.67461
1.67303
1.67137
1.66964
1.66784
1.66596
1.66402
1.66201
1.65993
1.65779
1.65558
1.65332
1.65099
1.64861
1.64617
1.64368
1.64113
1.63853
1.63589
1.6332
1.63046
1.62768
1.62485
1.62199
1.61909
1.61615
1.61318
1.61018
1.60715
1.60409
1.60101
1.5979
1.59476
1.59161
1.58844
1.58526
1.58206
1.57884
1.57562
1.5724
1.56916
1.56593
1.56269
1.55946
1.55624
1.55302
1.54981
1.54662
1.54344
1.54028
1.53714
1.53403
1.53095
1.52789
1.52487
1.52188
1.51894
1.51603
1.51317
1.51035
1.50759
1.50488
1.50222
1.49962
1.49709
1.49462
1.49221
1.48987
1.48761
1.48542
1.4833
1.48127
1.47931
1.47744
1.47565
1.47394
1.47232
1.47078
1.46933
1.46797
1.4667
1.46551
1.46441
1.4634
1.46247
1.46163
1.46088
1.46021
1.45962
1.45911
1.45867
1.45832
1.45804
1.45782
1.45768
1.45761
1.45759
1.45764
1.45774
1.4579
1.45811
1.45837
1.45867
1.45902
1.4594
1.45982
1.46027
1.46074
1.46125
1.46177
1.46231
1.46287
1.46344
1.46402
1.46462
1.46521
1.46581
1.46641
1.46702
1.46762
1.46821
1.4688
1.46939
1.46996
1.47053
1.47109
1.47163
1.47217
1.4727
1.47321
1.47372
1.47422
1.4747
1.47518
1.47564
1.4761
1.47655
1.477
1.47744
1.47788
1.47831
1.47875
1.47919
1.47963
1.48007
1.48052
1.48098
1.48145
1.48193
1.48243
1.48294
1.48347
1.48402
1.4846
1.48519
1.48581
1.48646
1.48714
1.48785
1.48858
1.48935
1.49016
1.49099
1.49186
1.49276
1.4937
1.49467
1.49568
1.49671
1.49778
1.49888
1.5
1.50116
1.50233
1.50353
1.50475
1.50599
1.50724
1.5085
1.50977
1.51105
1.51233
1.51361
1.51488
1.51614
1.5174
1.51863
1.51985
1.52105
1.52223
1.52338
1.5245
1.52559
1.52665
1.52767
1.52865
1.5296
1.53051
1.53139
1.53222
1.53302
1.53378
1.53451
1.5352
1.53585
1.53648
1.53708
1.53765
1.5382
1.53873
1.53925
1.53975
1.54024
1.54073
1.54122
1.54171
1.54222
1.54273
1.54327
1.54383
1.54442
1.54504
1.54569
1.54639
1.54713
1.54793
1.54877
1.54967
1.55063
1.55166
1.55274
1.5539
1.55512
1.55642
1.55778
1.55922
1.56073
1.56231
1.56396
1.56569
1.56748
1.56934
1.57127
1.57326
1.57531
1.57741
1.57957
1.58178
1.58404
1.58634
1.58867
1.59103
1.59342
1.59584
1.59827
1.60071
1.60316
1.6056
1.60805
1.61048
1.61289
1.61529
1.61765
1.61999
1.62228
1.62454
1.62674
1.62889
1.63099
1.63302
1.63498
1.63687
1.63868
1.64041
1.64205
1.64361
1.64507
1.64644
1.64771
1.64888
1.64994
1.65089
1.65173
1.65246
1.65307
1.65356
1.65394
1.6542
1.65433
1.65435
1.65423
1.654
1.65364
1.65316
1.65255
1.65181
1.65096
1.64997
1.64887
1.64765
1.64631
1.64484
1.64327
1.64158
1.63977
1.63787
1.63585
1.63373
1.63152
1.62921
1.6268
1.62432
1.62174
1.61909
1.61637
1.61357
1.61072
1.6078
1.60484
1.60183
1.59878
1.59569
1.59258
1.58946
1.58631
1.58317
1.58002
1.57688
1.57376
1.57066
1.5676
1.56457
1.56159
1.55866
1.55579
1.553
1.55027
1.54763
1.54508
1.54263
1.54028
1.53803
1.5359
1.53389
1.53201
1.53026
1.52864
1.52715
1.52582
1.52462
1.52358
1.52269
1.52195
1.52137
1.52095
1.52068
1.52057
1.52061
1.52082
1.52118
1.5217
1.52237
1.52319
1.52417
1.52529
1.52655
1.52795
1.52949
1.53115
1.53295
1.53487
1.5369
1.53905
1.54131
1.54366
1.54612
1.54867
1.5513
1.55401
1.5568
1.55965
1.56257
1.56554
1.56857
1.57164
1.57475
1.5779
1.58107
1.58427
1.58749
1.59072
1.59396
1.5972
1.60044
1.60368
1.60691
1.61012
1.61332
1.6165
1.61965
1.62277
1.62586
1.62892
1.63194
1.63492
1.63786
1.64076
1.6436
1.6464
1.64915
1.65185
1.65449
1.65707
1.65961
1.66208
1.6645
1.66685
1.66915
1.6714
1.67358
1.6757
1.67777
1.67978
1.68173
1.68363
1.68546
1.68725
1.68898
1.69065
1.69228
1.69385
1.69538
1.69686
1.69829
1.69967
1.70101
1.70232
1.70357
1.70479
1.70598
1.70712
1.70823
1.70931
1.71036
1.71137
1.71235
1.71331
1.71424
1.71514
1.71602
1.71687
1.7177
1.7185
1.71929
1.72005
1.72079
1.7215
1.7222
1.72287
1.72352
1.72415
1.72475
1.72533
1.72588
1.72641
1.72692
1.7274
1.72785
1.72827
1.72866
1.72902
1.72935
1.72964
1.7299
1.73012
1.73031
1.73045
1.73055
1.73061
1.73063
1.7306
1.73052
1.7304
1.73022
1.72999
1.72971
1.72937
1.72898
1.72853
1.72803
1.72746
1.72683
1.72614
1.72538
1.72456
1.72367
1.72271
1.72169
1.72059
1.71943
1.71819
1.71688
1.7155
1.71404
1.71251
1.71089
1.70921
1.70744
1.7056
1.70367
1.70167
1.69958
1.69742
1.69517
1.69284
1.69042
1.68793
1.68535
1.68268
1.67993
1.6771
1.67418
1.67118
1.6681
1.66493
1.66168
1.65835
1.65493
1.65144
1.64786
1.64421
1.64048
1.63668
1.6328
1.62885
1.62483
1.62074
1.61658
1.61236
1.60809
1.60375
1.59936
1.59492
1.59043
1.58589
1.58132
1.57671
1.57206
1.56739
1.5627
1.55798
1.55325
1.54851
1.54377
1.53902
1.53428
1.52955
1.52484
1.52015
1.51548
1.51085
1.50625
1.5017
1.4972
1.49275
1.48836
1.48404
1.47978
1.4756
1.47151
1.4675
1.46357
1.45975
1.45602
1.4524
1.44888
1.44547
1.44218
1.439
1.43594
1.43301
1.4302
1.42752
1.42496
1.42254
1.42024
1.41807
1.41603
1.41413
1.41235
1.4107
1.40917
1.40777
1.40649
1.40534
1.4043
1.40338
1.40257
1.40186
1.40127
1.40078
1.40038
1.40009
1.39988
1.39976
1.39972
1.39976
1.39988
1.40007
1.40032
1.40064
1.40101
1.40144
1.40191
1.40244
1.403
1.40361
1.40425
1.40492
1.40563
1.40636
1.40711
1.40788
1.40867
1.40947
1.41029
1.41112
1.41196
1.4128
1.41365
1.41451
1.41536
1.41622
1.41708
1.41794
1.4188
1.41966
1.42051
1.42137
1.42223
1.42309
1.42394
1.4248
1.42566
1.42652
1.42738
1.42825
1.42912
1.43
1.43089
1.43178
1.43268
1.4336
1.43453
1.43547
1.43643
1.43741
1.43841
1.43944
1.44048
1.44156
1.44266
1.4438
1.44496
1.44616
1.4474
1.44868
1.45
1.45136
1.45276
1.45422
1.45572
1.45727
1.45887
1.46053
1.46225
1.46402
1.46585
1.46774
1.46969
1.4717
1.47378
1.47592
1.47813
1.4804
1.48273
1.48513
1.4876
1.49013
1.49273
1.49539
1.49812
1.50091
1.50376
1.50667
1.50963
1.51266
1.51573
1.51887
1.52205
1.52528
1.52855
1.53187
1.53523
1.53863
1.54205
1.54551
1.549
1.55251
1.55604
1.55958
1.56314
1.56671
1.57029
1.57387
1.57744
1.58101
1.58458
1.58813
1.59166
1.59518
1.59867
1.60214
1.60557
1.60898
1.61235
1.61568
1.61897
1.62221
1.62541
1.62856
1.63166
1.6347
1.63768
1.6406
1.64346
1.64626
1.649
1.65166
1.65426
1.65678
1.65924
1.66162
1.66392
1.66615
1.66831
1.67038
1.67238
1.6743
1.67613
1.67789
1.67956
1.68115
1.68266
1.68408
1.68542
1.68667
1.68784
1.68893
1.68993
1.69084
1.69168
1.69243
1.69309
1.69367
1.69417
1.69458
1.69491
1.69515
1.69532
1.69539
1.69539
1.6953
1.69514
1.69489
1.69456
1.69415
1.69366
1.69309
1.69245
1.69173
1.69092
1.69005
1.6891
1.68807
1.68697
1.6858
1.68455
1.68324
1.68185
1.68039
1.67887
1.67728
1.67563
1.67391
1.67213
1.67029
1.6684
1.66644
1.66444
1.66238
1.66027
1.65811
1.65591
1.65367
1.65138
1.64906
1.64671
1.64432
1.64191
1.63947
1.637
1.63452
1.63203
1.62952
1.627
1.62447
1.62194
1.61941
1.61689
1.61437
1.61186
1.60937
1.60689
1.60442
1.60198
1.59957
1.59717
1.59481
1.59247
1.59016
1.58789
1.58565
1.58345
1.58128
1.57915
1.57706
1.575
1.57298
1.57101
1.56907
1.56716
1.5653
1.56347
1.56168
1.55992
1.55819
1.5565
1.55484
1.55321
1.5516
1.55003
1.54847
1.54694
1.54543
1.54394
1.54247
1.54101
1.53957
1.53815
1.53673
1.53532
1.53393
1.53254
1.53116
1.52979
1.52842
1.52705
1.52569
1.52433
1.52298
1.52162
1.52028
1.51893
1.51759
1.51625
1.51491
1.51358
1.51226
1.51095
1.50964
1.50834
1.50705
1.50578
1.50452
1.50328
1.50205
1.50085
1.49966
1.4985
1.49737
1.49626
1.49518
1.49413
1.49312
1.49214
1.49119
1.49029
1.48942
1.4886
1.48781
1.48707
1.48637
1.48572
1.48512
1.48457
1.48406
1.4836
1.48319
1.48283
1.48252
1.48225
1.48204
1.48187
1.48175
1.48168
1.48165
1.48167
1.48173
1.48184
1.48199
1.48218
1.48241
1.48267
1.48298
1.48331
1.48368
1.48408
1.48451
1.48497
1.48545
1.48596
1.48649
1.48704
1.48761
1.48819
1.48879
1.48941
1.49003
1.49067
1.49131
1.49196
1.49262
1.49328
1.49394
1.49461
1.49527
1.49593
1.49659
1.49724
1.49789
1.49852
1.49915
1.49977
1.50038
1.50097
1.50155
1.50212
1.50266
1.50319
1.50371
1.5042
1.50467
1.50512
1.50554
1.50594
1.50632
1.50667
1.50699
1.50729
1.50756
1.5078
1.50801
1.5082
1.50836
1.50848
1.50859
1.50866
1.50871
1.50873
1.50872
1.50869
1.50864
1.50857
1.50848
1.50837
1.50825
1.50811
1.50796
1.50781
1.50765
1.50749
1.50733
1.50718
1.50704
1.50691
1.5068
1.50671
1.50664
1.50661
1.5066
1.50664
1.50672
1.50684
1.50702
1.50725
1.50753
1.50788
1.5083
1.50878
1.50934
1.50998
1.51069
1.51148
1.51236
1.51332
1.51436
1.51549
1.51671
1.51801
1.5194
1.52087
1.52243
1.52407
1.52579
1.52759
1.52947
1.53142
1.53343
1.53552
1.53766
1.53985
1.5421
1.5444
1.54674
1.54911
1.55152
1.55396
1.55641
1.55889
1.56138
1.56387
1.56637
1.56886
1.57135
1.57383
1.57629
1.57874
1.58116
1.58355
1.58592
1.58825
1.59055
1.59281
1.59504
1.59722
1.59936
1.60145
1.6035
1.6055
1.60746
1.60936
1.61122
1.61303
1.61479
1.61651
1.61817
1.61979
1.62137
1.62289
1.62438
1.62581
1.62721
1.62856
1.62987
1.63114
1.63237
1.63356
1.63471
1.63583
1.63691
1.63796
1.63897
1.63995
1.6409
1.64182
1.64271
1.64357
1.6444
1.6452
1.64598
1.64673
1.64746
1.64817
1.64885
1.6495
1.65014
1.65075
1.65135
1.65192
1.65246
1.65299
1.6535
1.65399
1.65445
1.6549
1.65533
1.65574
1.65613
1.6565
1.65686
1.65719
1.65751
1.65781
1.6581
1.65836
1.65861
1.65885
1.65907
1.65927
1.65946
1.65963
1.65979
1.65994
1.66007
1.66019
1.6603
1.66039
1.66047
1.66054
1.6606
1.66065
1.66069
1.66072
1.66075
1.66076
1.66077
1.66078
1.66078
1.66077
1.66076
1.66075
1.66073
1.66072
1.6607
1.66068
1.66067
1.66065
1.66064
1.66064
1.66064
1.66064
1.66065
1.66067
1.6607
1.66073
1.66078
1.66084
1.6609
1.66098
1.66107
1.66118
1.66129
1.66143
1.66157
1.66173
1.66191
1.6621
1.66231
1.66253
1.66276
1.66301
1.66328
1.66356
1.66385
1.66415
1.66447
1.6648
1.66515
1.6655
1.66587
1.66624
1.66662
1.66701
1.6674
1.6678
1.66821
1.66862
1.66903
1.66944
1.66986
1.67027
1.67068
1.67109
1.67149
1.67189
1.67228
1.67267
1.67304
1.6734
1.67376
1.6741
1.67443
1.67474
1.67504
1.67532
1.67559
1.67584
1.67607
1.67629
1.67648
1.67666
1.67681
1.67694
1.67705
1.67714
1.6772
1.67725
1.67726
1.67726
1.67723
1.67718
1.67711
1.67701
1.67689
1.67675
1.67659
1.67641
1.6762
1.67598
1.67574
1.67548
1.6752
1.67491
1.6746
1.67428
1.67394
1.67359
1.67323
1.67287
1.67249
1.67211
1.67172
1.67133
1.67094
1.67055
1.67016
1.66978
1.6694
1.66903
1.66866
1.66831
1.66796
1.66763
1.66732
1.66701
1.66673
1.66646
1.66621
1.66599
1.66578
1.66559
1.66543
1.66529
1.66518
1.66509
1.66502
1.66498
1.66496
1.66497
1.665
1.66506
1.66514
1.66525
1.66538
1.66553
1.6657
1.6659
1.66611
1.66635
1.66661
1.66688
1.66718
1.66749
1.66781
1.66815
1.66851
1.66888
1.66927
1.66966
1.67007
1.67048
1.67091
1.67134
1.67178
1.67222
1.67267
1.67312
1.67358
1.67403
1.67449
1.67494
1.6754
1.67585
1.67629
1.67673
1.67716
1.67758
1.67799
1.6784
1.67879
1.67917
1.67954
1.67989
1.68022
1.68054
1.68084
1.68112
1.68137
1.68161
1.68181
1.682
1.68215
1.68228
1.68237
1.68244
1.68247
1.68247
1.68244
1.68237
1.68226
1.68211
1.68193
1.6817
1.68143
1.68112
1.68076
1.68036
1.67991
1.67942
1.67888
1.67829
1.67765
1.67696
1.67623
1.67544
1.67461
1.67372
1.67279
1.6718
1.67077
1.66969
1.66855
1.66737
1.66614
1.66487
1.66354
1.66217
1.66076
1.65931
1.65781
1.65628
1.6547
1.65309
1.65144
1.64976
1.64804
1.6463
1.64453
1.64273
1.64091
1.63906
1.6372
1.63532
1.63342
1.63151
1.62959
1.62766
1.62572
1.62377
1.62183
1.61988
1.61792
1.61598
1.61403
1.61209
1.61015
1.60822
1.6063
1.60439
1.60248
1.60059
1.59871
1.59683
1.59497
1.59311
1.59126
1.58943
1.5876
1.58578
1.58396
1.58215
1.58035
1.57854
1.57675
1.57495
1.57315
1.57135
1.56955
1.56775
1.56594
1.56413
1.5623
1.56048
1.55864
1.55679
1.55494
1.55308
1.55121
1.54933
1.54745
1.54556
1.54367
1.54177
1.53987
1.53798
1.53609
1.53421
1.53234
1.53049
1.52866
1.52685
1.52507
1.52332
1.52162
1.51996
1.51836
1.51681
1.51533
1.51391
1.51258
1.51132
1.51016
1.50909
1.50812
1.50726
1.50651
1.50587
1.50536
1.50496
1.5047
1.50457
1.50456
1.50469
1.50496
1.50536
1.50589
1.50656
1.50736
1.50828
1.50933
1.5105
1.51179
1.51319
1.51469
1.51629
1.51799
1.51978
1.52164
1.52358
1.52559
1.52766
1.52978
1.53195
1.53416
1.5364
1.53866
1.54095
1.54325
1.54556
1.54788
1.55019
1.5525
1.55479
1.55707
1.55934
1.56158
1.56381
1.566
1.56817
1.57032
1.57243
1.57451
1.57656
1.57857
1.58055
1.5825
1.58442
1.5863
1.58815
1.58996
1.59175
1.5935
1.59522
1.59691
1.59858
1.60021
1.60182
1.6034
1.60495
1.60647
1.60796
1.60943
1.61087
1.61229
1.61368
1.61504
1.61637
1.61768
1.61896
1.62022
1.62144
1.62264
1.62381
1.62495
1.62606
1.62714
1.62819
1.6292
1.63018
1.63113
1.63205
1.63292
1.63377
1.63458
1.63534
1.63608
1.63677
1.63742
1.63803
1.6386
1.63913
1.63962
1.64006
1.64046
1.64082
1.64114
1.64141
1.64164
1.64182
1.64196
1.64205
1.6421
1.6421
1.64206
1.64198
1.64185
1.64168
1.64146
1.6412
1.6409
1.64054
1.64015
1.63971
1.63923
1.6387
1.63813
1.63752
1.63686
1.63616
1.63541
1.63462
1.63379
1.63291
1.63198
1.63102
1.63
1.62895
1.62785
1.62671
1.62552
1.62429
1.62302
1.6217
1.62034
1.61894
1.61749
1.616
1.61446
1.61289
1.61127
1.6096
1.6079
1.60615
1.60437
1.60254
1.60067
1.59876
1.59681
1.59483
1.5928
1.59075
1.58866
1.58653
1.58438
1.58219
1.57998
1.57774
1.57548
1.57319
1.57089
1.56857
1.56623
1.56389
1.56153
1.55917
1.55681
1.55445
1.5521
1.54976
1.54743
1.54511
1.54282
1.54055
1.53832
1.53612
1.53395
1.53184
1.52977
1.52775
1.52579
1.52389
1.52206
1.52031
1.51862
1.51702
1.5155
1.51407
1.51273
1.51148
1.51033
1.50928
1.50833
1.50749
1.50676
1.50613
1.50561
1.50519
1.50489
1.5047
1.50461
1.50463
1.50475
1.50498
1.50531
1.50573
1.50625
1.50686
1.50756
1.50834
1.5092
1.51013
1.51113
1.51219
1.51331
1.51448
1.51569
1.51695
1.51823
1.51955
1.52088
1.52223
1.52359
1.52495
1.52631
1.52766
1.52899
1.53031
1.53159
1.53285
1.53406
1.53524
1.53637
1.53745
1.53848
1.53944
1.54035
1.54119
1.54196
1.54266
1.54328
1.54383
1.54429
1.54468
1.54498
1.5452
1.54533
1.54538
1.54534
1.54521
1.54499
1.54469
1.54431
1.54383
1.54327
1.54263
1.54191
1.5411
1.54022
1.53925
1.53822
1.53711
1.53593
1.53468
1.53337
1.532
1.53057
1.52909
1.52755
1.52597
1.52435
1.52268
1.52098
1.51925
1.51749
1.51571
1.5139
1.51209
1.51026
1.50842
1.50658
1.50474
1.5029
1.50108
1.49926
1.49746
1.49568
1.49393
1.4922
1.49049
1.48882
1.48719
1.48559
1.48404
1.48252
1.48105
1.47962
1.47825
1.47692
1.47564
1.47441
1.47323
1.47211
1.47104
1.47002
1.46906
1.46816
1.46731
1.46652
1.46578
1.46511
1.46449
1.46393
1.46342
1.46298
1.4626
1.46227
1.46201
1.4618
1.46166
1.46158
1.46157
1.46161
1.46173
1.46191
1.46216
1.46249
1.46288
1.46335
1.46389
1.46451
1.46521
1.46599
1.46685
1.46779
1.46882
1.46993
1.47113
1.47241
1.47379
1.47525
1.47681
1.47846
1.48021
1.48204
1.48397
1.486
1.48811
1.49032
1.49262
1.49502
1.4975
1.50008
1.50274
1.5055
1.50833
1.51125
1.51425
1.51733
1.52049
1.52371
1.52701
1.53038
1.53381
1.53731
1.54086
1.54446
1.54811
1.55181
1.55556
1.55934
1.56315
1.567
1.57087
1.57476
1.57867
1.5826
1.58653
1.59047
1.59441
1.59834
1.60227
1.60618
1.61008
1.61396
1.61781
1.62163
1.62542
1.62917
1.63288
1.63654
1.64016
1.64373
1.64724
1.6507
1.65409
1.65742
1.66068
1.66388
1.667
1.67005
1.67303
1.67593
1.67875
1.68149
1.68415
1.68673
1.68922
1.69163
1.69395
1.69619
1.69834
1.7004
1.70237
1.70426
1.70606
1.70778
1.70941
1.71095
1.71241
1.71379
1.71508
1.71629
1.71742
1.71846
1.71943
1.72032
1.72114
1.72188
1.72254
1.72313
1.72365
1.72409
1.72447
1.72478
1.72502
1.72519
1.72529
1.72533
1.7253
1.72521
1.72505
1.72483
1.72454
1.72419
1.72377
1.72329
1.72275
1.72214
1.72146
1.72072
1.71991
1.71904
1.7181
1.71709
1.71601
1.71487
1.71366
1.71238
1.71103
1.70962
1.70813
1.70657
1.70494
1.70324
1.70147
1.69963
1.69772
1.69574
1.69368
1.69156
1.68937
1.68711
1.68479
1.68239
1.67994
1.67741
1.67483
1.67219
1.66948
1.66672
1.66391
1.66104
1.65812
1.65516
1.65214
1.64909
1.64599
1.64286
1.63969
1.63649
1.63326
1.63001
1.62673
1.62344
1.62013
1.61681
1.61348
1.61015
1.60682
1.60348
1.60015
1.59683
1.59352
1.59023
1.58695
1.5837
1.58046
1.57726
1.57408
1.57094
1.56783
1.56476
1.56172
1.55873
1.55578
1.55288
1.55002
1.54722
1.54446
1.54176
1.53911
1.53651
1.53398
1.5315
1.52908
1.52671
1.52441
1.52218
1.52
1.51789
1.51585
1.51387
1.51195
1.51011
1.50833
1.50662
1.50498
1.50341
1.50191
1.50049
1.49913
1.49785
1.49665
1.49551
1.49445
1.49347
1.49256
1.49172
1.49096
1.49027
1.48966
1.48912
1.48865
1.48826
1.48793
1.48768
1.48749
1.48738
1.48733
1.48734
1.48742
1.48756
1.48776
1.48802
1.48834
1.48871
1.48913
1.48961
1.49013
1.4907
1.49131
1.49196
1.49265
1.49338
1.49415
1.49495
1.49578
1.49664
1.49753
1.49844
1.49938
1.50034
1.50132
1.50232
1.50333
1.50436
1.50541
1.50647
1.50754
1.50863
1.50972
1.51083
1.51194
1.51307
1.5142
1.51534
1.51648
1.51763
1.51879
1.51996
1.52113
1.52231
1.52349
1.52468
1.52587
1.52706
1.52825
1.52945
1.53066
1.53186
1.53306
1.53427
1.53548
1.53669
1.5379
1.53911
1.54033
1.54154
1.54275
1.54396
1.54517
1.54638
1.54758
1.54878
1.54998
1.55118
1.55237
1.55356
1.55475
1.55593
1.55711
1.55828
1.55945
1.56061
1.56177
1.56292
1.56406
1.5652
1.56634
1.56747
1.5686
1.56972
1.57084
1.57195
1.57305
1.57416
1.57526
1.57636
1.57745
1.57855
1.57964
1.58073
1.58182
1.58291
1.584
1.58509
1.58618
1.58727
1.58836
1.58945
1.59055
1.59164
1.59274
1.59384
1.59495
1.59605
1.59716
1.59826
1.59937
1.60048
1.60159
1.6027
1.6038
1.60491
1.60601
1.6071
1.60819
1.60927
1.61035
1.61141
1.61246
1.61349
1.61451
1.61551
1.61648
1.61744
1.61837
1.61927
1.62014
1.62098
1.62179
1.62256
1.62328
1.62397
1.62462
1.62521
1.62576
1.62626
1.62671
1.6271
1.62744
1.62772
1.62794
1.62811
1.62821
1.62825
1.62823
1.62815
1.628
1.62779
1.62752
1.62718
1.62678
1.62632
1.6258
1.62522
1.62458
1.62389
1.62314
1.62235
1.62151
1.62063
1.6197
1.61874
1.61774
1.61671
1.61566
1.61459
1.6135
1.6124
1.61129
1.61018
1.60907
1.60797
1.60689
1.60583
1.60479
1.60379
1.60282
1.60188
1.601
1.60017
1.59939
1.59868
1.59803
1.59745
1.59694
1.59651
1.59616
1.59589
1.59571
1.59561
1.5956
1.59569
1.59586
1.59613
1.59648
1.59693
1.59747
1.59809
1.59881
1.5996
1.60047
1.60143
1.60245
1.60355
1.60471
1.60594
1.60722
1.60855
1.60993
1.61135
1.61281
1.61429
1.6158
1.61733
1.61888
1.62043
1.62198
1.62353
1.62507
1.62659
1.62809
1.62957
1.63101
1.63241
1.63378
1.6351
1.63636
1.63757
1.63872
1.6398
1.64082
1.64176
1.64263
1.64342
1.64413
1.64476
1.6453
1.64576
1.64613
1.64641
1.6466
1.6467
1.64671
1.64663
1.64646
1.6462
1.64585
1.64541
1.64488
1.64427
1.64358
1.6428
1.64194
1.641
1.63999
1.6389
1.63774
1.63651
1.63522
1.63387
1.63245
1.63098
1.62945
1.62787
1.62624
1.62457
1.62285
1.6211
1.61931
1.61748
1.61562
1.61373
1.61181
1.60987
1.60791
1.60593
1.60393
1.60191
1.59988
1.59784
1.59578
1.59372
1.59165
1.58958
1.58751
1.58544
1.58336
1.58129
1.57923
1.57717
1.57512
1.57308
1.57105
1.56904
1.56705
1.56508
1.56313
1.5612
1.55931
1.55745
1.55562
1.55383
1.55209
1.55039
1.54874
1.54714
1.5456
1.54412
1.5427
1.54136
1.54008
1.53888
1.53777
1.53673
1.53579
1.53494
1.53419
1.53353
1.53299
1.53254
1.53221
1.532
1.5319
1.53192
1.53206
1.53232
1.53271
1.53322
1.53386
1.53463
1.53552
1.53654
1.53769
1.53896
1.54035
1.54186
1.54349
1.54524
1.5471
1.54906
1.55113
1.5533
1.55556
1.55792
1.56035
1.56286
1.56545
1.5681
1.57081
1.57358
1.57639
1.57924
1.58212
1.58503
1.58796
1.59091
1.59386
1.59681
1.59975
1.60268
1.60559
1.60847
1.61133
1.61414
1.61691
1.61963
1.6223
1.62491
1.62746
1.62994
1.63234
1.63467
1.63691
1.63907
1.64115
1.64313
1.64502
1.64681
1.64851
1.65011
1.6516
1.65299
1.65427
1.65545
1.65652
1.65748
1.65833
1.65908
1.65971
1.66024
1.66065
1.66096
1.66116
1.66125
1.66124
1.66112
1.6609
1.66057
1.66014
1.65961
1.65898
1.65825
1.65743
1.65651
1.6555
1.6544
1.65321
1.65194
1.65058
1.64914
1.64762
1.64602
1.64435
1.6426
1.64078
1.6389
1.63694
1.63492
1.63283
1.63069
1.62848
1.62621
1.62389
1.62151
1.61908
1.61659
1.61405
1.61147
1.60884
1.60616
1.60344
1.60067
1.59786
1.595
1.5921
1.58917
1.58619
1.58317
1.58012
1.57703
1.5739
1.57073
1.56754
1.5643
1.56104
1.55774
1.55442
1.55106
1.54767
1.54426
1.54082
1.53735
1.53387
1.53036
1.52683
1.52328
1.51971
1.51613
1.51254
1.50894
1.50532
1.5017
1.49808
1.49446
1.49084
1.48722
1.48361
1.48002
1.47643
1.47286
1.46931
1.46579
1.46229
1.45882
1.45538
1.45198
1.44862
1.4453
1.44202
1.4388
1.43562
1.4325
1.42944
1.42643
1.42349
1.42061
1.41781
1.41507
1.4124
1.40981
1.40729
1.40485
1.40249
1.40021
1.39801
1.39589
1.39385
1.39189
1.39002
1.38823
1.38652
1.38489
1.38334
1.38188
1.38049
1.37918
1.37795
1.37679
1.37571
1.37471
1.37377
1.37291
1.37212
1.3714
1.37074
1.37015
1.36963
1.36917
1.36877
1.36843
1.36815
1.36794
1.36778
1.36768
1.36764
1.36765
1.36772
1.36785
1.36803
1.36827
1.36856
1.36891
1.36932
1.36978
1.3703
1.37087
1.3715
1.37218
1.37293
1.37372
1.37457
1.37548
1.37644
1.37746
1.37853
1.37966
1.38083
1.38206
1.38333
1.38465
1.38602
1.38743
1.38889
1.39038
1.39191
1.39348
1.39507
1.3967
1.39836
1.40004
1.40174
1.40346
1.40519
1.40694
1.40869
1.41046
1.41223
1.414
1.41577
1.41754
1.4193
1.42105
1.4228
1.42454
1.42626
1.42798
1.42968
1.43137
1.43304
1.4347
1.43634
1.43797
1.43959
1.44119
1.44278
1.44435
1.44592
1.44747
1.44901
1.45055
1.45207
1.45359
1.45511
1.45662
1.45812
1.45962
1.46112
1.46263
1.46413
1.46563
1.46714
1.46864
1.47016
1.47167
1.47319
1.47471
1.47624
1.47777
1.47931
1.48085
1.48239
1.48394
1.48549
1.48704
1.4886
1.49015
1.49171
1.49326
1.49482
1.49637
1.49792
1.49947
1.50101
1.50255
1.50408
1.50561
1.50713
1.50864
1.51015
1.51165
1.51315
1.51464
1.51612
1.51759
1.51905
1.52051
1.52196
1.5234
1.52484
1.52627
1.5277
1.52911
1.53053
1.53194
1.53334
1.53474
1.53614
1.53754
1.53893
1.54032
1.54172
1.5431
1.54449
1.54588
1.54727
1.54865
1.55004
1.55142
1.5528
1.55417
1.55554
1.55691
1.55827
1.55962
1.56097
1.5623
1.56363
1.56494
1.56623
1.56751
1.56876
1.57
1.57121
1.57239
1.57354
1.57466
1.57574
1.57678
1.57779
1.57874
1.57966
1.58052
1.58133
1.58208
1.58277
1.58341
1.58398
1.58448
1.58491
1.58527
1.58556
1.58577
1.5859
1.58595
1.58592
1.58581
1.58561
1.58533
1.58496
1.58449
1.58395
1.58331
1.58258
1.58176
1.58086
1.57986
1.57878
1.57762
1.57637
1.57503
1.57362
1.57213
1.57056
1.56892
1.5672
1.56542
1.56358
1.56167
1.5597
1.55769
1.55563
1.55352
1.55138
1.5492
1.547
1.54477
1.54253
1.54028
1.53803
1.53577
1.53353
1.5313
1.52909
1.5269
1.52475
1.52264
1.52058
1.51858
1.51663
1.51474
1.51293
1.5112
1.50955
1.50799
1.50652
1.50515
1.50389
1.50273
1.50168
1.50074
1.49992
1.49922
1.49864
1.49818
1.49785
1.49763
1.49754
1.49757
1.49773
1.498
1.4984
1.49891
1.49953
1.50027
1.50111
1.50205
1.5031
1.50423
1.50546
1.50677
1.50816
1.50962
1.51115
1.51274
1.51438
1.51608
1.51782
1.5196
1.52141
1.52324
1.5251
1.52697
1.52885
1.53073
1.53261
1.53449
1.53635
1.53819
1.54002
1.54182
1.54359
1.54533
1.54704
1.5487
1.55033
1.55191
1.55345
1.55494
1.55638
1.55778
1.55912
1.56042
1.56167
1.56287
1.56402
1.56513
1.56619
1.56721
1.56819
1.56913
1.57003
1.5709
1.57173
1.57254
1.57332
1.57408
1.57483
1.57555
1.57626
1.57697
1.57767
1.57836
1.57905
1.57975
1.58045
1.58116
1.58187
1.5826
1.58334
1.5841
1.58487
1.58567
1.58648
1.58731
1.58817
1.58904
1.58994
1.59086
1.59179
1.59275
1.59373
1.59472
1.59573
1.59676
1.59779
1.59884
1.59989
1.60095
1.60202
1.60308
1.60414
1.6052
1.60624
1.60728
1.6083
1.6093
1.61028
1.61124
1.61218
1.61308
1.61395
1.61478
1.61557
1.61633
1.61704
1.6177
1.61831
1.61887
1.61938
1.61983
1.62022
1.62055
1.62082
1.62103
1.62117
1.62125
