1.9
1.9
1.89998
1.89993
1.89984
1.89971
1.89954
1.89934
1.89911
1.89883
1.89852
1.89818
1.89779
1.89737
1.89692
1.89642
1.89589
1.89532
1.89471
1.89406
1.89337
1.89264
1.89188
1.89107
1.89022
1.88932
1.88839
1.88741
1.88639
1.88532
1.88421
1.88305
1.88184
1.88059
1.87928
1.87793
1.87652
1.87507
1.87356
1.872
1.87038
1.86871
1.86697
1.86519
1.86334
1.86143
1.85946
1.85742
1.85533
1.85316
1.85093
1.84863
1.84626
1.84381
1.84129
1.8387
1.83603
1.83329
1.83046
1.82755
1.82456
1.82148
1.81831
1.81506
1.81171
1.80827
1.80474
1.80111
1.79738
1.79356
1.78963
1.78559
1.78145
1.7772
1.77285
1.76838
1.7638
1.7591
1.75429
1.74936
1.74432
1.73914
1.73385
1.72843
1.72289
1.71722
1.71142
1.7055
1.69944
1.69325
1.68693
1.68047
1.67388
1.66716
1.6603
1.6533
1.64618
1.63891
1.63151
1.62398
1.61631
1.60851
1.60057
1.59251
1.58431
1.57599
1.56754
1.55896
1.55026
1.54144
1.53251
1.52346
1.51431
1.50504
1.49568
1.48621
1.47666
1.46701
1.45728
1.44747
1.43759
1.42764
1.41763
1.40756
1.39745
1.3873
1.37712
1.3669
1.35668
1.34644
1.3362
1.32596
1.31574
1.30554
1.29538
1.28525
1.27517
1.26515
1.25519
1.24531
1.23551
1.2258
1.21619
1.20669
1.19731
1.18805
1.17892
1.16994
1.1611
1.15242
1.1439
1.13555
1.12737
1.11937
1.11156
1.10394
1.09652
1.0893
1.08229
1.07548
1.06889
1.06251
1.05635
1.05041
1.04469
1.0392
1.03393
1.02889
1.02407
1.01948
1.01512
1.01098
1.00706
1.00337
0.999895
0.996642
0.993605
0.990783
0.988172
0.98577
0.983574
0.981579
0.979783
0.978181
0.97677
0.975545
0.974503
0.973639
0.972949
0.972427
0.97207
0.971871
0.971827
0.971931
0.972181
0.972569
0.973092
0.973744
0.97452
0.975414
0.976423
0.97754
0.978762
0.980082
0.981496
0.982998
0.984584
0.986248
0.987986
0.989793
0.991664
0.993594
0.995579
0.997614
0.999695
1.00182
1.00398
1.00617
1.00839
1.01063
1.01289
1.01518
1.01747
1.01977
1.02208
1.02439
1.0267
1.029
1.0313
1.03358
1.03585
1.0381
1.04034
1.04255
1.04474
1.0469
1.04903
1.05113
1.0532
1.05523
1.05723
1.05919
1.0611
1.06298
1.06481
1.0666
1.06835
1.07005
1.0717
1.0733
1.07486
1.07637
1.07783
1.07924
1.08061
1.08192
1.08319
1.0844
1.08557
1.08669
1.08776
1.08879
1.08976
1.0907
1.09158
1.09243
1.09323
1.09399
1.09471
1.09539
1.09603
1.09663
1.0972
1.09774
1.09824
1.09871
1.09915
1.09956
1.09995
1.10031
1.10065
1.10096
1.10126
1.10153
1.10179
1.10203
1.10225
1.10247
1.10267
1.10285
1.10303
1.10321
1.10337
1.10353
1.10368
1.10383
1.10397
1.10411
1.10425
1.10439
1.10453
1.10467
1.1048
1.10494
1.10507
1.10521
1.10535
1.10548
1.10562
1.10576
1.1059
1.10603
1.10617
1.1063
1.10643
1.10656
1.10668
1.1068
1.10691
1.10702
1.10712
1.10721
1.10729
1.10736
1.10742
1.10747
1.1075
1.10751
1.10751
1.10749
1.10745
1.10738
1.1073
1.10719
1.10705
1.10689
1.1067
1.10648
1.10623
1.10595
1.10563
1.10528
1.10489
1.10446
1.10399
1.10348
1.10293
1.10233
1.10169
1.10101
1.10027
1.09949
1.09867
1.09779
1.09687
1.09589
1.09487
1.09379
1.09267
1.09149
1.09027
1.08899
1.08766
1.08629
1.08486
1.08339
1.08187
1.08031
1.0787
1.07704
1.07535
1.07362
1.07184
1.07003
1.06819
1.06631
1.0644
1.06247
1.0605
1.05852
1.05651
1.05448
1.05244
1.05039
1.04832
1.04625
1.04417
1.04209
1.04001
1.03794
1.03587
1.03381
1.03176
1.02973
1.02771
1.02571
1.02373
1.02177
1.01984
1.01794
1.01607
1.01423
1.01242
1.01064
1.0089
1.0072
1.00553
1.00391
1.00232
1.00078
0.999271
0.997808
0.996386
0.995006
0.993668
0.992372
0.991117
0.989904
0.988732
0.987602
0.986512
0.985464
0.984455
0.983486
0.982556
0.981664
0.980811
0.979995
0.979217
0.978475
0.977769
0.977099
0.976465
0.975865
0.9753
0.97477
0.974275
0.973813
0.973385
0.972991
0.972631
0.972304
0.972012
0.971753
0.971529
0.971339
0.971184
0.971063
0.970977
0.970927
0.970912
0.970933
0.970991
0.971085
0.971215
0.971383
0.971588
0.971831
0.972112
0.972431
0.972788
0.973183
0.973616
0.974087
0.974595
0.97514
0.975723
0.976341
0.976997
0.977688
0.978415
0.979177
0.979972
0.9808
0.981661
0.982553
0.983476
0.984429
0.985409
0.986417
0.98745
0.988508
0.989589
0.990691
0.991814
0.992954
0.994112
0.995284
0.99647
0.997668
0.998875
1.00009
1.00131
1.00254
1.00377
1.005
1.00623
1.00745
1.00868
1.00989
1.0111
1.01229
1.01348
1.01465
1.0158
1.01694
1.01806
1.01916
1.02023
1.02129
1.02232
1.02332
1.02429
1.02524
1.02615
1.02703
1.02788
1.02869
1.02947
1.03021
1.03091
1.03158
1.03221
1.0328
1.03334
1.03385
1.03431
1.03473
1.03511
1.03545
1.03573
1.03598
1.03618
1.03634
1.03645
1.03652
1.03654
1.03652
1.03645
1.03634
1.03619
1.03599
1.03575
1.03547
1.03514
1.03478
1.03438
1.03394
1.03346
1.03294
1.03239
1.03181
1.03119
1.03055
1.02987
1.02916
1.02843
1.02768
1.0269
1.0261
1.02529
1.02446
1.02361
1.02275
1.02188
1.021
1.02011
1.01922
1.01833
1.01744
1.01656
1.01567
1.0148
1.01393
1.01307
1.01222
1.01139
1.01058
1.00978
1.009
1.00823
1.00749
1.00678
1.00608
1.00541
1.00476
1.00414
1.00355
1.00299
1.00245
1.00194
1.00146
1.001
1.00058
1.00018
0.999812
0.999471
0.999157
0.99887
0.99861
0.998377
0.998169
0.997987
0.99783
0.997698
0.997589
0.997505
0.997444
0.997406
0.997389
0.997395
0.997421
0.997469
0.997536
0.997623
0.997729
0.997854
0.997999
0.998161
0.998342
0.99854
0.998755
0.998987
0.999235
0.9995
0.99978
1.00008
1.00039
1.00072
1.00106
1.00142
1.00179
1.00217
1.00257
1.00298
1.00341
1.00385
1.0043
1.00476
1.00523
1.00572
1.00621
1.00671
1.00723
1.00775
1.00828
1.00881
1.00936
1.0099
1.01045
1.01101
1.01157
1.01212
1.01268
1.01324
1.0138
1.01435
1.0149
1.01545
1.01599
1.01652
1.01704
1.01756
1.01806
1.01856
1.01904
1.0195
1.01996
1.02039
1.02081
1.02122
1.0216
1.02197
1.02232
1.02264
1.02295
1.02323
1.02349
1.02373
1.02395
1.02414
1.02431
1.02446
1.02459
1.02469
1.02477
1.02483
1.02487
1.02488
1.02488
1.02486
1.02482
1.02476
1.02468
1.0246
1.02449
1.02438
1.02425
1.02412
1.02397
1.02382
1.02367
1.02351
1.02335
1.0232
1.02304
1.02289
1.02275
1.02261
1.02248
1.02236
1.02226
1.02217
1.02209
1.02203
1.02199
1.02198
1.02198
1.022
1.02205
1.02212
1.02222
1.02234
1.02249
1.02267
1.02288
1.02311
1.02337
1.02366
1.02398
1.02433
1.0247
1.02511
1.02554
1.02599
1.02648
1.02698
1.02752
1.02807
1.02865
1.02926
1.02988
1.03052
1.03118
1.03185
1.03254
1.03325
1.03396
1.03469
1.03542
1.03617
1.03692
1.03767
1.03843
1.03919
1.03995
1.04071
1.04147
1.04222
1.04297
1.0437
1.04443
1.04515
1.04586
1.04655
1.04723
1.0479
1.04855
1.04918
1.0498
1.05039
1.05097
1.05153
1.05207
1.05259
1.05309
1.05357
1.05403
1.05447
1.05489
1.05528
1.05566
1.05602
1.05636
1.05668
1.05699
1.05727
1.05754
1.0578
1.05804
1.05826
1.05847
1.05867
1.05886
1.05904
1.05921
1.05937
1.05952
1.05967
1.05981
1.05995
1.06008
1.06021
1.06034
1.06047
1.06059
1.06072
1.06084
1.06096
1.06108
1.06121
1.06133
1.06145
1.06157
1.06169
1.06182
1.06193
1.06205
1.06217
1.06228
1.06239
1.0625
1.0626
1.06269
1.06278
1.06286
1.06293
1.06299
1.06304
1.06308
1.06311
1.06312
1.06312
1.0631
1.06307
1.06302
1.06296
1.06288
1.06278
1.06266
1.06253
1.06238
1.06221
1.06202
1.06182
1.06161
1.06137
1.06112
1.06086
1.06058
1.06029
1.05999
1.05968
1.05936
1.05903
1.0587
1.05835
1.05801
1.05765
1.0573
1.05695
1.05659
1.05624
1.05589
1.05555
1.05521
1.05487
1.05454
1.05422
1.05391
1.05361
1.05332
1.05304
1.05278
1.05252
1.05228
1.05205
1.05184
1.05164
1.05145
1.05128
1.05113
1.05099
1.05086
1.05076
1.05067
1.05059
1.05053
1.05049
1.05047
1.05046
1.05046
1.05048
1.05052
1.05057
1.05063
1.05071
1.05081
1.05092
1.05105
1.05118
1.05134
1.0515
1.05168
1.05187
1.05207
1.05228
1.05251
1.05275
1.05299
1.05325
1.05352
1.05379
1.05408
1.05437
1.05467
1.05497
1.05529
1.05561
1.05593
1.05626
1.0566
1.05694
1.05728
1.05762
1.05797
1.05832
1.05866
1.05901
1.05936
1.0597
1.06004
1.06038
1.06071
1.06104
1.06137
1.06169
1.062
1.0623
1.06259
1.06288
1.06315
1.06341
1.06366
1.0639
1.06413
1.06434
1.06453
1.06472
1.06488
1.06503
1.06516
1.06528
1.06537
1.06545
1.06551
1.06555
1.06557
1.06556
1.06554
1.0655
1.06543
1.06534
1.06523
1.0651
1.06494
1.06476
1.06456
1.06433
1.06408
1.0638
1.0635
1.06317
1.06282
1.06245
1.06205
1.06162
1.06117
1.06069
1.06019
1.05967
1.05912
1.05855
1.05795
1.05732
1.05667
1.056
1.0553
1.05458
1.05384
1.05307
1.05228
1.05146
1.05062
1.04976
1.04887
1.04796
1.04703
1.04608
1.0451
1.0441
1.04308
1.04204
1.04098
1.03989
1.03879
1.03767
1.03653
1.03537
1.03419
1.03299
1.03177
1.03053
1.02927
1.028
1.02671
1.0254
1.02407
1.02273
1.02137
1.02
1.0186
1.01719
1.01577
1.01433
1.01288
1.01141
1.00993
1.00843
1.00693
1.00541
1.00387
1.00233
1.00078
0.999212
0.997638
0.996056
0.994467
0.992872
0.991271
0.989666
0.988058
0.986448
0.984838
0.983229
0.981623
0.98002
0.978422
0.976832
0.97525
0.973678
0.972119
0.970573
0.969044
0.967533
0.966042
0.964572
0.963127
0.961707
0.960316
0.958955
0.957625
0.956329
0.955069
0.953847
0.952664
0.951523
0.950425
0.949373
0.948367
0.94741
0.946503
0.945648
0.944845
0.944096
0.943404
0.942768
0.94219
0.941671
0.941212
0.940813
0.940476
0.9402
0.939988
0.939839
0.939754
0.939733
0.939777
0.939886
0.94006
0.9403
0.940606
0.940977
0.941414
0.941917
0.942485
0.943118
0.943815
0.944577
0.945402
0.946289
0.947239
0.948248
0.949318
0.950447
0.951633
0.952874
0.95417
0.955519
0.956919
0.958368
0.959865
0.961406
0.96299
0.964614
0.966276
0.967973
0.969703
0.971463
0.97325
0.975061
0.976894
0.978744
0.980611
0.98249
0.98438
0.986276
0.988177
0.990078
0.991978
0.993872
0.995759
0.997636
0.999501
1.00135
1.00318
1.005
1.00679
1.00855
1.01029
1.012
1.01368
1.01533
1.01694
1.01852
1.02006
1.02156
1.02302
1.02445
1.02582
1.02716
1.02845
1.02969
1.03089
1.03204
1.03315
1.0342
1.03521
1.03617
1.03707
1.03793
1.03874
1.0395
1.04021
1.04087
1.04148
1.04204
1.04255
1.04302
1.04343
1.0438
1.04411
1.04438
1.04461
1.04479
1.04492
1.04501
1.04506
1.04506
1.04502
1.04494
1.04483
1.04467
1.04447
1.04424
1.04397
1.04367
1.04334
1.04297
1.04258
1.04216
1.04171
1.04123
1.04073
1.04021
1.03966
1.0391
1.03852
1.03792
1.03731
1.03669
1.03605
1.0354
1.03475
1.03409
1.03343
1.03276
1.03209
1.03142
1.03075
1.03008
1.02942
1.02876
1.02811
1.02746
1.02683
1.0262
1.02558
1.02497
1.02438
1.02379
1.02322
1.02266
1.02212
1.02159
1.02107
1.02056
1.02007
1.01959
1.01913
1.01868
1.01824
1.01781
1.01739
1.01698
1.01659
1.0162
1.01582
1.01545
1.01508
1.01472
1.01437
1.01402
1.01367
1.01333
1.01298
1.01264
1.0123
1.01196
1.01162
1.01128
1.01094
1.0106
1.01025
1.0099
1.00955
1.0092
1.00885
1.0085
1.00814
1.00779
1.00744
1.00708
1.00673
1.00639
1.00604
1.00571
1.00537
1.00505
1.00473
1.00443
1.00413
1.00385
1.00358
1.00333
1.00309
1.00288
1.00268
1.0025
1.00234
1.00221
1.0021
1.00201
1.00195
1.00192
1.00192
1.00195
1.002
1.0021
1.00222
1.00237
1.00256
1.00278
1.00304
1.00333
1.00366
1.00402
1.00441
1.00484
1.00531
1.00581
1.00635
1.00692
1.00752
1.00816
1.00884
1.00954
1.01029
1.01106
1.01186
1.0127
1.01357
1.01447
1.0154
1.01635
1.01734
1.01835
1.01939
1.02046
1.02156
1.02268
1.02382
1.02498
1.02617
1.02738
1.02862
1.02987
1.03114
1.03243
1.03374
1.03506
1.0364
1.03776
1.03912
1.04051
1.0419
1.0433
1.04472
1.04614
1.04757
1.04901
1.05045
1.0519
1.05335
1.0548
1.05625
1.0577
1.05915
1.0606
1.06204
1.06347
1.0649
1.06631
1.06772
1.06911
1.0705
1.07186
1.07321
1.07455
1.07586
1.07716
1.07843
1.07969
1.08092
1.08212
1.0833
1.08445
1.08557
1.08666
1.08771
1.08874
1.08973
1.09069
1.09161
1.0925
1.09335
1.09416
1.09494
1.09567
1.09637
1.09703
1.09765
1.09823
1.09877
1.09927
1.09973
1.10016
1.10054
1.10089
1.1012
1.10147
1.10171
1.10191
1.10208
1.10222
1.10233
1.10241
1.10246
1.10248
1.10248
1.10245
1.10241
1.10235
1.10226
1.10217
1.10206
1.10194
1.10181
1.10167
1.10153
1.10139
1.10124
1.1011
1.10095
1.10082
1.10069
1.10056
1.10045
1.10035
1.10026
1.10018
1.10012
1.10007
1.10003
1.10001
1.10001
1.10002
1.10004
1.10009
1.10014
1.10021
1.1003
1.10039
1.1005
1.10061
1.10074
1.10087
1.10101
1.10115
1.1013
1.10144
1.10158
1.10172
1.10186
1.10198
1.1021
1.10221
1.10231
1.1024
1.10247
1.10252
1.10255
1.10257
1.10256
1.10253
1.10247
1.10239
1.10229
1.10215
1.10199
1.1018
1.10159
1.10134
1.10107
1.10076
1.10043
1.10007
1.09968
1.09926
1.09882
1.09835
1.09785
1.09733
1.09678
1.09622
1.09563
1.09503
1.09441
1.09377
1.09312
1.09246
1.09179
1.09112
1.09044
1.08976
1.08908
1.08841
1.08774
1.08707
1.08642
1.08578
1.08516
1.08456
1.08397
1.08341
1.08287
1.08235
1.08187
1.08141
1.08099
1.08059
1.08023
1.0799
1.07961
1.07936
1.07913
1.07895
1.0788
1.07868
1.0786
1.07855
1.07854
1.07856
1.07861
1.07869
1.0788
1.07894
1.07911
1.0793
1.07951
1.07974
1.07999
1.08026
1.08054
1.08083
1.08114
1.08145
1.08177
1.08209
1.08241
1.08273
1.08305
1.08336
1.08366
1.08396
1.08424
1.08451
1.08477
1.08501
1.08522
1.08542
1.0856
1.08575
1.08588
1.08599
1.08606
1.08611
1.08612
1.0861
1.08605
1.08597
1.08585
1.0857
1.08551
1.08529
1.08502
1.08472
1.08439
1.08401
1.08359
1.08314
1.08264
1.08211
1.08154
1.08093
1.08027
1.07958
1.07885
1.07808
1.07727
1.07643
1.07554
1.07462
1.07366
1.07267
1.07164
1.07057
1.06947
1.06834
1.06718
1.06599
1.06477
1.06352
1.06224
1.06094
1.05962
1.05828
1.05691
1.05553
1.05414
1.05273
1.05132
1.04989
1.04847
1.04704
1.04561
1.04419
1.04278
1.04138
1.04
1.03864
1.03731
1.036
1.03472
1.03348
1.03229
1.03113
1.03003
1.02898
1.02799
1.02706
1.02619
1.02539
1.02466
1.02401
1.02343
1.02294
1.02252
1.02219
1.02193
1.02177
1.02168
1.02168
1.02177
1.02193
1.02218
1.0225
1.0229
1.02337
1.0239
1.0245
1.02516
1.02588
1.02665
1.02746
1.02831
1.02921
1.03013
1.03107
1.03204
1.03302
1.03402
1.03501
1.03601
1.037
1.03799
1.03896
1.03991
1.04084
1.04175
1.04263
1.04349
1.04431
1.04509
1.04585
1.04656
1.04724
1.04788
1.04848
1.04905
1.04957
1.05006
1.05051
1.05093
1.05131
1.05166
1.05198
1.05227
1.05253
1.05277
1.05298
1.05318
1.05335
1.05351
1.05366
1.0538
1.05394
1.05406
1.05419
1.05431
1.05444
1.05457
1.05472
1.05487
1.05503
1.05521
1.0554
1.05561
1.05583
1.05608
1.05635
1.05663
1.05695
1.05728
1.05764
1.05802
1.05842
1.05885
1.05931
1.05978
1.06029
1.06081
1.06136
1.06193
1.06253
1.06314
1.06378
1.06443
1.06511
1.0658
1.06651
1.06724
1.06798
1.06873
1.0695
1.07028
1.07107
1.07187
1.07268
1.0735
1.07432
1.07515
1.07598
1.07682
1.07767
1.07851
1.07935
1.0802
1.08104
1.08189
1.08273
1.08357
1.0844
1.08523
1.08606
1.08688
1.08769
1.0885
1.0893
1.0901
1.09089
1.09167
1.09245
1.09322
1.09398
1.09474
1.09549
1.09624
1.09698
1.09772
1.09845
1.09918
1.09991
1.10064
1.10136
1.10209
1.10281
1.10353
1.10426
1.10499
1.10571
1.10644
1.10718
1.10791
1.10865
1.10938
1.11012
1.11086
1.11161
1.11235
1.11308
1.11382
1.11455
1.11528
1.116
1.11671
1.11741
1.1181
1.11877
1.11943
1.12007
1.12069
1.12128
1.12185
1.12239
1.1229
1.12338
1.12381
1.12422
1.12458
1.12489
1.12516
1.12539
1.12556
1.12569
1.12576
1.12578
1.12574
1.12564
1.12548
1.12527
1.12499
1.12466
1.12426
1.1238
1.12327
1.12269
1.12204
1.12133
1.12056
1.11973
1.11884
1.11789
1.11689
1.11583
1.11472
1.11355
1.11234
1.11109
1.10979
1.10845
1.10707
1.10565
1.10421
1.10274
1.10124
1.09973
1.0982
1.09665
1.0951
1.09355
1.09199
1.09044
1.0889
1.08738
1.08587
1.08439
1.08293
1.0815
1.08012
1.07877
1.07747
1.07621
1.07501
1.07386
1.07277
1.07174
1.07077
1.06987
1.06904
1.06828
1.06759
1.06697
1.06643
1.06596
1.06557
1.06525
1.065
1.06483
1.06473
1.0647
1.06474
1.06485
1.06502
1.06525
1.06555
1.06591
1.06632
1.06678
1.06729
1.06785
1.06845
1.06909
1.06976
1.07047
1.07121
1.07197
1.07276
1.07356
1.07439
1.07523
1.07608
1.07693
1.0778
1.07866
1.07953
1.08039
1.08126
1.08211
1.08296
1.0838
1.08464
1.08545
1.08626
1.08705
1.08783
1.0886
1.08934
1.09007
1.09079
1.09148
1.09216
1.09282
1.09346
1.09408
1.09469
1.09528
1.09584
1.09639
1.09692
1.09744
1.09793
1.09841
1.09887
1.09931
1.09973
1.10014
1.10053
1.1009
1.10125
1.10158
1.1019
1.10219
1.10247
1.10273
1.10297
1.10319
1.10339
1.10357
1.10372
1.10386
1.10397
1.10406
1.10412
1.10416
1.10418
1.10417
1.10413
1.10406
1.10396
1.10383
1.10367
1.10348
1.10325
1.103
1.1027
1.10237
1.10201
1.1016
1.10116
1.10069
1.10017
1.09961
1.09901
1.09837
1.09768
1.09696
1.09619
1.09538
1.09453
1.09363
1.09269
1.09171
1.09069
1.08963
1.08852
1.08737
1.08619
1.08496
1.0837
1.08239
1.08105
1.07968
1.07826
1.07682
1.07534
1.07383
1.07229
1.07072
1.06912
1.0675
1.06585
1.06418
1.06248
1.06076
1.05903
1.05727
1.0555
1.05371
1.05191
1.0501
1.04827
1.04643
1.04459
1.04273
1.04087
1.039
1.03713
1.03525
1.03336
1.03148
1.02959
1.02769
1.0258
1.02391
1.02202
1.02013
1.01824
1.01635
1.01447
1.01259
1.01071
1.00884
1.00697
1.00512
1.00327
1.00143
0.999602
0.997786
0.995982
0.994193
0.99242
0.990663
0.988926
0.987209
0.985515
0.983845
0.982201
0.980584
0.978998
0.977443
0.975922
0.974437
0.972988
0.97158
0.970213
0.968889
0.96761
0.966378
0.965194
0.96406
0.962976
0.961945
0.960968
0.960046
0.959178
0.958367
0.957613
0.956916
0.956277
0.955697
0.955175
0.954711
0.954306
0.953959
0.95367
0.953438
0.953263
0.953145
0.953084
0.953079
0.953129
0.953234
0.953393
0.953605
0.95387
0.954187
0.954556
0.954975
0.955445
0.955964
0.956533
0.957151
0.957818
0.958533
0.959296
0.960106
0.960962
0.961866
0.962815
0.963811
0.964854
0.965942
0.967076
0.968256
0.969482
0.970754
0.972071
0.973434
0.974842
0.976294
0.977791
0.979333
0.980918
0.982547
0.984221
0.985938
0.987698
0.989501
0.991345
0.99323
0.995155
0.997119
0.999122
1.00116
1.00324
1.00536
1.00751
1.00969
1.01191
1.01415
1.01643
1.01874
1.02107
1.02342
1.0258
1.02821
1.03063
1.03307
1.03553
1.038
1.04049
1.04299
1.04549
1.04801
1.05053
1.05305
1.05558
1.0581
1.06062
1.06314
1.06565
1.06815
1.07064
1.07311
1.07557
1.07802
1.08044
1.08285
1.08523
1.08758
1.08991
1.09221
1.09449
1.09673
1.09893
1.10111
1.10324
1.10534
1.1074
1.10942
1.11139
1.11332
1.11521
1.11705
1.11884
1.12058
1.12228
1.12392
1.12551
1.12705
1.12854
1.12997
1.13135
1.13267
1.13394
1.13516
1.13631
1.13741
1.13846
1.13945
1.14038
1.14125
1.14207
1.14283
1.14353
1.14418
1.14478
1.14531
1.14579
1.14622
1.14659
1.14691
1.14718
1.1474
1.14757
1.14768
1.14775
1.14776
1.14773
1.14766
1.14753
1.14736
1.14715
1.14689
1.1466
1.14626
1.14588
1.14546
1.145
1.14451
1.14398
1.14342
1.14282
1.14219
1.14153
1.14084
1.14012
1.13938
1.1386
1.1378
1.13698
1.13613
1.13526
1.13436
1.13345
1.13251
1.13155
1.13058
1.12959
1.12858
1.12755
1.12651
1.12545
1.12438
1.1233
1.1222
1.1211
1.11998
1.11885
1.11771
1.11657
1.11541
1.11424
1.11307
1.11189
1.11071
1.10952
1.10832
1.10712
1.10592
1.10471
1.1035
1.10229
1.10108
1.09987
1.09865
1.09744
1.09623
1.09502
1.09381
1.09261
1.09141
1.09022
1.08903
1.08784
1.08667
1.0855
1.08434
1.08318
1.08204
1.08091
1.07979
1.07868
1.07759
1.0765
1.07544
1.07438
1.07335
1.07233
1.07132
1.07034
1.06937
1.06843
1.0675
1.0666
1.06572
1.06486
1.06403
1.06322
1.06243
1.06167
1.06094
1.06024
1.05956
1.05891
1.05829
1.0577
1.05714
1.05661
1.05611
1.05565
1.05521
1.05481
1.05444
1.05411
1.05381
1.05355
1.05332
1.05313
1.05297
1.05285
1.05277
1.05272
1.05271
1.05274
1.05281
1.05291
1.05305
1.05323
1.05345
1.05371
1.05401
1.05434
1.05471
1.05513
1.05558
1.05606
1.05659
1.05715
1.05775
1.05839
1.05907
1.05978
1.06052
1.0613
1.06212
1.06296
1.06384
1.06476
1.0657
1.06667
1.06768
1.06871
1.06976
1.07084
1.07195
1.07308
1.07423
1.0754
1.07659
1.0778
1.07903
1.08027
1.08152
1.08279
1.08407
1.08535
1.08664
1.08794
1.08925
1.09055
1.09186
1.09316
1.09447
1.09577
1.09706
1.09834
1.09962
1.10089
1.10214
1.10338
1.10461
1.10581
1.107
1.10817
1.10932
1.11045
1.11155
1.11263
1.11368
1.1147
1.1157
1.11666
1.11759
1.11849
1.11936
1.12019
1.12099
1.12175
1.12248
1.12317
1.12382
1.12443
1.125
1.12554
1.12604
1.12649
1.12691
1.12729
1.12763
1.12793
1.12818
1.12841
1.12859
1.12873
1.12883
1.1289
1.12892
1.12891
1.12887
1.12878
1.12866
1.1285
1.12831
1.12809
1.12783
1.12753
1.12721
1.12685
1.12646
1.12605
1.1256
1.12513
1.12462
1.1241
1.12354
1.12296
1.12236
1.12174
1.12109
1.12043
1.11974
1.11904
1.11832
1.11759
1.11684
1.11607
1.1153
1.11451
1.11371
1.11291
1.1121
1.11128
1.11047
1.10964
1.10882
1.108
1.10719
1.10637
1.10557
1.10477
1.10398
1.10321
1.10244
1.1017
1.10097
1.10027
1.09958
1.09893
1.09829
1.09769
1.09712
1.09658
1.09608
1.09561
1.09518
1.0948
1.09445
1.09415
1.09389
1.09368
1.09352
1.0934
1.09334
1.09332
1.09336
1.09345
1.09358
1.09377
1.09401
1.09431
1.09465
1.09504
1.09548
1.09597
1.0965
1.09708
1.0977
1.09837
1.09907
1.09981
1.10059
1.10141
1.10226
1.10314
1.10405
1.10499
1.10596
1.10694
1.10795
1.10898
1.11003
1.11109
1.11217
1.11326
1.11436
1.11546
1.11658
1.1177
1.11883
1.11996
1.12108
1.12221
1.12334
1.12446
1.12558
1.1267
1.1278
1.1289
1.12999
1.13107
1.13214
1.13319
1.13423
1.13526
1.13626
1.13725
1.13822
1.13917
1.14009
1.141
1.14187
1.14273
1.14355
1.14435
1.14511
1.14585
1.14655
1.14722
1.14786
1.14845
1.14901
1.14953
1.15001
1.15045
1.15085
1.1512
1.1515
1.15176
1.15197
1.15214
1.15225
1.15231
1.15233
1.15229
1.1522
1.15206
1.15187
1.15163
1.15133
1.15098
1.15058
1.15013
1.14963
1.14908
1.14847
1.14782
1.14713
1.14638
1.14559
1.14476
1.14389
1.14297
1.14202
1.14103
1.14001
1.13895
1.13786
1.13675
1.13561
1.13444
1.13326
1.13205
1.13083
1.12959
1.12834
1.12708
1.12581
1.12453
1.12324
1.12196
1.12066
1.11937
1.11808
1.11679
1.11551
1.11423
1.11295
1.11168
1.11041
1.10915
1.1079
1.10665
1.10541
1.10417
1.10294
1.10172
1.1005
1.09929
1.09809
1.09689
1.09569
1.09449
1.0933
1.09211
1.09093
1.08974
1.08855
1.08737
1.08618
1.085
1.08381
1.08262
1.08143
1.08023
1.07904
1.07784
1.07664
1.07544
1.07423
1.07302
1.07181
1.0706
1.06938
1.06817
1.06695
1.06573
1.06451
1.0633
1.06208
1.06086
1.05965
1.05844
1.05723
1.05603
1.05483
1.05364
1.05246
1.05128
1.05011
1.04894
1.04779
1.04664
1.04551
1.04439
1.04328
1.04218
1.04109
1.04002
1.03896
1.03792
1.03689
1.03588
1.03488
1.0339
1.03294
1.032
1.03108
1.03017
1.02928
1.02842
1.02757
1.02675
1.02594
1.02516
1.02439
1.02365
1.02294
1.02224
1.02157
1.02092
1.02029
1.01969
1.01911
1.01856
1.01803
1.01753
1.01705
1.0166
1.01618
1.01578
1.0154
1.01505
1.01473
1.01444
1.01417
1.01392
1.01371
1.01351
1.01335
1.01321
1.0131
1.01301
1.01294
1.0129
1.01289
1.0129
1.01293
1.01299
1.01306
1.01316
1.01328
1.01342
1.01357
1.01375
1.01394
1.01414
1.01436
1.0146
1.01484
1.0151
1.01537
1.01564
1.01592
1.01621
1.0165
1.01679
1.01708
1.01738
1.01767
1.01796
1.01825
1.01853
1.0188
1.01906
1.01931
1.01955
1.01977
1.01998
1.02018
1.02035
1.02051
1.02064
1.02075
1.02084
1.02091
1.02095
1.02096
1.02094
1.02089
1.02082
1.02071
1.02057
1.02039
1.02019
1.01995
1.01967
1.01936
1.01901
1.01863
1.01821
1.01776
1.01727
1.01674
1.01618
1.01558
1.01495
1.01428
1.01358
1.01285
1.01208
1.01128
1.01045
1.00959
1.0087
1.00778
1.00684
1.00587
1.00488
1.00386
1.00283
1.00177
1.0007
0.999618
0.998521
0.997414
0.996298
0.995177
0.994052
0.992925
0.9918
0.990679
0.989565
0.988461
0.987368
0.986291
0.985233
0.984195
0.983181
0.982193
0.981236
0.980311
0.979421
0.97857
0.97776
0.976995
0.976276
0.975608
0.974992
0.974432
0.97393
0.973489
0.973111
0.972798
0.972554
0.972379
0.972275
0.972244
0.972288
0.972408
0.972607
0.972883
0.97324
0.973677
0.974195
0.974795
0.975476
0.976239
0.977084
0.978009
0.979014
0.980099
0.981262
0.982503
0.983819
0.985208
0.986669
0.9882
0.989799
0.991463
0.993189
0.994975
0.996818
0.998714
1.00066
1.00265
1.00469
1.00676
1.00887
1.01101
1.01318
1.01538
1.01759
1.01982
1.02206
1.02431
1.02656
1.02881
1.03106
1.0333
1.03552
1.03773
1.03992
1.04208
1.04421
1.04631
1.04837
1.05039
1.05238
1.05431
1.0562
1.05803
1.05981
1.06153
1.06318
1.06478
1.06631
1.06778
1.06918
1.0705
1.07176
1.07294
1.07404
1.07507
1.07602
1.0769
1.07769
1.07841
1.07905
1.0796
1.08008
1.08048
1.0808
1.08104
1.0812
1.08128
1.08129
1.08122
1.08108
1.08087
1.08058
1.08023
1.07981
1.07932
1.07877
1.07815
1.07748
1.07675
1.07596
1.07512
1.07423
1.0733
1.07232
1.0713
1.07024
1.06915
1.06802
1.06687
1.0657
1.0645
1.06329
1.06206
1.06082
1.05958
1.05833
1.05708
1.05584
1.05461
1.05339
1.05218
1.051
1.04983
1.0487
1.04759
1.04652
1.04548
1.04448
1.04353
1.04261
1.04175
1.04093
1.04017
1.03947
1.03881
1.03822
1.03768
1.03721
1.0368
1.03644
1.03616
1.03593
1.03577
1.03567
1.03563
1.03566
1.03575
1.0359
1.03611
1.03638
1.03671
1.03709
1.03753
1.03802
1.03856
1.03914
1.03977
1.04045
1.04117
1.04192
1.04271
1.04354
1.04439
1.04528
1.04619
1.04712
1.04807
1.04904
1.05003
1.05104
1.05205
1.05307
1.0541
1.05513
1.05617
1.05721
1.05825
1.05929
1.06032
1.06134
1.06236
1.06337
1.06437
1.06536
1.06633
1.0673
1.06824
1.06918
1.07009
1.07099
1.07187
1.07273
1.07357
1.07439
1.07519
1.07597
1.07673
1.07746
1.07817
1.07885
1.07951
1.08014
1.08075
1.08133
1.08188
1.0824
1.0829
1.08336
1.0838
1.08421
1.08458
1.08492
1.08524
1.08552
1.08576
1.08598
1.08615
1.0863
1.08641
1.08648
1.08652
1.08652
1.08649
1.08642
1.08631
1.08617
1.08598
1.08577
1.08551
1.08522
1.08489
1.08452
1.08412
1.08368
1.08321
1.0827
1.08216
1.08159
1.08098
1.08034
1.07968
1.07898
1.07826
1.0775
1.07673
1.07593
1.0751
1.07425
1.07339
1.0725
1.0716
1.07068
1.06975
1.06881
1.06786
1.06689
1.06592
1.06494
1.06396
1.06297
1.06199
1.061
1.06
1.05901
1.05803
1.05704
1.05606
1.05508
1.05411
1.05314
1.05218
1.05123
1.05028
1.04934
1.0484
1.04748
1.04656
1.04564
1.04473
1.04383
1.04293
1.04204
1.04115
1.04027
1.03939
1.03852
1.03765
1.03678
1.03592
1.03506
1.0342
1.03335
1.03251
1.03166
1.03083
1.02999
1.02917
1.02835
1.02754
1.02674
1.02595
1.02517
1.02441
1.02366
1.02294
1.02223
1.02154
1.02088
1.02025
1.01965
1.01908
1.01854
1.01805
1.01759
1.01718
1.01681
1.01649
1.01623
1.01602
1.01586
1.01576
1.01573
1.01576
1.01585
1.01601
1.01625
1.01655
1.01692
1.01736
1.01788
1.01847
1.01913
1.01986
1.02067
1.02155
1.0225
1.02352
1.02461
1.02576
1.02698
1.02826
1.0296
1.03099
1.03244
1.03394
1.03548
1.03707
1.0387
1.04036
1.04206
1.04378
1.04553
1.0473
1.04909
1.05089
1.05269
1.0545
1.0563
1.05811
1.0599
1.06168
1.06345
1.0652
1.06692
1.06862
1.07028
1.07191
1.07351
1.07506
1.07658
1.07804
1.07946
1.08083
1.08215
1.08341
1.08461
1.08575
1.08684
1.08786
1.08881
1.08971
1.09053
1.09129
1.09198
1.0926
1.09315
1.09363
1.09404
1.09438
1.09465
1.09485
1.09498
1.09504
1.09503
1.09495
1.0948
1.09459
1.09431
1.09397
1.09356
1.09309
1.09256
1.09197
1.09132
1.09061
1.08985
1.08904
1.08818
1.08727
1.08632
1.08532
1.08429
1.08321
1.0821
1.08096
1.07979
1.0786
1.07738
1.07614
1.07488
1.07361
1.07232
1.07103
1.06973
1.06844
1.06714
1.06585
1.06457
1.0633
1.06204
1.0608
1.05958
1.05839
1.05722
1.05608
1.05497
1.0539
1.05287
1.05188
1.05093
1.05002
1.04916
1.04835
1.04759
1.04688
1.04622
1.04562
1.04507
1.04458
1.04414
1.04376
1.04344
1.04318
1.04297
1.04282
1.04272
1.04269
1.0427
1.04277
1.04289
1.04307
1.04329
1.04356
1.04387
1.04423
1.04463
1.04506
1.04554
1.04605
1.04658
1.04715
1.04775
1.04837
1.04901
1.04967
1.05034
1.05103
1.05172
1.05242
1.05313
1.05384
1.05454
1.05524
1.05593
1.05661
1.05728
1.05794
1.05857
1.05918
1.05977
1.06034
1.06087
1.06138
1.06185
1.06229
1.06269
1.06305
1.06338
1.06365
1.06389
1.06408
1.06422
1.06431
1.06436
1.06435
1.06429
1.06417
1.064
1.06378
1.0635
1.06316
1.06276
1.06231
1.0618
1.06124
1.06061
1.05993
1.05919
1.05839
1.05754
1.05663
1.05566
1.05465
1.05358
1.05245
1.05128
1.05006
1.04879
1.04748
1.04612
1.04473
1.04329
1.04181
1.0403
1.03876
1.03718
1.03558
1.03395
1.0323
1.03063
1.02894
1.02723
1.02552
1.02379
1.02205
1.02031
1.01857
1.01684
1.0151
1.01338
1.01166
1.00995
1.00826
1.00658
1.00493
1.00329
1.00168
1.0001
0.998544
0.997019
0.995526
0.994068
0.992647
0.991264
0.989922
0.988621
0.987364
0.98615
0.984983
0.983862
0.982789
0.981766
0.980793
0.97987
0.979
0.978183
0.977419
0.976708
0.976052
0.975451
0.974904
0.974414
0.973979
0.9736
0.973278
0.973011
0.9728
0.972645
0.972546
0.972502
0.972513
0.972581
0.972703
0.97288
0.973111
0.973395
0.973731
0.97412
0.974562
0.975054
0.975598
0.976191
0.976833
0.977523
0.978261
0.979045
0.979875
0.98075
0.981668
0.982628
0.983629
0.98467
0.985749
0.986866
0.988017
0.989203
0.990421
0.991671
0.992949
0.994255
0.995586
0.996942
0.99832
0.999718
1.00114
1.00257
1.00402
1.00548
1.00694
1.00842
1.0099
1.01139
1.01287
1.01436
1.01583
1.01731
1.01877
1.02022
1.02166
1.02309
1.02449
1.02587
1.02724
1.02857
1.02988
1.03116
1.0324
1.03361
1.03479
1.03593
1.03702
1.03808
1.03909
1.04005
1.04097
1.04184
1.04265
1.04342
1.04412
1.04478
1.04538
1.04592
1.0464
1.04683
1.04719
1.0475
1.04774
1.04793
1.04806
1.04812
1.04813
1.04808
1.04797
1.04781
1.04758
1.0473
1.04697
1.04659
1.04615
1.04567
1.04514
1.04456
1.04394
1.04329
1.04259
1.04187
1.04111
1.04032
1.03951
1.03868
1.03783
1.03697
1.03609
1.03521
1.03433
1.03345
1.03257
1.03171
1.03085
1.03001
1.02919
1.02839
1.02762
1.02688
1.02617
1.0255
1.02487
1.02429
1.02374
1.02325
1.0228
1.0224
1.02206
1.02177
1.02154
1.02136
1.02123
1.02117
1.02116
1.0212
1.0213
1.02146
1.02167
1.02192
1.02223
1.02259
1.02299
1.02344
1.02392
1.02445
1.025
1.02559
1.02621
1.02686
1.02753
1.02822
1.02892
1.02964
1.03037
1.0311
1.03184
1.03258
1.03333
1.03406
1.03479
1.03551
1.03622
1.03692
1.0376
1.03826
1.0389
1.03953
1.04013
1.04071
1.04127
1.0418
1.04231
1.0428
1.04326
1.04369
1.0441
1.04449
1.04485
1.04519
1.0455
1.0458
1.04607
1.04633
1.04657
1.04679
1.04699
1.04718
1.04736
1.04753
1.04769
1.04784
1.04799
1.04813
1.04827
1.04841
1.04855
1.04869
1.04883
1.04899
1.04914
1.04931
1.04949
1.04968
1.04988
1.05009
1.05032
1.05056
1.05082
1.0511
1.05139
1.0517
1.05203
1.05238
1.05275
1.05314
1.05354
1.05397
1.05441
1.05487
1.05536
1.05585
1.05637
1.0569
1.05746
1.05802
1.0586
1.0592
1.0598
1.06042
1.06105
1.06169
1.06234
1.063
1.06366
1.06433
1.065
1.06567
1.06635
1.06703
1.06771
1.06838
1.06906
1.06972
1.07039
1.07105
1.0717
1.07234
1.07298
1.07361
1.07422
1.07483
1.07542
1.076
1.07657
1.07712
1.07767
1.07819
1.07871
1.0792
1.07969
1.08016
1.08061
1.08105
1.08147
1.08187
1.08226
1.08264
1.08299
1.08334
1.08366
1.08397
1.08427
1.08455
1.08481
1.08507
1.0853
1.08553
1.08574
1.08593
1.08612
1.08629
1.08645
1.08659
1.08673
1.08685
1.08696
1.08706
1.08715
1.08723
1.08729
1.08735
1.0874
1.08743
1.08746
1.08748
1.08749
1.08749
1.08748
1.08746
1.08744
1.0874
1.08736
1.08731
1.08726
1.0872
1.08713
1.08705
1.08697
1.08689
1.0868
1.0867
1.0866
1.0865
1.08639
1.08628
1.08617
1.08606
1.08594
1.08583
1.08571
1.0856
1.08549
1.08538
1.08527
1.08516
1.08506
1.08497
1.08488
1.08479
1.08471
1.08464
1.08458
1.08452
1.08447
1.08444
1.08441
1.08439
1.08438
1.08439
1.0844
1.08443
1.08446
1.08451
1.08458
1.08465
1.08474
1.08484
1.08495
1.08507
1.08521
1.08536
1.08551
1.08568
1.08586
1.08605
1.08625
1.08645
1.08667
1.08689
1.08712
1.08736
1.0876
1.08785
1.08811
1.08836
1.08863
1.08889
1.08915
1.08942
1.08968
1.08995
1.09021
1.09047
1.09073
1.09098
1.09123
1.09147
1.09171
1.09194
1.09216
1.09238
1.09258
1.09278
1.09297
1.09314
1.09331
1.09347
1.09361
1.09374
1.09386
1.09397
1.09407
1.09415
1.09422
1.09428
1.09432
1.09435
1.09437
1.09438
1.09437
1.09435
1.09431
1.09427
1.09421
1.09414
1.09406
1.09396
1.09386
1.09374
1.09361
1.09348
1.09333
1.09318
1.09301
1.09284
1.09266
1.09247
1.09228
1.09208
1.09187
1.09166
1.09144
1.09122
1.09099
1.09076
1.09053
1.09029
1.09005
1.08981
1.08957
1.08932
1.08907
1.08882
1.08857
1.08833
1.08808
1.08783
1.08758
1.08733
1.08709
1.08684
1.0866
1.08636
1.08612
1.08589
1.08566
1.08544
1.08521
1.085
1.08478
1.08457
1.08437
1.08417
1.08397
1.08378
1.08359
1.08341
1.08324
1.08307
1.0829
1.08274
1.08259
1.08244
1.08229
1.08215
1.08202
1.08189
1.08176
1.08164
1.08152
1.0814
1.08129
1.08119
1.08108
1.08098
1.08088
1.08078
1.08068
1.08058
1.08048
1.08038
1.08028
1.08018
1.08008
1.07997
1.07986
1.07974
1.07962
1.0795
1.07937
1.07923
1.07909
1.07894
1.07878
1.07861
1.07844
1.07825
1.07806
1.07786
1.07764
1.07742
1.07718
1.07693
1.07668
1.07641
1.07612
1.07583
1.07552
1.0752
1.07487
1.07453
1.07418
1.07381
1.07344
1.07305
1.07265
1.07224
1.07182
1.07139
1.07095
1.0705
1.07004
1.06958
1.06911
1.06863
1.06814
1.06765
1.06716
1.06667
1.06617
1.06567
1.06517
1.06466
1.06416
1.06367
1.06317
1.06268
1.06219
1.06171
1.06124
1.06077
1.06031
1.05986
1.05942
1.059
1.05858
1.05818
1.05779
1.05741
1.05705
1.05671
1.05638
1.05607
1.05577
1.0555
1.05523
1.05499
1.05476
1.05456
1.05437
1.05419
1.05404
1.0539
1.05378
1.05368
1.05359
1.05351
1.05346
1.05341
1.05338
1.05336
1.05335
1.05334
1.05335
1.05337
1.05339
1.05341
1.05344
1.05348
1.05351
1.05354
1.05358
1.05361
1.05363
1.05365
1.05367
1.05367
1.05367
1.05366
1.05364
1.05361
1.05357
1.05352
1.05346
1.05339
1.0533
1.0532
1.0531
1.05298
1.05285
1.05271
1.05256
1.0524
1.05224
1.05207
1.05189
1.05172
1.05154
1.05137
1.05119
1.05102
1.05086
1.0507
1.05055
1.05042
1.0503
1.05019
1.0501
1.05003
1.04998
1.04995
1.04994
1.04996
1.05001
1.05008
1.05018
1.0503
1.05046
1.05064
1.05086
1.0511
1.05137
1.05167
1.052
1.05236
1.05275
1.05316
1.0536
1.05406
1.05454
1.05505
1.05558
1.05613
1.05669
1.05727
1.05787
1.05848
1.0591
1.05974
1.06038
1.06103
1.06168
1.06234
1.063
1.06367
1.06433
1.065
1.06566
1.06632
1.06697
1.06762
1.06826
1.06889
1.06952
1.07014
1.07074
1.07134
1.07192
1.07249
1.07305
1.07359
1.07412
1.07464
1.07514
1.07562
1.07609
1.07655
1.07699
1.07741
1.07781
1.0782
1.07857
1.07892
1.07926
1.07958
1.07988
1.08017
1.08044
1.08069
1.08092
1.08114
1.08135
1.08154
1.08171
1.08187
1.08202
1.08216
1.08228
1.08239
1.08249
1.08258
1.08266
1.08274
1.0828
1.08286
1.08292
1.08296
1.08301
1.08305
1.08309
1.08313
1.08318
1.08322
1.08327
1.08332
1.08337
1.08344
1.08351
1.08359
1.08368
1.08378
1.08389
1.08402
1.08416
1.08432
1.08449
1.08467
1.08488
1.0851
1.08534
1.0856
1.08588
1.08618
1.0865
1.08685
1.08721
1.08759
1.088
1.08842
1.08887
1.08934
1.08983
1.09034
1.09087
1.09142
1.09199
1.09258
1.09319
1.09381
1.09446
1.09511
1.09578
1.09647
1.09717
1.09788
1.0986
1.09933
1.10007
1.10082
1.10157
1.10234
1.1031
1.10387
1.10464
1.10541
1.10619
1.10696
1.10773
1.10849
1.10925
1.11001
1.11075
1.11149
1.11222
1.11294
1.11365
1.11434
1.11503
1.11569
1.11634
1.11698
1.11759
1.11819
1.11877
1.11933
1.11986
1.12038
1.12087
1.12133
1.12177
1.12219
1.12257
1.12293
1.12327
1.12357
1.12384
1.12408
1.1243
1.12448
1.12463
1.12475
1.12483
1.12488
1.1249
1.12488
1.12483
1.12474
1.12462
1.12446
1.12426
1.12403
1.12376
1.12346
1.12312
1.12275
1.12234
1.12189
1.12141
1.12089
1.12033
1.11975
1.11912
1.11847
1.11778
1.11705
1.1163
1.11551
1.11469
1.11384
1.11296
1.11205
1.11111
1.11014
1.10915
1.10813
1.10709
1.10602
1.10493
1.10382
1.10269
1.10154
1.10038
1.09919
1.09799
1.09678
1.09555
1.09432
1.09307
1.09182
1.09056
1.0893
1.08803
1.08676
1.08549
1.08423
1.08296
1.0817
1.08045
1.0792
1.07796
1.07673
1.07552
1.07432
1.07313
1.07195
1.0708
1.06966
1.06854
1.06744
1.06637
1.06532
1.06429
1.06329
1.06232
1.06137
1.06045
1.05957
1.05871
1.05789
1.05709
1.05633
1.0556
1.05491
1.05425
1.05363
1.05304
1.05249
1.05197
1.05149
1.05105
1.05064
1.05027
1.04994
1.04965
1.04939
1.04916
1.04897
1.04882
1.04871
1.04862
1.04858
1.04856
1.04858
1.04863
1.04871
1.04883
1.04897
1.04914
1.04934
1.04957
1.04983
1.05011
1.05041
1.05073
1.05108
1.05145
1.05183
1.05224
1.05266
1.05309
1.05354
1.054
1.05447
1.05495
1.05544
1.05593
1.05643
1.05693
1.05744
1.05794
1.05845
1.05895
1.05945
1.05995
1.06045
1.06093
1.06141
1.06188
1.06234
1.06279
1.06323
1.06366
1.06407
1.06447
1.06485
1.06522
1.06558
1.06591
1.06623
1.06653
1.06682
1.06708
1.06733
1.06756
1.06778
1.06797
1.06814
1.0683
1.06844
1.06856
1.06867
1.06876
1.06883
1.06888
1.06892
1.06894
1.06895
1.06894
1.06892
1.06889
1.06885
1.06879
1.06873
1.06865
1.06857
1.06848
1.06838
1.06828
1.06818
1.06807
1.06795
1.06784
1.06773
1.06762
1.06751
1.0674
1.0673
1.0672
1.06711
1.06702
1.06694
1.06688
1.06682
1.06677
1.06674
1.06672
1.06671
1.06671
1.06674
1.06677
1.06682
1.06689
1.06697
1.06707
1.06719
1.06732
1.06747
1.06764
1.06782
1.06802
1.06823
1.06846
1.0687
1.06896
1.06923
1.06952
1.06981
1.07012
1.07044
1.07076
1.07109
1.07142
1.07176
1.0721
1.07244
1.07278
1.07312
1.07345
1.07377
1.07409
1.07439
1.07468
1.07495
1.07521
1.07544
1.07566
1.07584
1.07601
1.07614
1.07624
1.07631
1.07634
1.07634
1.07629
1.07621
1.07608
1.0759
1.07568
1.07541
1.07509
1.07472
1.07429
1.07382
1.07329
1.0727
1.07206
1.07137
1.07062
1.06981
1.06895
1.06803
1.06706
1.06603
1.06496
1.06383
1.06265
1.06143
1.06016
1.05885
1.0575
1.05611
1.05469
1.05323
1.05175
1.05024
1.04871
1.04717
1.04561
1.04405
1.04248
1.04091
1.03934
1.03778
1.03624
1.03471
1.03321
1.03173
1.03028
1.02887
1.0275
1.02618
1.0249
1.02368
1.02251
1.02139
1.02034
1.01936
1.01844
1.0176
1.01682
1.01612
1.0155
1.01495
1.01448
1.01409
1.01378
1.01355
1.01339
1.01332
1.01333
1.01341
1.01357
1.0138
1.01411
1.0145
1.01495
1.01548
1.01607
1.01673
1.01746
1.01824
1.01909
1.01999
1.02096
1.02197
1.02304
1.02416
1.02533
1.02654
1.0278
1.0291
1.03044
1.03182
1.03324
1.03469
1.03618
1.0377
1.03926
1.04084
1.04245
1.04409
1.04576
1.04745
1.04917
1.05091
1.05267
1.05445
1.05626
1.05808
1.05992
1.06179
1.06367
1.06556
1.06748
1.0694
1.07134
1.0733
1.07527
1.07724
1.07923
1.08123
1.08324
1.08526
1.08728
1.08932
1.09135
1.0934
1.09544
1.09749
1.09955
1.1016
1.10365
1.1057
1.10775
1.1098
1.11184
1.11388
1.11591
1.11793
1.11995
1.12195
1.12395
1.12593
1.1279
1.12985
1.13179
1.13371
1.13561
1.13749
1.13935
1.14119
1.14301
1.14481
1.14658
1.14832
1.15004
1.15173
1.15339
1.15502
1.15662
1.15819
1.15972
1.16123
1.1627
1.16413
1.16553
1.16689
1.16822
1.16951
1.17076
1.17197
1.17314
1.17428
1.17537
1.17642
1.17743
1.1784
1.17933
1.18022
1.18106
1.18186
1.18262
1.18333
1.18401
1.18464
1.18522
1.18576
1.18626
1.18671
1.18711
1.18747
1.18779
1.18806
1.18829
1.18847
1.1886
1.18869
1.18873
1.18873
1.18868
1.18858
1.18843
1.18824
1.188
1.18772
1.18738
1.187
1.18657
1.18609
1.18556
1.18498
1.18436
1.18369
1.18296
1.18219
1.18138
1.18051
1.1796
1.17863
1.17762
1.17656
1.17546
1.17431
1.1731
1.17186
1.17056
1.16923
1.16784
1.16641
1.16494
1.16342
1.16186
1.16026
1.15862
1.15693
1.15521
1.15345
1.15165
1.14981
1.14794
1.14603
1.14409
1.14212
1.14012
1.13809
1.13604
1.13396
1.13185
1.12972
1.12758
1.12541
1.12322
1.12103
1.11881
1.11659
1.11436
1.11212
1.10987
1.10763
1.10538
1.10313
1.10089
1.09866
1.09643
1.09421
1.09201
1.08982
1.08765
1.0855
1.08337
1.08126
1.07919
1.07714
1.07512
1.07314
1.07118
1.06927
1.06739
1.06556
1.06376
1.06201
1.0603
1.05864
1.05703
1.05547
1.05395
1.05248
1.05107
1.0497
1.04839
1.04712
1.04591
1.04475
1.04364
1.04258
1.04157
1.04061
1.03969
1.03883
1.03801
1.03724
1.03652
1.03583
1.03519
1.0346
1.03404
1.03353
1.03305
1.03261
1.03221
1.03184
1.03151
1.03121
1.03095
1.03072
1.03052
1.03036
1.03022
1.03012
1.03005
1.03001
1.03
1.03002
1.03008
1.03016
1.03028
1.03043
1.03061
1.03082
1.03107
1.03136
1.03167
1.03203
1.03242
1.03285
1.03332
1.03382
1.03437
1.03496
1.03559
1.03626
1.03697
1.03773
1.03853
1.03938
1.04027
1.04121
1.04219
1.04321
1.04428
1.0454
1.04656
1.04776
1.04901
1.05029
1.05162
1.05299
1.0544
1.05584
1.05732
1.05884
1.06038
1.06196
1.06356
1.06518
1.06683
1.0685
1.07018
1.07188
1.07359
1.0753
1.07701
1.07873
1.08044
1.08215
1.08384
1.08552
1.08718
1.08882
1.09043
1.09201
1.09356
1.09508
1.09655
1.09797
1.09935
1.10068
1.10195
1.10317
1.10433
1.10542
1.10644
1.1074
1.10829
1.1091
1.10984
1.1105
1.11108
1.11159
1.11201
1.11236
1.11262
1.1128
1.11291
1.11293
1.11287
1.11273
1.11252
1.11223
1.11187
1.11145
1.11095
1.11039
1.10977
1.1091
1.10837
1.1076
1.10678
1.10593
1.10504
1.10413
1.10319
1.10224
1.10128
1.10031
1.09935
1.09839
1.09745
1.09652
1.09562
1.09475
1.09391
1.09311
1.09236
1.09166
1.091
1.09041
1.08988
1.0894
1.089
1.08866
1.08839
1.0882
1.08807
1.08802
1.08805
1.08815
1.08832
1.08857
1.08888
1.08928
1.08974
1.09027
1.09086
1.09152
1.09224
1.09302
1.09386
1.09475
1.0957
1.09669
1.09772
1.0988
1.09991
1.10106
1.10224
1.10345
1.10468
1.10593
1.1072
1.10848
1.10977
1.11107
1.11237
1.11367
1.11496
1.11625
1.11752
1.11878
1.12002
1.12124
1.12244
1.12361
1.12474
1.12584
1.12691
1.12793
1.12892
1.12985
1.13074
1.13159
1.13238
1.13311
1.13379
1.13442
1.13498
1.13549
1.13594
1.13632
1.13664
1.1369
1.1371
1.13723
1.1373
1.1373
1.13724
1.13711
1.13692
1.13667
1.13636
1.13598
1.13554
1.13504
1.13448
1.13386
1.13318
1.13245
1.13167
1.13083
1.12994
1.129
1.12801
1.12698
1.1259
1.12477
1.12361
1.12241
1.12118
1.11991
1.11861
1.11728
1.11592
1.11454
1.11313
1.11171
1.11026
1.1088
1.10733
1.10585
1.10436
1.10287
1.10137
1.09987
1.09838
1.09689
1.0954
1.09393
1.09247
1.09102
1.08959
1.08818
1.08679
1.08542
1.08408
1.08277
1.08149
1.08024
1.07903
1.07785
1.07671
1.07561
1.07455
1.07353
1.07256
1.07163
1.07075
1.06992
1.06914
1.0684
1.06772
1.06708
1.0665
1.06597
1.06549
1.06507
1.06469
1.06437
1.0641
1.06388
1.06372
1.0636
1.06353
1.06351
1.06354
1.06362
1.06374
1.0639
1.06411
1.06436
1.06464
1.06497
1.06533
1.06573
1.06616
1.06662
1.0671
1.06762
1.06816
1.06872
1.0693
1.0699
1.07052
1.07115
1.07179
1.07244
1.07311
1.07378
1.07445
1.07512
1.0758
1.07647
1.07714
1.07781
1.07846
1.07911
1.07974
1.08037
1.08098
1.08157
1.08214
1.0827
1.08324
1.08376
1.08425
1.08472
1.08517
1.08559
1.08598
1.08635
1.08669
1.08699
1.08728
1.08753
1.08775
1.08794
1.0881
1.08823
1.08833
1.08839
1.08843
1.08843
1.0884
1.08834
1.08825
1.08813
1.08797
1.08778
1.08756
1.0873
1.08701
1.08669
1.08634
1.08595
1.08552
1.08506
1.08457
1.08404
1.08348
1.08288
1.08224
1.08157
1.08085
1.08011
1.07932
1.0785
1.07763
1.07673
1.07579
1.07481
1.0738
1.07274
1.07165
1.07052
1.06935
1.06815
1.06691
1.06563
1.06432
1.06297
1.06159
1.06018
1.05875
1.05728
1.05579
1.05428
1.05274
1.05119
1.04962
1.04803
1.04644
1.04483
1.04323
1.04162
1.04001
1.03841
1.03682
1.03524
1.03368
1.03214
1.03063
1.02914
1.02768
1.02626
1.02488
1.02354
1.02225
1.02101
1.01983
1.01871
1.01764
1.01664
1.01571
1.01485
1.01406
1.01335
1.01272
1.01217
1.0117
1.01131
1.01101
1.0108
1.01067
1.01063
1.01068
1.01082
1.01105
1.01137
1.01178
1.01227
1.01286
1.01353
1.01429
1.01513
1.01605
1.01705
1.01814
1.0193
1.02054
1.02185
1.02324
1.0247
1.02622
1.02781
1.02946
1.03117
1.03294
1.03476
1.03664
1.03856
1.04054
1.04256
1.04462
1.04672
1.04885
1.05102
1.05322
1.05545
1.0577
1.05998
1.06227
1.06458
1.0669
1.06924
1.07158
1.07392
1.07627
1.07862
1.08097
1.08331
1.08564
1.08797
1.09028
1.09257
1.09486
1.09712
1.09936
1.10158
1.10377
1.10595
1.10809
1.11021
1.11229
1.11435
1.11638
1.11837
1.12033
1.12226
1.12415
1.12601
1.12784
1.12963
1.13139
1.13311
1.1348
1.13646
1.13808
1.13967
1.14122
1.14275
1.14424
1.1457
1.14713
1.14854
1.14991
1.15126
1.15258
1.15388
1.15515
1.15639
1.15762
1.15882
1.16
1.16116
1.1623
1.16342
1.16452
1.16561
1.16668
1.16774
1.16878
1.1698
1.17081
1.17181
1.17279
1.17376
1.17472
1.17566
1.17659
1.1775
1.1784
1.17929
1.18017
1.18102
1.18187
1.1827
1.18351
1.1843
1.18508
1.18583
1.18657
1.18728
1.18798
1.18865
1.1893
1.18992
1.19051
1.19108
1.19162
1.19212
1.1926
1.19304
1.19345
1.19382
1.19416
1.19446
1.19472
1.19494
1.19511
1.19525
1.19534
1.19538
1.19538
1.19534
1.19524
1.1951
1.1949
1.19466
1.19437
1.19402
1.19362
1.19317
1.19267
1.19211
1.1915
1.19083
1.19011
1.18933
1.1885
1.18762
1.18668
1.18568
1.18464
1.18354
1.18238
1.18118
1.17992
1.17861
1.17725
1.17584
1.17439
1.17288
1.17133
1.16973
1.16809
1.1664
1.16467
1.1629
1.16109
1.15924
1.15736
1.15543
1.15348
1.15148
1.14946
1.14741
1.14532
1.14321
1.14107
1.13891
1.13673
1.13452
1.13229
1.13004
1.12778
1.1255
1.12321
1.1209
1.11858
1.11625
1.11391
1.11157
1.10921
1.10686
1.1045
1.10215
1.09979
1.09743
1.09508
1.09273
1.09039
1.08806
1.08574
1.08343
1.08113
1.07884
1.07657
1.07431
1.07208
1.06986
1.06766
1.06549
1.06334
1.06122
1.05912
1.05705
1.05502
1.05301
1.05103
1.04909
1.04719
1.04532
1.04349
1.0417
1.03995
1.03824
1.03658
1.03496
1.03338
1.03185
1.03037
1.02894
1.02756
1.02622
1.02494
1.0237
1.02252
1.02139
1.02032
1.01929
1.01832
1.0174
1.01653
1.01572
1.01495
1.01424
1.01358
1.01297
1.01242
1.01191
1.01144
1.01103
1.01066
1.01034
1.01006
1.00982
1.00963
1.00948
1.00936
1.00929
1.00925
1.00924
1.00927
1.00933
1.00942
1.00954
1.00968
1.00986
1.01005
1.01027
1.01052
1.01078
1.01106
1.01136
1.01168
1.01201
1.01236
1.01272
1.01309
1.01348
1.01387
1.01428
1.0147
1.01512
1.01556
1.016
1.01645
1.01691
1.01738
1.01785
1.01834
1.01882
1.01932
1.01982
1.02033
1.02085
1.02137
1.02191
1.02245
1.023
1.02356
1.02413
1.02471
1.02531
1.02591
1.02653
1.02717
1.02781
1.02847
1.02915
1.02984
1.03055
1.03128
1.03203
1.03279
1.03357
1.03437
1.03519
1.03603
1.03689
1.03777
1.03867
1.03958
1.04052
1.04147
1.04244
1.04342
1.04442
1.04544
1.04647
1.04751
1.04857
1.04963
1.0507
1.05178
1.05286
1.05395
1.05504
1.05613
1.05721
1.05829
1.05936
1.06042
1.06148
1.06251
1.06353
1.06453
1.06552
1.06647
1.06741
1.06831
1.06918
1.07003
1.07083
1.0716
1.07234
1.07303
1.07368
1.07429
1.07485
1.07537
1.07584
1.07626
1.07662
1.07694
1.07721
1.07742
1.07757
1.07767
1.07772
1.07771
1.07764
1.07751
1.07734
1.0771
1.07681
1.07646
1.07605
1.07559
1.07508
1.07451
1.07389
1.07322
1.0725
1.07173
1.0709
1.07003
1.06912
1.06816
1.06716
1.06612
1.06503
1.06391
1.06276
1.06157
1.06035
1.0591
1.05782
1.05652
1.0552
1.05386
1.0525
1.05112
1.04973
1.04833
1.04692
1.0455
1.04409
1.04266
1.04124
1.03983
1.03841
1.03701
1.03561
1.03422
1.03285
1.03149
1.03014
1.02881
1.0275
1.02621
1.02493
1.02368
1.02244
1.02123
1.02004
1.01887
1.01772
1.0166
1.01549
1.0144
1.01334
1.0123
1.01127
1.01026
1.00927
1.0083
1.00735
1.00641
1.00548
1.00457
1.00367
1.00278
1.0019
1.00103
1.00017
0.999324
0.99848
0.997644
0.996814
0.995989
0.995169
0.994353
0.993542
0.992734
0.99193
0.99113
0.990333
0.98954
0.988752
0.987968
0.987189
0.986417
0.98565
0.984891
0.98414
0.983398
0.982666
0.981946
0.981238
0.980545
0.979867
0.979207
0.978566
0.977945
0.977347
0.976773
0.976226
0.975707
0.975219
0.974763
0.974342
0.973959
0.973614
0.973312
0.973053
0.97284
0.972674
0.972559
0.972496
0.972487
0.972534
0.972639
0.972802
0.973025
0.97331
0.973657
0.974068
0.974543
0.975084
0.97569
0.976362
0.977099
0.977902
0.97877
0.979702
0.980698
0.981756
0.982877
0.984059
0.9853
0.986599
0.987954
0.989363
0.990824
0.992335
0.993894
0.995498
0.997144
0.998831
1.00056
1.00232
1.00411
1.00593
1.00778
1.00965
1.01155
1.01346
1.01539
1.01733
1.01929
1.02125
1.02321
1.02519
1.02716
1.02913
1.03109
1.03305
1.03501
1.03695
1.03887
1.04079
1.04268
1.04456
1.04642
1.04825
1.05006
1.05185
1.0536
1.05533
1.05702
1.05869
1.06032
1.06191
1.06346
1.06498
1.06646
1.0679
1.06929
1.07064
1.07194
1.0732
1.07441
1.07558
1.07669
1.07775
1.07877
1.07972
1.08063
1.08148
1.08227
1.08301
1.08369
1.08431
1.08487
1.08538
1.08583
1.08621
1.08655
1.08682
1.08703
1.08718
1.08728
1.08732
1.0873
1.08722
1.08709
1.08691
1.08667
1.08638
1.08604
1.08564
1.0852
1.08472
1.08418
1.08361
1.08299
1.08233
1.08164
1.08091
1.08015
1.07936
1.07854
1.07769
1.07682
1.07592
1.07501
1.07408
1.07314
1.07218
1.07122
1.07025
1.06927
1.0683
1.06732
1.06635
1.06538
1.06442
1.06347
1.06253
1.0616
1.06069
1.05979
1.05892
1.05806
1.05723
1.05642
1.05563
1.05487
1.05414
1.05343
1.05275
1.0521
1.05148
1.05088
1.05032
1.04978
1.04928
1.0488
1.04834
1.04792
1.04752
1.04715
1.04681
1.04648
1.04619
1.04591
1.04565
1.04541
1.0452
1.04499
1.0448
1.04463
1.04446
1.04431
1.04416
1.04403
1.04389
1.04376
1.04363
1.0435
1.04337
1.04323
1.04309
1.04294
1.04279
1.04262
1.04245
1.04226
1.04205
1.04184
1.04161
1.04136
1.04109
1.0408
1.0405
1.04017
1.03982
1.03946
1.03906
1.03865
1.03822
1.03776
1.03728
1.03677
1.03625
1.0357
1.03512
1.03453
1.03391
1.03327
1.0326
1.03192
1.03121
1.03048
1.02973
1.02896
1.02816
1.02735
1.02651
1.02566
1.02479
1.0239
1.02299
1.02206
1.02112
1.02016
1.01918
1.01818
1.01717
1.01614
1.01509
1.01403
1.01296
1.01186
1.01076
1.00963
1.0085
1.00735
1.00618
1.005
1.00381
1.00261
1.00139
1.00017
0.998927
0.997677
0.996418
0.99515
0.993874
0.992592
0.991302
0.990008
0.988709
0.987408
0.986106
0.984804
0.983505
0.98221
0.98092
0.979637
0.978364
0.977104
0.975857
0.974627
0.973417
0.972228
0.971065
0.969928
0.968822
0.967749
0.966712
0.965713
0.964757
0.963845
0.962981
0.962167
0.961407
0.960703
0.960059
0.959475
0.958956
0.958503
0.958119
0.957805
0.957563
0.957396
0.957304
0.957287
0.957348
0.957487
0.957703
0.957997
0.958369
0.958818
0.959344
0.959945
0.960621
0.961369
0.962187
0.963074
0.964026
0.965041
0.966116
0.967249
0.968436
0.969674
0.970959
0.972288
0.973658
0.975064
0.976504
0.977972
0.979467
0.980984
0.982519
0.98407
0.985633
0.987204
0.98878
0.990358
0.991934
0.993507
0.995074
0.996633
0.998182
0.999717
1.00124
1.00274
1.00422
1.00569
1.00713
1.00855
1.00995
1.01132
1.01267
1.014
1.01529
1.01657
1.01782
1.01904
1.02024
1.02141
1.02257
1.0237
1.0248
1.02589
1.02695
1.028
1.02903
1.03004
1.03103
1.03201
1.03297
1.03393
1.03487
1.0358
1.03672
1.03764
1.03855
1.03945
1.04035
1.04124
1.04214
1.04303
1.04392
1.04481
1.0457
1.04659
1.04748
1.04838
1.04927
1.05017
1.05107
1.05198
1.05289
1.0538
1.05471
1.05562
1.05654
1.05746
1.05838
1.0593
1.06022
1.06113
1.06205
1.06296
1.06387
1.06478
1.06568
1.06658
1.06746
1.06835
1.06922
1.07008
1.07093
1.07177
1.0726
1.07342
1.07421
1.075
1.07576
1.07651
1.07724
1.07795
1.07864
1.07932
1.07997
1.0806
1.0812
1.08179
1.08235
1.08289
1.0834
1.08389
1.08436
1.0848
1.08521
1.08561
1.08597
1.08632
1.08663
1.08693
1.08719
1.08744
1.08766
1.08785
1.08803
1.08817
1.0883
1.0884
1.08848
1.08854
1.08858
1.0886
1.0886
1.08858
1.08854
1.08848
1.0884
1.08831
1.0882
1.08808
1.08794
1.08778
1.08762
1.08743
1.08724
1.08703
1.08681
1.08658
1.08634
1.08609
1.08583
1.08556
1.08528
1.08499
1.08469
1.08439
1.08408
1.08376
1.08344
1.08311
1.08277
1.08243
1.08208
1.08173
1.08137
1.08101
1.08064
1.08027
1.07989
1.07951
1.07912
1.07873
1.07833
1.07792
1.07751
1.07709
1.07667
1.07624
1.0758
1.07535
1.0749
1.07444
1.07397
1.07348
1.07299
1.07249
1.07198
1.07146
1.07092
1.07038
1.06982
1.06925
1.06866
1.06807
1.06746
1.06683
1.0662
1.06555
1.06488
1.0642
1.06351
1.0628
1.06208
1.06135
1.0606
1.05984
1.05907
1.05829
1.05749
1.05669
1.05588
1.05505
1.05422
1.05338
1.05254
1.05169
1.05084
1.04999
1.04914
1.04829
1.04744
1.04659
1.04575
1.04492
1.04409
1.04328
1.04247
1.04168
1.04091
1.04015
1.03941
1.03869
1.038
1.03733
1.03668
1.03607
1.03548
1.03492
1.0344
1.03391
1.03345
1.03303
1.03265
1.03231
1.03201
1.03175
1.03153
1.03136
1.03123
1.03114
1.0311
1.03111
1.03117
1.03127
1.03141
1.03161
1.03185
1.03214
1.03248
1.03286
1.03329
1.03376
1.03428
1.03484
1.03544
1.03608
1.03676
1.03747
1.03823
1.03902
1.03984
1.04069
1.04157
1.04248
1.04342
1.04438
1.04536
1.04636
1.04738
1.04841
1.04946
1.05051
1.05157
1.05264
1.0537
1.05477
1.05583
1.05689
1.05793
1.05897
1.05999
1.061
1.06198
1.06294
1.06388
1.06479
1.06567
1.06652
1.06733
1.06811
1.06884
1.06953
1.07017
1.07077
1.07132
1.07181
1.07225
1.07263
1.07295
1.07321
1.0734
1.07353
1.07359
1.07359
1.07351
1.07337
1.07315
1.07286
1.07249
1.07204
1.07152
1.07092
1.07024
1.06949
1.06865
1.06774
1.06675
1.06567
1.06452
1.06329
1.06199
1.06061
1.05915
1.05763
1.05603
1.05436
1.05262
1.05082
1.04895
1.04703
1.04504
1.043
1.04091
1.03877
1.03659
1.03437
1.03211
1.02982
1.0275
1.02516
1.0228
1.02042
1.01803
1.01564
1.01324
1.01085
1.00846
1.00608
1.00373
1.00139
0.99908
0.996799
0.994551
0.99234
0.99017
0.988045
0.985967
0.983939
0.981965
0.980046
0.978185
0.976384
0.974645
0.972969
0.971357
0.96981
0.968328
0.966913
0.965564
0.964281
0.963064
0.961912
0.960824
0.959801
0.958841
0.957942
0.957103
0.956323
0.955599
0.954932
0.954318
0.953757
0.953247
0.952784
0.952368
0.951997
0.951669
0.951382
0.951135
0.950926
0.950754
0.950617
0.950515
0.950446
0.950407
0.950399
0.95042
0.95047
0.950547
0.950651
0.950781
0.950937
0.951118
0.951325
0.951556
0.951811
0.95209
0.952393
0.95272
0.953072
0.953449
0.95385
0.954276
0.954727
0.955204
0.955708
0.956238
0.956795
0.957379
0.957992
0.958633
0.959303
0.960002
0.960732
0.961491
0.962282
0.963103
0.963956
0.96484
0.965756
0.966704
0.967685
0.968699
0.969745
0.970824
0.971936
0.973081
0.974259
0.975469
0.976711
0.977986
0.979291
0.980627
0.981993
0.983388
0.984813
0.986265
0.987745
0.989251
0.990784
0.99234
0.993921
0.995524
0.997148
0.998792
1.00046
1.00214
1.00383
1.00555
1.00727
1.00901
1.01076
1.01252
1.01429
1.01606
1.01784
1.01963
1.02142
1.02321
1.025
1.02679
1.02857
1.03036
1.03214
1.03391
1.03568
1.03744
1.03919
1.04092
1.04265
1.04436
1.04606
1.04775
1.04942
1.05107
1.0527
1.05432
1.05592
1.0575
1.05905
1.06059
1.0621
1.06359
1.06505
1.06648
1.06789
1.06927
1.07062
1.07194
1.07322
1.07448
1.0757
1.07688
1.07803
1.07914
1.08021
1.08125
1.08224
1.08318
1.08408
1.08494
1.08574
1.0865
1.0872
1.08785
1.08845
1.08899
1.08947
1.0899
1.09026
1.09056
1.0908
1.09097
1.09108
1.09112
1.09109
1.091
1.09083
1.0906
1.0903
1.08992
1.08947
1.08896
1.08837
1.08771
1.08698
1.08619
1.08532
1.08439
1.08339
1.08232
1.08119
1.08
1.07875
1.07744
1.07608
1.07466
1.07319
1.07167
1.07011
1.0685
1.06685
1.06517
1.06346
1.06172
1.05995
1.05817
1.05636
1.05455
1.05272
1.05089
1.04906
1.04723
1.04542
1.04361
1.04182
1.04006
1.03832
1.03661
1.03493
1.03329
1.0317
1.03015
1.02865
1.02721
1.02583
1.0245
1.02324
1.02205
1.02093
1.01988
1.01891
1.01802
1.01721
1.01648
1.01584
1.01528
1.0148
1.01442
1.01413
1.01392
1.01381
1.01378
1.01385
1.01401
1.01426
1.01459
1.01502
1.01554
1.01614
1.01683
1.01761
1.01846
1.01941
1.02043
1.02153
1.0227
1.02395
1.02528
1.02667
1.02814
1.02967
1.03126
1.03291
1.03462
1.03639
1.0382
1.04007
1.04199
1.04394
1.04594
1.04798
1.05005
1.05215
1.05428
1.05643
1.05861
1.0608
1.06301
1.06524
1.06747
1.0697
1.07194
1.07418
1.07642
1.07864
1.08086
1.08306
1.08524
1.08741
1.08955
1.09166
1.09375
1.0958
1.09782
1.0998
1.10174
1.10364
1.10549
1.10729
1.10904
1.11074
1.11238
1.11397
1.1155
1.11696
1.11836
1.1197
1.12097
1.12218
1.12331
1.12438
1.12537
1.1263
1.12715
1.12793
1.12863
1.12926
1.12982
1.13031
1.13072
1.13106
1.13132
1.13151
1.13163
1.13168
1.13166
1.13157
1.13141
1.13118
1.13089
1.13053
1.13011
1.12963
1.12908
1.12848
1.12782
1.12711
1.12634
1.12552
1.12465
1.12373
1.12277
1.12177
1.12072
1.11964
1.11852
1.11736
1.11618
1.11496
1.11372
1.11246
1.11117
1.10987
1.10855
1.10721
1.10586
1.10451
1.10315
1.10179
1.10043
1.09907
1.09772
1.09637
1.09504
1.09372
1.09242
1.09114
1.08988
1.08865
1.08744
1.08627
1.08513
1.08402
1.08296
1.08193
1.08095
1.08001
1.07912
1.07828
1.07749
1.07675
1.07606
1.07543
1.07486
1.07434
1.07388
1.07347
1.07313
1.07284
1.07261
1.07244
1.07233
1.07227
1.07227
1.07232
1.07242
1.07258
1.07279
1.07304
1.07334
1.07369
1.07407
1.07449
1.07495
1.07545
1.07597
1.07652
1.0771
1.0777
1.07832
1.07896
1.0796
1.08026
1.08093
1.0816
1.08228
1.08295
1.08362
1.08429
1.08495
1.0856
1.08624
1.08686
1.08747
1.08806
1.08863
1.08919
1.08972
1.09023
1.09072
1.09118
1.09163
1.09204
1.09244
1.09281
1.09317
1.0935
1.0938
1.09409
1.09436
1.09461
1.09485
1.09507
1.09527
1.09546
1.09564
1.09582
1.09598
1.09614
1.0963
1.09645
1.09661
1.09677
1.09693
1.09709
1.09727
1.09745
1.09764
1.09784
1.09805
1.09827
1.09851
1.09876
1.09902
1.0993
1.09959
1.09989
1.10021
1.10054
1.10088
1.10123
1.10159
1.10195
1.10233
1.1027
1.10308
1.10346
1.10384
1.10421
1.10457
1.10493
1.10527
1.1056
1.10591
1.10621
1.10647
1.10672
1.10693
1.10712
1.10727
1.10738
1.10746
1.10749
1.10749
1.10744
1.10734
1.10719
1.10699
1.10674
1.10643
1.10607
1.10565
1.10518
1.10464
1.10405
1.1034
1.10269
1.10192
1.10109
1.1002
1.09925
1.09824
1.09717
1.09604
1.09486
1.09362
1.09233
1.09098
1.08958
1.08814
1.08664
1.0851
1.08352
1.08189
1.08023
1.07852
1.07679
1.07502
1.07323
1.07141
1.06956
1.0677
1.06582
1.06393
1.06203
1.06012
1.05821
1.0563
1.0544
1.0525
1.05061
1.04874
1.04688
1.04505
1.04324
1.04146
1.03971
1.03799
1.03631
1.03467
1.03308
1.03154
1.03004
1.0286
1.02721
1.02588
1.02462
1.02341
1.02227
1.0212
1.0202
1.01927
1.01841
1.01763
1.01692
1.01628
1.01573
1.01525
1.01485
1.01452
1.01428
1.01411
1.01402
1.01401
1.01407
1.01422
1.01443
1.01472
1.01508
1.01551
1.01601
1.01658
1.01721
1.01791
1.01867
1.01949
1.02036
1.02129
1.02228
1.02331
1.02439
1.02551
1.02668
1.02788
1.02913
1.0304
1.03171
1.03305
1.03441
1.03579
1.0372
1.03862
1.04006
1.04151
1.04297
1.04443
1.0459
1.04737
1.04884
1.05031
1.05177
1.05322
1.05466
1.05608
1.05749
1.05888
1.06025
1.0616
1.06292
1.06422
1.06548
1.06672
1.06792
1.06908
1.07021
1.07131
1.07236
1.07337
1.07433
1.07525
1.07613
1.07696
1.07774
1.07847
1.07915
1.07978
1.08035
1.08087
1.08134
1.08175
1.08211
1.08241
1.08266
1.08285
1.08298
1.08306
1.08308
1.08305
1.08296
1.08282
1.08262
1.08237
1.08207
1.08172
1.08131
1.08086
1.08035
1.0798
1.0792
1.07856
1.07788
1.07715
1.07639
1.07559
1.07475
1.07388
1.07297
1.07204
1.07108
1.0701
1.06909
1.06807
1.06703
1.06597
1.0649
1.06383
1.06275
1.06166
1.06057
1.05949
1.05841
1.05733
1.05627
1.05522
1.05419
1.05317
1.05218
1.05121
1.05026
1.04935
1.04846
1.04761
1.0468
1.04602
1.04528
1.04459
1.04394
1.04334
1.04278
1.04227
1.04181
1.04141
1.04106
1.04076
1.04052
1.04033
1.04021
1.04014
1.04012
1.04017
1.04027
1.04044
1.04066
1.04094
1.04128
1.04168
1.04213
1.04264
1.04321
1.04383
1.04451
1.04524
1.04603
1.04686
1.04774
1.04867
1.04965
1.05067
1.05174
1.05285
1.054
1.05518
1.0564
1.05766
1.05895
1.06027
1.06162
1.063
1.0644
1.06583
1.06728
1.06874
1.07022
1.07172
1.07323
1.07476
1.07629
1.07783
1.07937
1.08092
1.08246
1.08401
1.08556
1.0871
1.08863
1.09015
1.09167
1.09317
1.09465
1.09612
1.09758
1.09901
1.10042
1.10182
1.10318
1.10452
1.10583
1.10712
1.10837
1.10959
1.11078
1.11193
1.11304
1.11412
1.11516
1.11616
1.11712
1.11804
1.11891
1.11974
1.12052
1.12125
1.12194
1.12258
1.12316
1.1237
1.12419
1.12462
1.125
1.12532
1.1256
1.12581
1.12598
1.12608
1.12613
1.12613
1.12607
1.12595
1.12577
1.12554
1.12525
1.1249
1.1245
1.12404
1.12352
1.12295
1.12232
1.12164
1.1209
1.12011
1.11926
1.11836
1.11741
1.11641
1.11535
1.11425
1.11309
1.11189
1.11064
1.10935
1.108
1.10662
1.10519
1.10372
1.10221
1.10066
1.09907
1.09745
1.09578
1.09409
1.09236
1.09059
1.0888
1.08697
1.08512
1.08324
1.08133
1.07939
1.07744
1.07546
1.07346
1.07143
1.0694
1.06734
1.06526
1.06318
1.06108
1.05896
1.05684
1.0547
1.05256
1.05042
1.04826
1.04611
1.04395
1.0418
1.03964
1.03749
1.03535
1.03321
1.03108
1.02896
1.02685
1.02476
1.02269
1.02063
1.0186
1.01658
1.01459
1.01262
1.01069
1.00878
1.0069
1.00506
1.00325
1.00148
0.999749
0.998058
0.99641
0.994806
0.993249
0.991739
0.990279
0.988869
0.987512
0.986207
0.984957
0.983763
0.982626
0.981545
0.980521
0.979555
0.978648
0.977799
0.977008
0.976275
0.9756
0.974983
0.974423
0.973919
0.973471
0.973077
0.972737
0.972449
0.972212
0.972024
0.971883
0.971788
0.971737
0.971728
0.97176
0.97183
0.971936
0.972075
0.972247
0.972449
0.972679
0.972934
0.973213
0.973512
0.97383
0.974164
0.974513
0.974875
0.975247
0.975628
0.976016
0.97641
0.976808
0.977208
0.97761
0.978011
0.978411
0.978809
0.979202
0.979591
0.979975
0.980353
0.980724
0.98109
0.981448
0.981798
0.982143
0.98248
0.98281
0.983134
0.98345
0.983761
0.984066
0.984367
0.984664
0.984958
0.98525
0.985541
0.985832
0.986124
0.986418
0.986714
0.987015
0.987321
0.987634
0.987956
0.988287
0.988629
0.988983
0.98935
0.989731
0.990128
0.990542
0.990975
0.991427
0.991898
0.99239
0.992903
0.993437
0.993994
0.994573
0.995175
0.995801
0.996448
0.997118
0.997808
0.99852
0.999252
1
1.00077
1.00156
1.00236
1.00317
1.00399
1.00483
1.00567
1.00652
1.00737
1.00822
1.00907
1.00992
1.01076
1.0116
1.01242
1.01324
1.01403
1.01482
1.01558
1.01633
1.01706
1.01776
1.01845
1.0191
1.01974
1.02034
1.02093
1.02148
1.02201
1.02252
1.023
1.02346
1.0239
1.02432
1.02472
1.0251
1.02547
1.02582
1.02616
1.0265
1.02683
1.02715
1.02748
1.02781
1.02814
1.02849
1.02885
1.02922
1.02961
1.03002
1.03046
1.03093
1.03142
1.03195
1.03251
1.03311
1.03376
1.03444
1.03516
1.03593
1.03675
1.03761
1.03852
1.03948
1.04049
1.04154
1.04264
1.04379
1.04499
1.04623
1.04751
1.04884
1.05021
1.05161
1.05305
1.05452
1.05603
1.05756
1.05911
1.06069
1.06228
1.06389
1.06551
1.06714
1.06877
1.0704
1.07203
1.07365
1.07526
1.07686
1.07844
1.07999
1.08152
1.08303
1.0845
1.08593
1.08732
1.08868
1.08998
1.09124
1.09245
1.09361
1.0947
1.09574
1.09672
1.09763
1.09847
1.09925
1.09996
1.10059
1.10115
1.10164
1.10205
1.10238
1.10263
1.1028
1.10289
1.1029
1.10282
1.10267
1.10243
1.1021
1.1017
1.10121
1.10064
1.09998
1.09925
1.09843
1.09754
1.09656
1.09551
1.09438
1.09318
1.09191
1.09057
1.08916
1.08768
1.08614
1.08454
1.08288
1.08116
1.07939
1.07758
1.07572
1.07381
1.07187
1.06989
1.06789
1.06585
1.0638
1.06172
1.05964
1.05754
1.05544
1.05335
1.05126
1.04917
1.04711
1.04506
1.04305
1.04106
1.03911
1.0372
1.03533
1.03352
1.03176
1.03006
1.02842
1.02685
1.02536
1.02394
1.0226
1.02134
1.02017
1.01909
1.0181
1.01721
1.01642
1.01572
1.01513
1.01464
1.01425
1.01396
1.01379
1.01371
1.01374
1.01388
1.01412
1.01447
1.01491
1.01546
1.01611
1.01686
1.0177
1.01863
1.01966
1.02077
1.02197
1.02324
1.0246
1.02603
1.02754
1.02911
1.03075
1.03244
1.0342
1.03601
1.03786
1.03977
1.04171
1.0437
1.04571
1.04776
1.04983
1.05193
1.05405
1.05618
1.05832
1.06048
1.06264
1.0648
1.06696
1.06912
1.07127
1.07341
1.07555
1.07766
1.07976
1.08185
1.08391
1.08595
1.08796
1.08995
1.09191
1.09384
1.09574
1.0976
1.09943
1.10123
1.10299
1.10472
1.1064
1.10805
1.10966
1.11124
1.11277
1.11426
1.11572
1.11714
1.11851
1.11985
1.12115
1.12242
1.12364
1.12483
1.12599
1.1271
1.12819
1.12924
1.13025
1.13124
1.13219
1.13312
1.13401
1.13488
1.13572
1.13653
1.13732
1.13808
1.13882
1.13954
1.14024
1.14091
1.14157
1.14221
1.14283
1.14343
1.14401
1.14458
1.14513
1.14567
1.14619
1.1467
1.14719
1.14767
1.14813
1.14858
1.14901
1.14943
1.14983
1.15022
1.15059
1.15094
1.15128
1.1516
1.1519
1.15218
1.15244
1.15268
1.1529
1.1531
1.15327
1.15342
1.15354
1.15363
1.1537
1.15374
1.15375
1.15373
1.15368
1.1536
1.15348
1.15333
1.15314
1.15292
1.15266
1.15236
1.15202
1.15164
1.15122
1.15076
1.15025
1.14971
1.14911
1.14848
1.14779
1.14706
1.14629
1.14546
1.14459
1.14367
1.14269
1.14167
1.1406
1.13947
1.13829
1.13706
1.13578
1.13445
1.13306
1.13161
1.13011
1.12856
1.12695
1.12528
1.12356
1.12179
1.11995
1.11807
1.11612
1.11412
1.11206
1.10995
1.10779
1.10556
1.10329
1.10096
1.09858
1.09614
1.09365
1.09112
1.08853
1.0859
1.08322
1.08049
1.07772
1.07491
1.07206
1.06917
1.06624
1.06328
1.06028
1.05726
1.05421
1.05114
1.04804
1.04493
1.0418
1.03865
1.0355
1.03234
1.02918
1.02601
1.02285
1.0197
1.01656
1.01343
1.01032
1.00723
1.00417
1.00113
0.998132
0.995166
0.99224
0.989357
0.986521
0.983736
0.981005
0.97833
0.975716
0.973165
0.97068
0.968264
0.965918
0.963647
0.961451
0.959334
0.957297
0.955341
0.953468
0.951679
0.949975
0.948357
0.946826
0.945381
0.944023
0.942751
0.941565
0.940464
0.939447
0.938514
0.937663
0.936892
0.936199
0.935584
0.935044
0.934577
0.93418
0.933852
0.93359
0.933391
0.933253
0.933173
0.933148
0.933176
0.933254
0.933378
0.933547
0.933757
0.934006
0.934291
0.93461
0.934959
0.935337
0.93574
0.936167
0.936616
0.937085
0.93757
0.938072
0.938586
0.939113
0.93965
0.940195
0.940748
0.941306
0.941869
0.942436
0.943005
0.943575
0.944147
0.944719
0.945292
0.945865
0.946437
0.947009
0.947581
0.948153
0.948725
0.949296
0.949868
0.95044
0.951013
0.951588
0.952166
0.952747
0.953333
0.953923
0.954519
0.955122
0.955733
0.956353
0.956982
0.957623
0.958275
0.958942
0.959625
0.960323
0.961039
0.961775
0.962531
0.963308
0.964109
0.964935
0.965786
0.966665
0.967573
0.96851
0.969478
0.970479
0.971514
0.972583
0.973689
0.974831
0.976012
0.977232
0.978492
0.979793
0.981135
0.98252
0.983948
0.985418
0.986932
0.988489
0.99009
0.991735
0.993423
0.995155
0.996929
0.998746
1.0006
1.0025
1.00444
1.00642
1.00844
1.01049
1.01258
1.0147
1.01685
1.01904
1.02125
1.02349
1.02575
1.02804
1.03034
1.03267
1.03501
1.03736
1.03972
1.0421
1.04448
1.04686
1.04924
1.05163
1.05401
1.05639
1.05875
1.06111
1.06345
1.06578
1.06809
1.07038
1.07265
1.0749
1.07712
1.07931
1.08147
1.08361
1.08571
1.08777
1.0898
1.09179
1.09374
1.09564
1.09751
1.09933
1.10111
1.10284
1.10452
1.10616
1.10775
1.10928
1.11077
1.1122
1.11359
1.11492
1.1162
1.11742
1.11859
1.11971
1.12077
1.12177
1.12272
1.12361
1.12445
1.12523
1.12595
1.12662
1.12723
1.12779
1.12828
1.12873
1.12912
1.12945
1.12972
1.12994
1.1301
1.13021
1.13026
1.13026
1.1302
1.13009
1.12993
1.12971
1.12943
1.12911
1.12873
1.1283
1.12782
1.12728
1.1267
1.12606
1.12538
1.12465
1.12386
1.12303
1.12216
1.12123
1.12026
1.11925
1.11819
1.11709
1.11594
1.11475
1.11353
1.11226
1.11096
1.10963
1.10825
1.10685
1.10541
1.10394
1.10245
1.10092
1.09938
1.09781
1.09621
1.0946
1.09298
1.09134
1.08968
1.08802
1.08634
1.08466
1.08298
1.08129
1.07961
1.07793
1.07625
1.07458
1.07291
1.07126
1.06962
1.06799
1.06638
1.06478
1.0632
1.06165
1.06011
1.05859
1.0571
1.05563
1.05419
1.05277
1.05137
1.05
1.04866
1.04734
1.04604
1.04478
1.04353
1.04231
1.04112
1.03994
1.03879
1.03767
1.03656
1.03547
1.0344
1.03335
1.03231
1.03129
1.03029
1.02929
1.02831
1.02734
1.02638
1.02543
1.02449
1.02355
1.02262
1.02169
1.02077
1.01986
1.01894
1.01803
1.01713
1.01622
1.01532
1.01442
1.01352
1.01262
1.01172
1.01083
1.00994
1.00906
1.00817
1.0073
1.00643
1.00556
1.0047
1.00385
1.00301
1.00218
1.00137
1.00056
0.999774
0.999
0.998244
0.997505
0.996786
0.996088
0.995412
0.994759
0.99413
0.993526
0.992948
0.992397
0.991874
0.99138
0.990916
0.990483
0.990081
0.989711
0.989373
0.989066
0.988793
0.988552
0.988344
0.988168
0.988025
0.987914
0.987834
0.987786
0.987768
0.987781
0.987823
0.987894
0.987993
0.988119
0.988272
0.988449
0.988651
0.988876
0.989122
0.989389
0.989675
0.98998
0.990302
0.99064
0.990993
0.99136
0.991739
0.992129
0.992529
0.992938
0.993355
0.993779
0.994208
0.994642
0.99508
0.995521
0.995963
0.996405
0.996848
0.997288
0.997727
0.998161
0.998591
0.999016
0.999436
0.999848
1.00025
1.00065
1.00103
1.00141
1.00178
1.00213
1.00247
1.0028
1.00311
1.00341
1.00369
1.00396
1.00421
1.00445
1.00466
1.00486
1.00504
1.0052
1.00534
1.00547
1.00557
1.00566
1.00572
1.00577
1.0058
1.00582
1.00581
1.0058
1.00576
1.00571
1.00565
1.00558
1.0055
1.00541
1.00531
1.00521
1.0051
1.00499
1.00489
1.00479
1.00469
1.00461
1.00453
1.00447
1.00443
1.0044
1.0044
1.00443
1.00448
1.00456
1.00468
1.00483
1.00502
1.00526
1.00553
1.00586
1.00623
1.00665
1.00713
1.00765
1.00824
1.00888
1.00957
1.01033
1.01114
1.012
1.01293
1.01391
1.01495
1.01605
1.0172
1.0184
1.01965
1.02095
1.02229
1.02368
1.0251
1.02657
1.02807
1.0296
1.03116
1.03274
1.03435
1.03597
1.03761
1.03926
1.04092
1.04258
1.04424
1.04591
1.04757
1.04922
1.05086
1.05249
1.05411
1.0557
1.05728
1.05884
1.06037
1.06188
1.06336
1.06481
1.06624
1.06763
1.069
1.07033
1.07164
1.07291
1.07415
1.07535
1.07653
1.07767
1.07878
1.07986
1.08091
1.08193
1.08292
1.08388
1.08481
1.08571
1.08658
1.08743
1.08825
1.08904
1.08981
1.09055
1.09127
1.09197
1.09265
1.0933
1.09393
1.09455
1.09514
1.09571
1.09626
1.0968
1.09732
1.09782
1.09831
1.09878
1.09923
1.09967
1.10009
1.1005
1.1009
1.10128
1.10164
1.10199
1.10233
1.10266
1.10297
1.10327
1.10355
1.10383
1.10409
1.10433
1.10457
1.10479
1.10501
1.10521
1.1054
1.10558
1.10574
1.1059
1.10605
1.10618
1.10631
1.10642
1.10653
1.10663
1.10671
1.10679
1.10686
1.10693
1.10698
1.10703
1.10707
1.1071
1.10713
1.10715
1.10716
1.10718
1.10718
1.10719
1.10718
1.10718
1.10717
1.10716
1.10715
1.10714
1.10713
1.10712
1.10711
1.1071
1.10709
1.10709
1.10709
1.10709
1.1071
1.10711
1.10713
1.10716
1.10719
1.10722
1.10727
1.10732
1.10738
1.10745
1.10753
1.10762
1.10771
1.10782
1.10794
1.10807
1.1082
1.10835
1.10851
1.10868
1.10885
1.10904
1.10923
1.10944
1.10965
1.10987
1.1101
1.11033
1.11058
1.11083
1.11108
1.11134
1.1116
1.11187
1.11214
1.11241
1.11269
1.11296
1.11324
1.11351
1.11379
1.11406
1.11433
1.11459
1.11485
1.11511
1.11536
1.1156
1.11584
1.11607
1.11628
1.11649
1.11669
1.11688
1.11706
1.11723
1.11738
1.11753
1.11765
1.11777
1.11787
1.11796
1.11803
1.11809
1.11814
1.11816
1.11818
1.11817
1.11815
1.11812
1.11807
1.11801
1.11793
1.11784
1.11773
1.1176
1.11747
1.11732
1.11716
1.11698
1.1168
1.1166
1.1164
1.11618
1.11596
1.11573
1.11549
1.11524
1.11499
1.11474
1.11448
1.11422
1.11396
1.1137
1.11344
1.11319
1.11293
1.11268
1.11244
1.1122
1.11198
1.11175
1.11154
1.11134
1.11115
1.11097
1.11081
1.11066
1.11052
1.1104
1.11029
1.11019
1.11012
1.11006
1.11001
1.10999
1.10997
1.10998
1.11
1.11004
1.1101
1.11017
1.11025
1.11035
1.11047
1.1106
1.11074
1.1109
1.11107
1.11125
1.11145
1.11166
1.11188
1.1121
1.11234
1.11259
1.11284
1.11311
1.11338
1.11365
1.11394
1.11422
1.11452
1.11481
1.11511
1.11541
1.11572
1.11602
1.11633
1.11663
1.11693
1.11723
1.11753
1.11782
1.11811
1.11839
1.11866
1.11893
1.11919
1.11945
1.11969
1.11993
1.12015
1.12036
1.12056
1.12074
1.12092
1.12107
1.12121
1.12133
1.12143
1.12152
1.12158
1.12163
1.12165
1.12165
1.12162
1.12158
1.12151
1.12141
1.12128
1.12113
1.12095
1.12074
1.12051
1.12024
1.11994
1.11961
1.11925
1.11886
1.11843
1.11798
1.11748
1.11696
1.1164
1.11582
1.11519
1.11454
1.11385
1.11312
1.11237
1.11158
1.11076
1.10991
1.10903
1.10812
1.10717
1.10621
1.10521
1.10418
1.10313
1.10206
1.10096
1.09984
1.0987
1.09753
1.09635
1.09515
1.09394
1.09271
1.09147
1.09021
1.08895
1.08767
1.08639
1.0851
1.08381
1.08252
1.08122
1.07992
1.07862
1.07732
1.07602
1.07473
1.07344
1.07215
1.07087
1.06959
1.06832
1.06706
1.0658
1.06455
1.06331
1.06207
1.06084
1.05962
1.0584
1.05718
1.05597
1.05477
1.05356
1.05236
1.05116
1.04997
1.04877
1.04757
1.04637
1.04517
1.04396
1.04275
1.04154
1.04032
1.03909
1.03786
1.03663
1.03539
1.03414
1.03289
1.03163
1.03037
1.02911
1.02785
1.02658
1.02532
1.02406
1.02281
1.02156
1.02033
1.0191
1.0179
1.01671
1.01555
1.01441
1.01331
1.01224
1.01121
1.01022
1.00928
1.00839
1.00755
1.00677
1.00606
1.00541
1.00484
1.00434
1.00391
1.00357
1.00331
1.00313
1.00304
1.00304
1.00313
1.00331
1.00357
1.00393
1.00437
1.0049
1.00552
1.00622
1.007
1.00786
1.00879
1.00979
1.01086
1.01199
1.01318
1.01443
1.01572
1.01706
1.01844
1.01985
1.0213
1.02277
1.02426
1.02578
1.0273
1.02883
1.03038
1.03192
1.03346
1.035
1.03653
1.03805
1.03956
1.04106
1.04254
1.044
1.04545
1.04688
1.04829
1.04967
1.05104
1.05238
1.0537
1.055
1.05628
1.05753
1.05876
1.05998
1.06116
1.06233
1.06348
1.06461
1.06572
1.06681
1.06788
1.06893
1.06996
1.07098
1.07198
1.07295
1.07392
1.07486
1.07578
1.07669
1.07758
1.07845
1.07931
1.08014
1.08096
1.08176
1.08254
1.0833
1.08404
1.08476
1.08546
1.08613
1.08679
1.08742
1.08803
1.08862
1.08918
1.08972
1.09023
1.09072
1.09118
1.09161
1.09202
1.0924
1.09275
1.09308
1.09337
1.09364
1.09388
1.09409
1.09427
1.09442
1.09455
1.09464
1.0947
1.09473
1.09474
1.09471
1.09465
1.09457
1.09445
1.09431
1.09413
1.09393
1.0937
1.09343
1.09314
1.09282
1.09247
1.09209
1.09168
1.09124
1.09077
1.09027
1.08975
1.08919
1.0886
1.08799
1.08734
1.08667
1.08597
1.08524
1.08447
1.08368
1.08286
1.08201
1.08114
1.08023
1.07929
1.07833
1.07733
1.07631
1.07526
1.07418
1.07307
1.07193
1.07077
1.06958
1.06836
1.06711
1.06584
1.06454
1.06322
1.06187
1.0605
1.0591
1.05769
1.05625
1.0548
1.05332
1.05183
1.05032
1.0488
1.04726
1.04571
1.04415
1.04259
1.04102
1.03945
1.03787
1.0363
1.03473
1.03317
1.03162
1.03007
1.02855
1.02704
1.02554
1.02408
1.02264
1.02122
1.01984
1.0185
1.01719
1.01593
1.01471
1.01354
1.01242
1.01135
1.01033
1.00938
1.00848
1.00765
1.00689
1.00619
1.00556
1.00499
1.0045
1.00408
1.00374
1.00346
1.00326
1.00313
1.00307
1.00309
1.00317
1.00332
1.00354
1.00382
1.00417
1.00457
1.00504
1.00556
1.00613
1.00675
1.00742
1.00813
1.00887
1.00965
1.01046
1.0113
1.01216
1.01303
1.01392
1.01482
1.01573
1.01664
1.01754
1.01844
1.01933
1.0202
1.02106
1.0219
1.02271
1.02349
1.02425
1.02497
1.02565
1.0263
1.0269
1.02746
1.02797
1.02844
1.02885
1.02922
1.02953
1.02978
1.02999
1.03013
1.03022
1.03025
1.03022
1.03014
1.03
1.0298
1.02954
1.02922
1.02885
1.02842
1.02794
1.0274
1.02681
1.02617
1.02548
1.02474
1.02395
1.02312
1.02225
1.02133
1.02038
1.01939
1.01837
1.01732
1.01623
1.01512
1.01399
1.01283
1.01166
1.01047
1.00927
1.00806
1.00684
1.00561
1.00439
1.00316
1.00194
1.00072
0.999508
0.998309
0.997122
0.995951
0.994797
0.993662
0.992549
0.99146
0.990395
0.989357
0.988347
0.987367
0.986416
0.985497
0.984611
0.983758
0.982939
0.982155
0.981406
0.980693
0.980017
0.979376
0.978773
0.978207
0.977679
0.977189
0.976738
0.976325
0.975952
0.975617
0.97532
0.975064
0.974847
0.97467
0.974535
0.97444
0.974387
0.974377
0.974409
0.974486
0.974608
0.974776
0.974991
0.975254
0.975567
0.975928
0.976341
0.976807
0.977326
0.977899
0.978527
0.979211
0.979952
0.980751
0.981608
0.982525
0.983503
0.984542
0.985642
0.986804
0.988028
0.989315
0.990663
0.992074
0.993548
0.995083
0.996679
0.998336
1.00005
1.00183
1.00366
1.00555
1.0075
1.0095
1.01155
1.01366
1.01581
1.01801
1.02025
1.02254
1.02487
1.02724
1.02964
1.03208
1.03454
1.03704
1.03956
1.0421
1.04466
1.04725
1.04984
1.05245
1.05507
1.05769
1.06031
1.06294
1.06556
1.06818
1.07079
1.07339
1.07597
1.07854
1.08109
1.08361
1.08611
1.08858
1.09103
1.09344
1.09582
1.09816
1.10046
1.10273
1.10495
1.10712
1.10925
1.11134
1.11337
1.11535
1.11729
1.11917
1.12099
1.12277
1.12448
1.12615
1.12775
1.1293
1.13079
1.13222
1.1336
1.13491
1.13617
1.13737
1.13852
1.1396
1.14063
1.14161
1.14252
1.14339
1.14419
1.14494
1.14564
1.14629
1.14688
1.14743
1.14792
1.14836
1.14875
1.1491
1.1494
1.14965
1.14985
1.15001
1.15013
1.1502
1.15022
1.1502
1.15014
1.15004
1.14989
1.1497
1.14946
1.14918
1.14886
1.1485
1.14809
1.14764
1.14714
1.14661
1.14602
1.1454
1.14473
1.14401
1.14325
1.14244
1.14159
1.14069
1.13974
1.13875
1.13771
1.13663
1.13549
1.13431
1.13309
1.13181
1.13049
1.12912
1.12771
1.12625
1.12474
1.12319
1.1216
1.11996
1.11828
1.11655
1.11479
1.11299
1.11115
1.10927
1.10736
1.10541
1.10344
1.10143
1.09939
1.09733
1.09524
1.09313
1.09099
1.08884
1.08667
1.08449
1.08229
1.08009
1.07787
1.07566
1.07343
1.07121
1.06899
1.06677
1.06456
1.06235
1.06015
1.05797
1.0558
1.05364
1.05151
1.04939
1.04729
1.04522
1.04317
1.04115
1.03915
1.03719
1.03525
1.03335
1.03148
1.02964
1.02784
1.02607
1.02434
1.02265
1.021
1.01938
1.01781
1.01628
1.01478
1.01333
1.01193
1.01056
1.00924
1.00797
1.00674
1.00555
1.00441
1.00332
1.00227
1.00128
1.00033
0.999423
0.998569
0.997765
0.997009
0.996303
0.995646
0.99504
0.994482
0.993974
0.993516
0.993107
0.992746
0.992435
0.992171
0.991955
0.991786
0.991662
0.991585
0.991552
0.991562
0.991614
0.991708
0.991842
0.992016
0.992226
0.992474
0.992756
0.993071
0.993419
0.993797
0.994205
0.99464
0.995103
0.99559
0.996101
0.996634
0.997188
0.997762
0.998353
0.998962
0.999586
1.00023
1.00088
1.00154
1.00222
1.00291
1.00361
1.00431
1.00503
1.00575
1.00648
1.00722
1.00796
1.00871
1.00947
1.01022
1.01099
1.01176
1.01253
1.01331
1.01409
1.01487
1.01566
1.01645
1.01724
1.01804
1.01884
1.01964
1.02044
1.02124
1.02204
1.02285
1.02365
1.02446
1.02527
1.02608
1.02688
1.02769
1.0285
1.02931
1.03011
1.03092
1.03172
1.03252
1.03332
1.03412
1.03492
1.03571
1.0365
1.03729
1.03807
1.03885
1.03963
1.04041
1.04118
1.04194
1.04271
1.04347
1.04423
1.04498
1.04573
1.04648
1.04722
1.04796
1.0487
1.04944
1.05017
1.05091
1.05164
1.05236
1.05309
1.05382
1.05455
1.05527
1.056
1.05673
1.05745
1.05818
1.05891
1.05964
1.06036
1.0611
1.06183
1.06256
1.0633
1.06403
1.06477
1.06551
1.06625
1.06699
1.06773
1.06846
1.0692
1.06994
1.07067
1.0714
1.07213
1.07285
1.07356
1.07427
1.07497
1.07566
1.07634
1.077
1.07766
1.07829
1.07891
1.07951
1.08009
1.08065
1.08119
1.0817
1.08219
1.08265
1.08308
1.08348
1.08384
1.08417
1.08447
1.08473
1.08496
1.08515
1.0853
1.08541
1.08548
1.0855
1.08549
1.08543
1.08534
1.0852
1.08501
1.08479
1.08452
1.08421
1.08386
1.08348
1.08305
1.08259
1.0821
1.08157
1.08101
1.08042
1.0798
1.07916
1.07849
1.07781
1.07711
1.07639
1.07566
1.07493
1.07419
1.07345
1.07271
1.07198
1.07126
1.07055
1.06986
1.06919
1.06854
1.06792
1.06733
1.06678
1.06626
1.06578
1.06535
1.06496
1.06463
1.06434
1.0641
1.06393
1.0638
1.06374
1.06374
1.06379
1.06391
1.06408
1.06432
1.06462
1.06498
1.0654
1.06587
1.0664
1.06698
1.06762
1.0683
1.06903
1.06981
1.07062
1.07148
1.07237
1.07329
1.07423
1.0752
1.07619
1.0772
1.07822
1.07925
1.08028
1.08132
1.08235
1.08338
1.08439
1.08539
1.08638
1.08734
1.08828
1.08919
1.09006
1.09091
1.09171
1.09248
1.0932
1.09388
1.09451
1.09509
1.09561
1.09609
1.09651
1.09687
1.09717
1.09742
1.0976
1.09773
1.0978
1.09781
1.09775
1.09764
1.09747
1.09723
1.09694
1.09659
1.09618
1.09572
1.0952
1.09463
1.094
1.09333
1.0926
1.09183
1.09101
1.09015
1.08924
1.0883
1.08732
1.0863
1.08525
1.08416
1.08305
1.0819
1.08073
1.07954
1.07832
1.07708
1.07582
1.07454
1.07325
1.07194
1.07062
1.06928
1.06794
1.06659
1.06522
1.06386
1.06248
1.0611
1.05972
1.05834
1.05696
1.05557
1.05419
1.05282
1.05145
1.05008
1.04872
1.04737
1.04603
1.0447
1.04338
1.04208
1.0408
1.03954
1.0383
1.03708
1.03589
1.03473
1.03359
1.03249
1.03143
1.0304
1.02941
1.02847
1.02757
1.02672
1.02592
1.02518
1.02449
1.02386
1.02329
1.02279
1.02236
1.02199
1.0217
1.02148
1.02133
1.02127
1.02128
1.02137
1.02155
1.02181
1.02215
1.02257
1.02308
1.02368
1.02436
1.02512
1.02597
1.0269
1.02791
1.029
1.03016
1.0314
1.03271
1.03409
1.03553
1.03704
1.03861
1.04023
1.04191
1.04363
1.0454
1.04721
1.04905
1.05092
1.05282
1.05475
1.05669
1.05864
1.0606
1.06257
1.06454
1.0665
1.06845
1.07039
1.07231
1.07422
1.07609
1.07794
1.07976
1.08154
1.08328
1.08497
1.08662
1.08823
1.08978
1.09128
1.09272
1.0941
1.09542
1.09668
1.09788
1.09901
1.10007
1.10107
1.10199
1.10285
1.10363
1.10435
1.10499
1.10556
1.10605
1.10648
1.10683
1.1071
1.10731
1.10744
1.1075
1.10749
1.10741
1.10726
1.10704
1.10676
1.1064
1.10598
1.1055
1.10495
1.10434
1.10367
1.10293
1.10214
1.10129
1.10039
1.09943
1.09841
1.09735
1.09623
1.09507
1.09386
1.0926
1.09129
1.08995
1.08856
1.08712
1.08565
1.08414
1.08259
1.08101
1.07938
1.07773
1.07604
1.07431
1.07256
1.07077
1.06896
1.06711
1.06524
1.06333
1.0614
1.05944
1.05746
1.05545
1.05341
1.05135
1.04927
1.04716
1.04502
1.04287
1.04069
1.03849
1.03628
1.03404
1.03178
1.02951
1.02721
1.0249
1.02258
1.02024
1.01789
1.01552
1.01314
1.01076
1.00836
1.00596
1.00355
1.00114
0.998721
0.996306
0.993893
0.991482
0.989076
0.986677
0.984287
0.981909
0.979543
0.977193
0.97486
0.972547
0.970255
0.967988
0.965746
0.963533
0.96135
0.959198
0.957081
0.955
0.952957
0.950954
0.948993
0.947076
0.945203
0.943378
0.941601
0.939872
0.938194
0.936567
0.934993
0.933472
0.932005
0.930592
0.929233
0.927928
0.926678
0.925484
0.924345
0.92326
0.922229
0.921251
0.920326
0.919453
0.918632
0.917862
0.917142
0.916471
0.915849
0.915274
0.914746
0.914265
0.913828
0.913435
0.913086
0.912778
0.912513
0.912287
0.912103
0.911958
0.911852
0.911786
0.911757
0.911767
0.911814
0.911898
0.91202
0.912179
0.912374
0.912607
0.912878
0.913185
0.913531
0.913913
0.914333
0.91479
0.915284
0.915815
0.916383
0.916988
0.91763
0.918308
0.919022
0.91977
0.920553
0.92137
0.92222
0.923101
0.924013
0.924955
0.925924
0.92692
0.92794
0.928984
0.93005
0.931135
0.932238
0.933358
0.934491
0.935637
0.936793
0.937958
0.93913
0.940306
0.941485
0.942666
0.943846
0.945024
0.946199
0.947369
0.948534
0.949692
0.950843
0.951986
0.95312
0.954246
0.955361
0.956467
0.957563
0.958649
0.959726
0.960793
0.961852
0.962903
0.963946
0.964981
0.966009
0.967032
0.968049
0.969062
0.970072
0.971077
0.972081
0.973082
0.974083
0.975083
0.976085
0.977087
0.97809
0.979096
0.980104
0.981114
0.982127
0.983142
0.98416
0.985181
0.986206
0.987233
0.988263
0.989294
0.990328
0.991363
0.992399
0.993436
0.994473
0.99551
0.996546
0.997581
0.998613
0.999644
1.00067
1.0017
1.00272
1.00374
1.00475
1.00576
1.00677
1.00777
1.00877
1.00976
1.01074
1.01173
1.0127
1.01367
1.01464
1.0156
1.01656
1.01751
1.01846
1.01941
1.02035
1.02129
1.02223
1.02316
1.0241
1.02503
1.02595
1.02688
1.02781
1.02874
1.02966
1.03059
1.03151
1.03243
1.03336
1.03428
1.0352
1.03611
1.03703
1.03794
1.03885
1.03975
1.04065
1.04154
1.04242
1.04329
1.04415
1.045
1.04584
1.04666
1.04747
1.04826
1.04903
1.04977
1.05049
1.05119
1.05186
1.0525
1.0531
1.05368
1.05422
1.05472
1.05518
1.05561
1.05598
1.05632
1.05661
1.05685
1.05704
1.05718
1.05727
1.0573
1.05728
1.05721
1.05707
1.05688
1.05664
1.05633
1.05596
1.05554
1.05505
1.05451
1.0539
1.05324
1.05252
1.05174
1.05091
1.05002
1.04908
1.04809
1.04704
1.04594
1.0448
1.04361
1.04238
1.04111
1.0398
1.03846
1.03708
1.03568
1.03425
1.0328
1.03133
1.02985
1.02836
1.02685
1.02535
1.02385
1.02235
1.02086
1.01939
1.01793
1.0165
1.0151
1.01372
1.01238
1.01108
1.00983
1.00862
1.00747
1.00637
1.00533
1.00435
1.00344
1.00259
1.00182
1.00112
1.0005
0.999949
0.999481
0.999093
0.998787
0.998563
0.998421
0.998361
0.998383
0.998486
0.99867
0.998932
0.999272
0.999688
1.00018
1.00074
1.00137
1.00206
1.00282
1.00364
1.00451
1.00544
1.00641
1.00743
1.00849
1.00959
1.01072
1.01188
1.01307
1.01427
1.0155
1.01673
1.01798
1.01923
1.02049
1.02174
1.02299
1.02423
1.02546
1.02668
1.02788
1.02906
1.03022
1.03136
1.03247
1.03355
1.03461
1.03563
1.03663
1.03759
1.03852
1.03941
1.04028
1.04111
1.04191
1.04268
1.04342
1.04413
1.04481
1.04546
1.04608
1.04668
1.04726
1.04782
1.04836
1.04888
1.04939
1.04988
1.05037
1.05084
1.05131
1.05178
1.05224
1.0527
1.05316
1.05363
1.0541
1.05458
1.05507
1.05556
1.05607
1.05658
1.05711
1.05765
1.05821
1.05878
1.05936
1.05996
1.06057
1.0612
1.06183
1.06248
1.06315
1.06382
1.0645
1.0652
1.06589
1.0666
1.0673
1.06801
1.06872
1.06943
1.07013
1.07083
1.07152
1.0722
1.07287
1.07352
1.07416
1.07478
1.07539
1.07597
1.07652
1.07705
1.07755
1.07802
1.07847
1.07887
1.07925
1.07958
1.07989
1.08015
1.08037
1.08055
1.08068
1.08078
1.08083
