-6.36475
-6.36472
-6.36464
-6.3645
-6.36431
-6.36406
-6.36376
-6.3634
-6.36299
-6.36253
-6.36201
-6.36144
-6.36081
-6.36012
-6.35938
-6.35858
-6.35772
-6.35681
-6.35584
-6.3548
-6.35371
-6.35256
-6.35135
-6.35007
-6.34873
-6.34733
-6.34586
-6.34433
-6.34273
-6.34106
-6.33932
-6.33736
-6.33548
-6.33352
-6.33149
-6.32923
-6.32674
-6.32418
-6.32169
-6.31926
-6.3166
-6.3137
-6.31072
-6.30764
-6.30417
-6.30092
-6.29756
-6.29396
-6.29011
-6.28677
-6.28301
-6.279
-6.27518
-6.27035
-6.26586
-6.26095
-6.25653
-6.25183
-6.24717
-6.24207
-6.23715
-6.2321
-6.22662
-6.22099
-6.21554
-6.21024
-6.20464
-6.19859
-6.19225
-6.1862
-6.17985
-6.17319
-6.16667
-6.15983
-6.15267
-6.1455
-6.13816
-6.13034
-6.12279
-6.11507
-6.10701
-6.09907
-6.09109
-6.08248
-6.07352
-6.06482
-6.05578
-6.04609
-6.03681
-6.02672
-6.01673
-6.00655
-5.99646
-5.98617
-5.97553
-5.96514
-5.9544
-5.94315
-5.93185
-5.92019
-5.90864
-5.89674
-5.88479
-5.87235
-5.85956
-5.84673
-5.83387
-5.82067
-5.8079
-5.79419
-5.78047
-5.76673
-5.75254
-5.73819
-5.72399
-5.70981
-5.69534
-5.68089
-5.66587
-5.65059
-5.63582
-5.62096
-5.60586
-5.59069
-5.57516
-5.56019
-5.54502
-5.52983
-5.51462
-5.49911
-5.4839
-5.46842
-5.45328
-5.43802
-5.42298
-5.40771
-5.39313
-5.37835
-5.36382
-5.34912
-5.33471
-5.32045
-5.30635
-5.29228
-5.27854
-5.2653
-5.25167
-5.23857
-5.22539
-5.21276
-5.20008
-5.18781
-5.17567
-5.16425
-5.15283
-5.14169
-5.13086
-5.12049
-5.11058
-5.10069
-5.09127
-5.08203
-5.07328
-5.065
-5.05722
-5.04962
-5.04205
-5.03483
-5.02779
-5.02094
-5.01504
-5.00931
-5.00438
-4.99917
-4.99444
-4.99019
-4.98626
-4.98234
-4.97844
-4.97484
-4.97185
-4.96946
-4.96705
-4.96494
-4.9628
-4.96124
-4.96039
-4.95981
-4.95918
-4.95865
-4.9582
-4.95813
-4.95814
-4.95836
-4.95909
-4.95973
-4.96086
-4.96202
-4.96367
-4.96533
-4.96716
-4.96944
-4.97158
-4.97385
-4.97595
-4.97878
-4.98143
-4.98404
-4.98705
-4.99001
-4.9926
-4.99528
-4.99848
-5.0013
-5.00449
-5.00742
-5.01101
-5.01449
-5.01801
-5.02126
-5.02498
-5.02857
-5.03202
-5.03519
-5.03865
-5.04211
-5.04527
-5.04886
-5.05244
-5.05554
-5.05892
-5.06258
-5.06605
-5.06963
-5.07257
-5.07592
-5.07952
-5.08247
-5.08522
-5.08806
-5.09115
-5.09403
-5.09684
-5.09944
-5.10197
-5.10504
-5.10744
-5.10992
-5.11233
-5.11466
-5.11708
-5.11927
-5.12139
-5.12359
-5.12541
-5.1273
-5.12913
-5.13073
-5.13226
-5.13417
-5.13555
-5.13702
-5.13857
-5.13975
-5.14056
-5.14176
-5.1426
-5.14398
-5.145
-5.14641
-5.14747
-5.14817
-5.14943
-5.15003
-5.15074
-5.1511
-5.15141
-5.15199
-5.15223
-5.15243
-5.15306
-5.1535
-5.15406
-5.1546
-5.15496
-5.1553
-5.15577
-5.15622
-5.1562
-5.15632
-5.15687
-5.15682
-5.1569
-5.15713
-5.15751
-5.15772
-5.15793
-5.1586
-5.15865
-5.15886
-5.15891
-5.15912
-5.15917
-5.15922
-5.15912
-5.15918
-5.15893
-5.15929
-5.15935
-5.15985
-5.15991
-5.16026
-5.16031
-5.1605
-5.16085
-5.16103
-5.16091
-5.16108
-5.16109
-5.16124
-5.16122
-5.16149
-5.16175
-5.16184
-5.16191
-5.16195
-5.16212
-5.16197
-5.16194
-5.16173
-5.16148
-5.16181
-5.16149
-5.16084
-5.16044
-5.16061
-5.15998
-5.15945
-5.15918
-5.1587
-5.15817
-5.15744
-5.15664
-5.15594
-5.15502
-5.15434
-5.1536
-5.15264
-5.15192
-5.15082
-5.14965
-5.14841
-5.1471
-5.14541
-5.14365
-5.14226
-5.1408
-5.13896
-5.1375
-5.13596
-5.13435
-5.13236
-5.13029
-5.12831
-5.1261
-5.12397
-5.12117
-5.11876
-5.11613
-5.11359
-5.11114
-5.10848
-5.10561
-5.10315
-5.10018
-5.09762
-5.09456
-5.09177
-5.08864
-5.08578
-5.08259
-5.07952
-5.07659
-5.07349
-5.07054
-5.06742
-5.06415
-5.06073
-5.05777
-5.05466
-5.05203
-5.0491
-5.0459
-5.04318
-5.04002
-5.03706
-5.03412
-5.03093
-5.02807
-5.02526
-5.02235
-5.01994
-5.01712
-5.01451
-5.01226
-5.00976
-5.00778
-5.0054
-5.00293
-5.00097
-4.99833
-4.99619
-4.99412
-4.99196
-4.99017
-4.98829
-4.98632
-4.98471
-4.98256
-4.98093
-4.97951
-4.97784
-4.97654
-4.97484
-4.97335
-4.97238
-4.97145
-4.97029
-4.96887
-4.96796
-4.96711
-4.96631
-4.96541
-4.96472
-4.96407
-4.96348
-4.96264
-4.96215
-4.96171
-4.96116
-4.96083
-4.96054
-4.96015
-4.96012
-4.95983
-4.95945
-4.95942
-4.95944
-4.95906
-4.95919
-4.95968
-4.95991
-4.9599
-4.95995
-4.9602
-4.96051
-4.96072
-4.96069
-4.96162
-4.962
-4.96245
-4.9631
-4.96365
-4.96456
-4.96538
-4.9661
-4.96673
-4.96786
-4.96905
-4.97014
-4.97113
-4.97248
-4.97342
-4.97471
-4.97605
-4.97758
-4.97901
-4.98033
-4.98169
-4.98309
-4.98498
-4.9866
-4.9878
-4.98949
-4.9909
-4.99248
-4.99439
-4.99617
-4.99797
-4.99963
-5.00175
-5.00374
-5.00558
-5.00742
-5.00911
-5.0105
-5.01265
-5.01433
-5.01615
-5.01751
-5.01945
-5.02093
-5.02268
-5.02442
-5.02628
-5.02795
-5.0296
-5.03152
-5.03279
-5.03419
-5.03584
-5.0373
-5.03857
-5.03994
-5.04111
-5.04238
-5.0436
-5.04431
-5.04527
-5.04663
-5.04748
-5.04827
-5.049
-5.04997
-5.05073
-5.05143
-5.05206
-5.05263
-5.05298
-5.05341
-5.05408
-5.05393
-5.05431
-5.05463
-5.05458
-5.05477
-5.05473
-5.05433
-5.05447
-5.05424
-5.05379
-5.05358
-5.05301
-5.05313
-5.05243
-5.05183
-5.05132
-5.0506
-5.04983
-5.04915
-5.04828
-5.0472
-5.04608
-5.04491
-5.04401
-5.04246
-5.04118
-5.03986
-5.03866
-5.03759
-5.03649
-5.03537
-5.03423
-5.03292
-5.03176
-5.03043
-5.02894
-5.02746
-5.02612
-5.02479
-5.02316
-5.022
-5.02039
-5.01911
-5.01784
-5.01599
-5.01476
-5.01371
-5.01254
-5.0117
-5.01044
-5.00966
-5.00877
-5.00761
-5.00665
-5.00572
-5.00498
-5.00428
-5.00317
-5.00241
-5.00168
-5.001
-5.00036
-4.99977
-4.99922
-4.9987
-4.99808
-4.99765
-4.99711
-4.99691
-4.9966
-4.99618
-4.99579
-4.99604
-4.99618
-4.99621
-4.99597
-4.99576
-4.99558
-4.99574
-4.99578
-4.9957
-4.9958
-4.99654
-4.99685
-4.99688
-4.9968
-4.99719
-4.99731
-4.99776
-4.99854
-4.99889
-4.99926
-4.99965
-5.00023
-5.00067
-5.00114
-5.00133
-5.00169
-5.00223
-5.00248
-5.00306
-5.00351
-5.00413
-5.00476
-5.00557
-5.00579
-5.00633
-5.00735
-5.00822
-5.00881
-5.00927
-5.00973
-5.01082
-5.01131
-5.01227
-5.01308
-5.0139
-5.01488
-5.01556
-5.01625
-5.01723
-5.01792
-5.01876
-5.01959
-5.02027
-5.02095
-5.02177
-5.02258
-5.02337
-5.02401
-5.02433
-5.02509
-5.02583
-5.02655
-5.0274
-5.02808
-5.02858
-5.02921
-5.02952
-5.02994
-5.03004
-5.03071
-5.03105
-5.03151
-5.03178
-5.03218
-5.03238
-5.03301
-5.033
-5.0334
-5.03363
-5.03351
-5.03367
-5.03379
-5.03388
-5.03393
-5.03441
-5.03441
-5.03467
-5.03476
-5.03483
-5.03457
-5.03474
-5.03458
-5.03441
-5.03392
-5.03386
-5.03395
-5.03343
-5.0335
-5.03311
-5.03287
-5.03248
-5.03225
-5.03218
-5.03196
-5.03175
-5.03141
-5.03093
-5.03047
-5.03033
-5.03037
-5.02998
-5.02992
-5.02959
-5.0299
-5.02963
-5.03001
-5.02981
-5.02966
-5.02999
-5.03022
-5.03049
-5.03079
-5.03099
-5.03093
-5.03121
-5.03169
-5.03206
-5.03262
-5.03323
-5.03388
-5.03456
-5.03528
-5.0359
-5.0367
-5.03753
-5.03825
-5.03855
-5.03963
-5.04059
-5.04158
-5.04229
-5.04348
-5.04469
-5.04576
-5.0467
-5.04795
-5.04907
-5.0505
-5.05148
-5.05307
-5.05406
-5.05505
-5.05634
-5.05748
-5.05845
-5.05987
-5.06113
-5.06222
-5.0633
-5.06451
-5.06555
-5.06657
-5.06757
-5.06855
-5.06935
-5.07042
-5.07147
-5.07219
-5.07272
-5.07368
-5.07431
-5.07506
-5.07578
-5.07662
-5.07743
-5.07745
-5.0782
-5.07846
-5.079
-5.07936
-5.07969
-5.08045
-5.08073
-5.08113
-5.08182
-5.08248
-5.08297
-5.08344
-5.08374
-5.08402
-5.08444
-5.08469
-5.08508
-5.08546
-5.08584
-5.0865
-5.08656
-5.08676
-5.0868
-5.08699
-5.08718
-5.08722
-5.0874
-5.08759
-5.08777
-5.08826
-5.08829
-5.08847
-5.08851
-5.08869
-5.08857
-5.08875
-5.08863
-5.08895
-5.08883
-5.08824
-5.08795
-5.08826
-5.08841
-5.08871
-5.08854
-5.08881
-5.08922
-5.08931
-5.08968
-5.09005
-5.09009
-5.09026
-5.0904
-5.09023
-5.08988
-5.08996
-5.08956
-5.08929
-5.08914
-5.08912
-5.08876
-5.08854
-5.08829
-5.08801
-5.08755
-5.08708
-5.08642
-5.0859
-5.0855
-5.08524
-5.08511
-5.08466
-5.08434
-5.08371
-5.08322
-5.08271
-5.0822
-5.08168
-5.0813
-5.08077
-5.08054
-5.08046
-5.07933
-5.07941
-5.07874
-5.07838
-5.07773
-5.07709
-5.07646
-5.07614
-5.07569
-5.07526
-5.07469
-5.07428
-5.07405
-5.07339
-5.07289
-5.07272
-5.07242
-5.07245
-5.07204
-5.07181
-5.0719
-5.07187
-5.07186
-5.07187
-5.07161
-5.07167
-5.07191
-5.07218
-5.07216
-5.07232
-5.07235
-5.07255
-5.07263
-5.07212
-5.0724
-5.07239
-5.07225
-5.07274
-5.07295
-5.07333
-5.07358
-5.074
-5.07413
-5.07428
-5.0746
-5.07509
-5.07545
-5.07582
-5.0762
-5.0769
-5.07747
-5.07774
-5.07788
-5.07848
-5.07879
-5.07911
-5.07929
-5.07992
-5.08027
-5.08077
-5.08128
-5.08149
-5.08185
-5.08252
-5.08259
-5.08311
-5.08379
-5.0843
-5.08497
-5.08579
-5.08629
-5.08694
-5.08714
-5.08747
-5.0878
-5.08841
-5.08902
-5.08946
-5.08989
-5.0903
-5.09069
-5.09092
-5.09127
-5.09146
-5.09193
-5.09252
-5.0928
-5.09304
-5.09357
-5.09347
-5.09364
-5.09363
-5.09375
-5.09383
-5.09404
-5.09377
-5.09392
-5.09358
-5.09352
-5.09311
-5.09328
-5.09327
-5.09322
-5.09268
-5.09241
-5.09226
-5.09176
-5.09123
-5.09097
-5.09037
-5.08973
-5.08905
-5.08864
-5.08804
-5.0874
-5.08687
-5.08601
-5.08511
-5.08402
-5.08335
-5.08264
-5.08219
-5.08095
-5.07998
-5.07897
-5.07793
-5.077
-5.07603
-5.07473
-5.07369
-5.07246
-5.0715
-5.07021
-5.06888
-5.06752
-5.06597
-5.06423
-5.06262
-5.06112
-5.05929
-5.05773
-5.05613
-5.05436
-5.05286
-5.05132
-5.04946
-5.04787
-5.0464
-5.0443
-5.04277
-5.04107
-5.03934
-5.03727
-5.03519
-5.03337
-5.03123
-5.02907
-5.02657
-5.02451
-5.02257
-5.02046
-5.01817
-5.01602
-5.01368
-5.01133
-5.00896
-5.00656
-5.00445
-5.00217
-4.99987
-4.99786
-4.99553
-4.99303
-4.99067
-4.9886
-4.98607
-4.98367
-4.98112
-4.97902
-4.97675
-4.97479
-4.97253
-4.96996
-4.96725
-4.96455
-4.962
-4.95976
-4.95754
-4.95518
-4.95285
-4.95068
-4.94838
-4.94597
-4.94373
-4.94183
-4.93921
-4.93738
-4.93514
-4.93325
-4.93125
-4.92931
-4.92727
-4.92528
-4.92336
-4.9215
-4.91985
-4.91842
-4.91722
-4.91593
-4.91457
-4.91329
-4.91223
-4.91111
-4.90977
-4.90866
-4.9075
-4.90672
-4.90618
-4.90558
-4.90523
-4.90496
-4.9048
-4.90473
-4.9046
-4.90442
-4.90433
-4.90434
-4.90475
-4.90496
-4.90557
-4.90628
-4.90724
-4.9083
-4.90885
-4.90979
-4.91099
-4.91213
-4.91337
-4.9147
-4.91643
-4.91825
-4.92015
-4.9217
-4.92347
-4.92549
-4.92713
-4.9287
-4.93095
-4.93312
-4.93537
-4.93783
-4.94036
-4.94249
-4.94499
-4.94753
-4.95028
-4.95277
-4.95545
-4.95817
-4.96107
-4.96384
-4.96664
-4.96961
-4.9726
-4.97575
-4.97875
-4.9816
-4.98445
-4.98729
-4.99012
-4.99279
-4.99543
-4.99851
-5.00126
-5.00428
-5.00697
-5.01007
-5.01268
-5.01479
-5.01731
-5.01948
-5.0219
-5.02427
-5.02643
-5.02883
-5.03072
-5.0327
-5.03447
-5.03662
-5.0384
-5.04057
-5.04237
-5.04425
-5.0459
-5.04764
-5.049
-5.05028
-5.05164
-5.05278
-5.05399
-5.05528
-5.0571
-5.0584
-5.05916
-5.06015
-5.06032
-5.06116
-5.06148
-5.06188
-5.06251
-5.06306
-5.0637
-5.06412
-5.06463
-5.06476
-5.06498
-5.06529
-5.06508
-5.06466
-5.06448
-5.06424
-5.0638
-5.0636
-5.0632
-5.0626
-5.06225
-5.06155
-5.06081
-5.06017
-5.05934
-5.05863
-5.05803
-5.05725
-5.05658
-5.05574
-5.05487
-5.05382
-5.0526
-5.05181
-5.05056
-5.04989
-5.04906
-5.04792
-5.04692
-5.04592
-5.04507
-5.04406
-5.04306
-5.04251
-5.04136
-5.04053
-5.03924
-5.03813
-5.03717
-5.03623
-5.0353
-5.03409
-5.03305
-5.03202
-5.03116
-5.03048
-5.02981
-5.02931
-5.02869
-5.02793
-5.02719
-5.02678
-5.02608
-5.02525
-5.02459
-5.02395
-5.02362
-5.02301
-5.02211
-5.02168
-5.02081
-5.02056
-5.02001
-5.01962
-5.01894
-5.01841
-5.01789
-5.01753
-5.01701
-5.01635
-5.01599
-5.01563
-5.01527
-5.01491
-5.0144
-5.01388
-5.01352
-5.01299
-5.01292
-5.0127
-5.01217
-5.01164
-5.01096
-5.01028
-5.0099
-5.00937
-5.00915
-5.00878
-5.00841
-5.00761
-5.00726
-5.00662
-5.00615
-5.00554
-5.00525
-5.00497
-5.00457
-5.00419
-5.00399
-5.00336
-5.00276
-5.00264
-5.00255
-5.0022
-5.00219
-5.00191
-5.00167
-5.00147
-5.00132
-5.00151
-5.00099
-5.00143
-5.00161
-5.00169
-5.00167
-5.00186
-5.00254
-5.00313
-5.00362
-5.00401
-5.00445
-5.00494
-5.00549
-5.00579
-5.0066
-5.00745
-5.00836
-5.00932
-5.01064
-5.0117
-5.01281
-5.01412
-5.01548
-5.01674
-5.01789
-5.01923
-5.02078
-5.02191
-5.02354
-5.02521
-5.02693
-5.02868
-5.03032
-5.032
-5.03371
-5.03531
-5.03679
-5.03846
-5.04015
-5.04218
-5.04394
-5.04587
-5.04784
-5.04982
-5.05168
-5.05386
-5.05577
-5.05784
-5.06008
-5.06219
-5.06401
-5.06614
-5.06829
-5.0706
-5.07276
-5.07493
-5.07695
-5.07943
-5.08176
-5.08394
-5.08626
-5.08843
-5.09059
-5.09274
-5.09503
-5.09715
-5.09926
-5.10151
-5.10358
-5.10578
-5.10781
-5.10996
-5.11224
-5.11463
-5.11624
-5.11782
-5.11966
-5.12132
-5.12293
-5.12496
-5.12679
-5.12812
-5.12956
-5.13095
-5.13229
-5.13357
-5.13511
-5.13659
-5.13787
-5.13909
-5.1401
-5.1412
-5.14225
-5.14339
-5.14432
-5.14534
-5.1463
-5.1469
-5.14759
-5.14883
-5.1491
-5.14947
-5.14964
-5.15005
-5.15055
-5.15086
-5.15142
-5.15178
-5.15194
-5.15251
-5.15273
-5.15246
-5.15246
-5.15243
-5.15266
-5.15272
-5.1529
-5.15275
-5.15274
-5.15195
-5.15176
-5.1517
-5.15164
-5.15142
-5.15106
-5.15099
-5.15108
-5.15148
-5.15158
-5.15095
-5.15047
-5.15002
-5.14988
-5.15007
-5.14967
-5.1496
-5.14954
-5.14981
-5.14981
-5.14998
-5.14987
-5.14993
-5.15016
-5.15042
-5.1507
-5.15084
-5.151
-5.15117
-5.15106
-5.15096
-5.15101
-5.15123
-5.15159
-5.15181
-5.15202
-5.15193
-5.15228
-5.15247
-5.15265
-5.15267
-5.15251
-5.15249
-5.15275
-5.15298
-5.15288
-5.15259
-5.15243
-5.15269
-5.15261
-5.15233
-5.15202
-5.15213
-5.15158
-5.1513
-5.15082
-5.15045
-5.15004
-5.14959
-5.14894
-5.14824
-5.14781
-5.14733
-5.14667
-5.14581
-5.14491
-5.14413
-5.14332
-5.14247
-5.14144
-5.14068
-5.1399
-5.13879
-5.13752
-5.13668
-5.13568
-5.13452
-5.13365
-5.13248
-5.13161
-5.13075
-5.13004
-5.1289
-5.12777
-5.12742
-5.12618
-5.12557
-5.12454
-5.1234
-5.12244
-5.12167
-5.12109
-5.12025
-5.11977
-5.11902
-5.11833
-5.11754
-5.1171
-5.11702
-5.11669
-5.11641
-5.11618
-5.11585
-5.11588
-5.11612
-5.1158
-5.11598
-5.1156
-5.11587
-5.11604
-5.11625
-5.1165
-5.11618
-5.11604
-5.11669
-5.11692
-5.11732
-5.11789
-5.11863
-5.11939
-5.11986
-5.12003
-5.12036
-5.12099
-5.12178
-5.12195
-5.12257
-5.12303
-5.12378
-5.12435
-5.12491
-5.12529
-5.1258
-5.12628
-5.12688
-5.12684
-5.12677
-5.12681
-5.12742
-5.12784
-5.1279
-5.12777
-5.1279
-5.12813
-5.1277
-5.12768
-5.12805
-5.12807
-5.12773
-5.12719
-5.12719
-5.12653
-5.12612
-5.1255
-5.12497
-5.12453
-5.12403
-5.12287
-5.12195
-5.12097
-5.11963
-5.11869
-5.11753
-5.11632
-5.11505
-5.11372
-5.11203
-5.1109
-5.10956
-5.10786
-5.10611
-5.10462
-5.10292
-5.10118
-5.09939
-5.09756
-5.09554
-5.09362
-5.09152
-5.08954
-5.08737
-5.08517
-5.0834
-5.08086
-5.07875
-5.07632
-5.07449
-5.07235
-5.07036
-5.06822
-5.06579
-5.06337
-5.06127
-5.0592
-5.05746
-5.05545
-5.05349
-5.05158
-5.04972
-5.04823
-5.04665
-5.04499
-5.04342
-5.04208
-5.04098
-5.03953
-5.03849
-5.03739
-5.03626
-5.0357
-5.0348
-5.03433
-5.03368
-5.03285
-5.03244
-5.03247
-5.03202
-5.03214
-5.03254
-5.03306
-5.03354
-5.03414
-5.03484
-5.0358
-5.03655
-5.03769
-5.03861
-5.03961
-5.04084
-5.04272
-5.04421
-5.04559
-5.04717
-5.04862
-5.05009
-5.05173
-5.05338
-5.05487
-5.05591
-5.05723
-5.05869
-5.05997
-5.06137
-5.06273
-5.06451
-5.06564
-5.06687
-5.06775
-5.06903
-5.0704
-5.07142
-5.07223
-5.07329
-5.07383
-5.07447
-5.0755
-5.07587
-5.0765
-5.07707
-5.07729
-5.07762
-5.07821
-5.0786
-5.07895
-5.07928
-5.07957
-5.07983
-5.08008
-5.08015
-5.08036
-5.08055
-5.08075
-5.08108
-5.08127
-5.08131
-5.08136
-5.08127
-5.0812
-5.08159
-5.08216
-5.08229
-5.08261
-5.0828
-5.08316
-5.08387
-5.08445
-5.08477
-5.08557
-5.08626
-5.08668
-5.08729
-5.08778
-5.08831
-5.08902
-5.08947
-5.09011
-5.09093
-5.09179
-5.09268
-5.09361
-5.09456
-5.09554
-5.09656
-5.09759
-5.09866
-5.0999
-5.10101
-5.10229
-5.10284
-5.10401
-5.10504
-5.10609
-5.10731
-5.10853
-5.10977
-5.11086
-5.11197
-5.11338
-5.11449
-5.1156
-5.11687
-5.11784
-5.1191
-5.12052
-5.12163
-5.12289
-5.12399
-5.12478
-5.12617
-5.1274
-5.12877
-5.13013
-5.13164
-5.13283
-5.13447
-5.13549
-5.13681
-5.13796
-5.13926
-5.1404
-5.14122
-5.14204
-5.14331
-5.14457
-5.14582
-5.14692
-5.14831
-5.1494
-5.15034
-5.15112
-5.15236
-5.15405
-5.15514
-5.15623
-5.15732
-5.15856
-5.15951
-5.16061
-5.16156
-5.16282
-5.16393
-5.16504
-5.1663
-5.16726
-5.16837
-5.16963
-5.17057
-5.17166
-5.1729
-5.17381
-5.17532
-5.1765
-5.17796
-5.1791
-5.17991
-5.18069
-5.18158
-5.18243
-5.18324
-5.184
-5.18457
-5.18523
-5.18598
-5.18637
-5.18654
-5.1868
-5.18713
-5.18755
-5.18804
-5.18829
-5.18832
-5.18826
-5.18766
-5.18758
-5.18741
-5.18684
-5.18573
-5.18483
-5.18414
-5.18291
-5.18218
-5.18121
-5.17999
-5.17884
-5.17759
-5.1758
-5.17438
-5.17287
-5.17144
-5.16977
-5.16787
-5.16636
-5.16432
-5.16237
-5.16051
-5.1586
-5.15632
-5.15431
-5.1524
-5.15031
-5.14789
-5.14604
-5.14373
-5.14155
-5.13891
-5.13658
-5.13411
-5.1318
-5.12951
-5.12725
-5.12472
-5.12299
-5.12115
-5.11877
-5.11689
-5.11479
-5.11291
-5.1111
-5.10938
-5.10789
-5.10635
-5.10505
-5.10294
-5.1017
-5.1004
-5.09907
-5.09814
-5.09733
-5.09678
-5.09618
-5.09586
-5.09549
-5.09553
-5.09538
-5.09503
-5.09509
-5.09525
-5.09596
-5.09632
-5.09646
-5.09669
-5.09731
-5.09785
-5.09862
-5.09961
-5.10066
-5.10162
-5.10278
-5.10399
-5.10525
-5.10624
-5.10757
-5.10894
-5.11032
-5.11143
-5.11286
-5.11414
-5.11544
-5.11659
-5.11819
-5.11949
-5.12063
-5.12192
-5.12319
-5.12445
-5.12585
-5.12708
-5.12874
-5.13023
-5.1314
-5.13255
-5.13367
-5.13491
-5.13598
-5.13763
-5.1388
-5.13994
-5.1409
-5.14169
-5.14229
-5.14317
-5.14447
-5.1453
-5.14595
-5.14656
-5.14731
-5.14772
-5.14841
-5.14922
-5.15016
-5.15062
-5.15105
-5.1516
-5.15228
-5.15278
-5.15325
-5.15355
-5.15412
-5.15466
-5.15501
-5.15549
-5.15579
-5.15606
-5.15644
-5.1565
-5.15697
-5.1568
-5.15689
-5.15696
-5.15728
-5.15711
-5.15675
-5.15649
-5.15619
-5.156
-5.15591
-5.15532
-5.15499
-5.1546
-5.15386
-5.15291
-5.15221
-5.15191
-5.1514
-5.15038
-5.1499
-5.14906
-5.14801
-5.1469
-5.14618
-5.14524
-5.14409
-5.14303
-5.14175
-5.14025
-5.139
-5.13722
-5.13629
-5.13454
-5.13273
-5.13117
-5.12969
-5.12785
-5.12595
-5.124
-5.12229
-5.12038
-5.11826
-5.11609
-5.11372
-5.1113
-5.10914
-5.10679
-5.10424
-5.10196
-5.09933
-5.09682
-5.09428
-5.09155
-5.0888
-5.08616
-5.08351
-5.08068
-5.07782
-5.0754
-5.07266
-5.06945
-5.06683
-5.0639
-5.06111
-5.0583
-5.05549
-5.05267
-5.0503
-5.04747
-5.04478
-5.0421
-5.03896
-5.03627
-5.03328
-5.03044
-5.02761
-5.02478
-5.0218
-5.01883
-5.01586
-5.01321
-5.01026
-5.00702
-5.0041
-5.00104
-4.99845
-4.99587
-4.99347
-4.99079
-4.98843
-4.98595
-4.98319
-4.98076
-4.97837
-4.97587
-4.97295
-4.97052
-4.96845
-4.96611
-4.96398
-4.96175
-4.95988
-4.95777
-4.95617
-4.95419
-4.95257
-4.95057
-4.9488
-4.94755
-4.94607
-4.94453
-4.94306
-4.94168
-4.94007
-4.93901
-4.93788
-4.93668
-4.93587
-4.93515
-4.93422
-4.93353
-4.93292
-4.93255
-4.93211
-4.93192
-4.9315
-4.93163
-4.93154
-4.93153
-4.93176
-4.93191
-4.93215
-4.93232
-4.93272
-4.93349
-4.93405
-4.93468
-4.93538
-4.93616
-4.93686
-4.93764
-4.93834
-4.93926
-4.94055
-4.94177
-4.94321
-4.94456
-4.94598
-4.94733
-4.94889
-4.95083
-4.95238
-4.95384
-4.95523
-4.95729
-4.95957
-4.96131
-4.96342
-4.96575
-4.96784
-4.97046
-4.97269
-4.97498
-4.97734
-4.98006
-4.98271
-4.98526
-4.98802
-4.99085
-4.99359
-4.99638
-4.99924
-5.0029
-5.00617
-5.00904
-5.01242
-5.016
-5.01962
-5.02299
-5.02656
-5.02987
-5.03336
-5.0369
-5.04032
-5.04407
-5.04756
-5.05122
-5.0549
-5.05846
-5.06204
-5.06579
-5.0694
-5.07302
-5.0768
-5.08043
-5.08407
-5.08801
-5.09194
-5.09571
-5.09933
-5.10338
-5.10711
-5.11068
-5.11422
-5.11803
-5.12182
-5.12543
-5.12855
-5.13178
-5.13528
-5.13843
-5.14153
-5.14459
-5.14775
-5.15101
-5.15421
-5.15766
-5.16015
-5.16332
-5.16629
-5.16918
-5.17201
-5.17462
-5.17716
-5.17977
-5.18276
-5.18523
-5.18747
-5.18993
-5.19231
-5.19446
-5.19668
-5.19836
-5.19996
-5.20193
-5.20367
-5.20532
-5.20719
-5.20852
-5.21022
-5.21123
-5.2123
-5.21344
-5.21465
-5.21562
-5.21636
-5.21717
-5.21774
-5.21823
-5.21894
-5.21942
-5.22058
-5.22105
-5.2213
-5.22148
-5.22142
-5.2213
-5.2217
-5.22129
-5.22095
-5.2207
-5.22023
-5.21984
-5.21939
-5.21888
-5.21831
-5.21769
-5.217
-5.21641
-5.21547
-5.21447
-5.21373
-5.21309
-5.2121
-5.21122
-5.21029
-5.20917
-5.20816
-5.20681
-5.20527
-5.20415
-5.20269
-5.20104
-5.19967
-5.19841
-5.19683
-5.19506
-5.19357
-5.19206
-5.19067
-5.18851
-5.18692
-5.18547
-5.18369
-5.1816
-5.18024
-5.17886
-5.17702
-5.17531
-5.17374
-5.17216
-5.17041
-5.16865
-5.16704
-5.16541
-5.16362
-5.16198
-5.16064
-5.15898
-5.15687
-5.15536
-5.15354
-5.15142
-5.1493
-5.14733
-5.14566
-5.14384
-5.14233
-5.13992
-5.13796
-5.13601
-5.13422
-5.13228
-5.13051
-5.12889
-5.12714
-5.1254
-5.12367
-5.12196
-5.12041
-5.11903
-5.11676
-5.11497
-5.1135
-5.11144
-5.10986
-5.10846
-5.10678
-5.10527
-5.10395
-5.10235
-5.10093
-5.09909
-5.09803
-5.09641
-5.09543
-5.09417
-5.09296
-5.09178
-5.09064
-5.0897
-5.08879
-5.08762
-5.0865
-5.08587
-5.08514
-5.08384
-5.08305
-5.08215
-5.08145
-5.08065
-5.07975
-5.07904
-5.07854
-5.07825
-5.07785
-5.07736
-5.07707
-5.07699
-5.07666
-5.07653
-5.07661
-5.0766
-5.07664
-5.07674
-5.07705
-5.07741
-5.07783
-5.07816
-5.07824
-5.07869
-5.07904
-5.07975
-5.08022
-5.08089
-5.08162
-5.08226
-5.08265
-5.08325
-5.08451
-5.08552
-5.08659
-5.08786
-5.08903
-5.0901
-5.09137
-5.09269
-5.09406
-5.09532
-5.09678
-5.09844
-5.09998
-5.10142
-5.10319
-5.105
-5.1067
-5.10842
-5.11018
-5.11182
-5.11363
-5.11532
-5.11718
-5.11876
-5.12096
-5.12272
-5.1245
-5.12659
-5.12839
-5.13034
-5.132
-5.13396
-5.13577
-5.13772
-5.13952
-5.14146
-5.14354
-5.1453
-5.1472
-5.14938
-5.1514
-5.15308
-5.15505
-5.15668
-5.15829
-5.16016
-5.162
-5.16396
-5.16557
-5.16715
-5.16853
-5.17002
-5.17177
-5.17332
-5.17482
-5.17612
-5.17722
-5.17811
-5.1788
-5.17989
-5.18062
-5.1816
-5.18252
-5.18353
-5.18434
-5.18523
-5.18577
-5.18624
-5.18711
-5.18762
-5.18807
-5.18876
-5.18878
-5.18921
-5.18897
-5.18927
-5.18937
-5.18971
-5.1897
-5.18948
-5.18935
-5.18887
-5.18863
-5.18819
-5.18785
-5.18746
-5.18702
-5.18654
-5.1863
-5.18587
-5.18525
-5.18458
-5.18371
-5.18311
-5.18247
-5.18179
-5.18092
-5.18017
-5.17924
-5.17842
-5.17742
-5.1764
-5.1758
-5.17441
-5.17346
-5.17188
-5.17074
-5.16957
-5.16794
-5.1669
-5.16554
-5.16447
-5.1628
-5.16172
-5.16049
-5.15926
-5.15818
-5.15665
-5.15543
-5.15422
-5.15302
-5.15199
-5.15083
-5.14969
-5.14872
-5.14763
-5.14642
-5.14509
-5.14411
-5.1427
-5.1418
-5.14109
-5.14044
-5.13983
-5.13943
-5.13894
-5.13866
-5.138
-5.13769
-5.13746
-5.13745
-5.13735
-5.13733
-5.13754
-5.13767
-5.13757
-5.13755
-5.13775
-5.13804
-5.1384
-5.13914
-5.13995
-5.14023
-5.14105
-5.14193
-5.14273
-5.1433
-5.14393
-5.14492
-5.14613
-5.14725
-5.14887
-5.1501
-5.15152
-5.1533
-5.15497
-5.15683
-5.15842
-5.15945
-5.16097
-5.16236
-5.16408
-5.16568
-5.16744
-5.16923
-5.17057
-5.17224
-5.17406
-5.1756
-5.17698
-5.17867
-5.18037
-5.18221
-5.1842
-5.18589
-5.18757
-5.18999
-5.19181
-5.19361
-5.19539
-5.19686
-5.19831
-5.19974
-5.2013
-5.20299
-5.2045
-5.20568
-5.20683
-5.20855
-5.20994
-5.21114
-5.21246
-5.21374
-5.21437
-5.21541
-5.21656
-5.21752
-5.21827
-5.21912
-5.21992
-5.22082
-5.22166
-5.22244
-5.22331
-5.22427
-5.22486
-5.22539
-5.22585
-5.22623
-5.22655
-5.22695
-5.22757
-5.22737
-5.22754
-5.22733
-5.2272
-5.22729
-5.22716
-5.22679
-5.22604
-5.22522
-5.22462
-5.22379
-5.22334
-5.22266
-5.22145
-5.22048
-5.21928
-5.21786
-5.21668
-5.21573
-5.21397
-5.21244
-5.21086
-5.20923
-5.20769
-5.20581
-5.20433
-5.20251
-5.20034
-5.19875
-5.19697
-5.19531
-5.19348
-5.19192
-5.18989
-5.18815
-5.18609
-5.18417
-5.18225
-5.18001
-5.17807
-5.17614
-5.17405
-5.17227
-5.17064
-5.16872
-5.16681
-5.16535
-5.1636
-5.16186
-5.15983
-5.15796
-5.15594
-5.15439
-5.15255
-5.15041
-5.14859
-5.14707
-5.14511
-5.14346
-5.14152
-5.13988
-5.13824
-5.13691
-5.13528
-5.1335
-5.13187
-5.12995
-5.12802
-5.12639
-5.12445
-5.12282
-5.12119
-5.11939
-5.11775
-5.1158
-5.11415
-5.11205
-5.11054
-5.10842
-5.10661
-5.10479
-5.10312
-5.10129
-5.09947
-5.09764
-5.09566
-5.09414
-5.09246
-5.09064
-5.08912
-5.08746
-5.0858
-5.08385
-5.0819
-5.07981
-5.07788
-5.07611
-5.07435
-5.07276
-5.07088
-5.06916
-5.06731
-5.06547
-5.06381
-5.06216
-5.06053
-5.05892
-5.05718
-5.05577
-5.05407
-5.05286
-5.05136
-5.04944
-5.048
-5.04644
-5.0452
-5.04385
-5.04252
-5.04152
-5.04025
-5.03856
-5.03765
-5.03663
-5.03533
-5.03422
-5.0333
-5.0324
-5.03124
-5.03012
-5.02918
-5.02828
-5.02756
-5.02658
-5.02549
-5.02474
-5.02417
-5.02349
-5.023
-5.02256
-5.02199
-5.02177
-5.02114
-5.02039
-5.01999
-5.01978
-5.0196
-5.01947
-5.01907
-5.01871
-5.01884
-5.0187
-5.01861
-5.01855
-5.01838
-5.01854
-5.01844
-5.01837
-5.01834
-5.01849
-5.01851
-5.01857
-5.0188
-5.01891
-5.0192
-5.01951
-5.01969
-5.02019
-5.02071
-5.02094
-5.02134
-5.0216
-5.02187
-5.0223
-5.02273
-5.02302
-5.02346
-5.02376
-5.02419
-5.02493
-5.02506
-5.02533
-5.02573
-5.02597
-5.0262
-5.02641
-5.02659
-5.02676
-5.0269
-5.02731
-5.02739
-5.02744
-5.02776
-5.0279
-5.02784
-5.0279
-5.02761
-5.02729
-5.02752
-5.0274
-5.02739
-5.02718
-5.02677
-5.02631
-5.0258
-5.02538
-5.02507
-5.02425
-5.02383
-5.02305
-5.02222
-5.02118
-5.02024
-5.01954
-5.0188
-5.018
-5.01715
-5.01595
-5.01469
-5.01369
-5.01249
-5.01155
-5.01041
-5.00923
-5.008
-5.00628
-5.00468
-5.00319
-5.00182
-5.00027
-4.99899
-4.99753
-4.99606
-4.99426
-4.9926
-4.99078
-4.98879
-4.9871
-4.98511
-4.98357
-4.98144
-4.98007
-4.97841
-4.97693
-4.97576
-4.97448
-4.97322
-4.97155
-4.96961
-4.96803
-4.96649
-4.965
-4.96357
-4.96236
-4.96106
-4.95983
-4.95913
-4.95836
-4.95736
-4.95646
-4.95565
-4.95493
-4.95416
-4.95394
-4.95383
-4.95367
-4.95348
-4.95354
-4.95357
-4.95387
-4.95459
-4.95512
-4.95593
-4.9564
-4.9573
-4.95802
-4.95917
-4.96028
-4.96167
-4.96318
-4.96465
-4.9664
-4.96826
-4.97023
-4.97247
-4.97496
-4.97711
-4.97966
-4.98185
-4.98414
-4.98652
-4.98928
-4.99213
-4.99505
-4.99804
-5.00109
-5.0042
-5.00737
-5.01043
-5.01383
-5.01743
-5.02075
-5.02409
-5.02776
-5.03113
-5.03436
-5.03758
-5.04095
-5.04431
-5.04765
-5.05111
-5.05439
-5.05763
-5.06083
-5.06352
-5.06677
-5.06981
-5.07263
-5.07568
-5.07866
-5.08156
-5.08438
-5.08711
-5.08975
-5.09245
-5.09505
-5.09725
-5.09934
-5.10118
-5.10291
-5.10468
-5.10649
-5.10788
-5.10931
-5.11032
-5.11151
-5.11259
-5.11354
-5.11423
-5.11509
-5.11554
-5.11571
-5.11592
-5.11602
-5.11599
-5.11585
-5.11575
-5.11524
-5.11446
-5.11373
-5.1132
-5.11272
-5.11198
-5.11085
-5.11023
-5.10922
-5.10812
-5.10664
-5.10554
-5.1045
-5.10355
-5.10208
-5.10071
-5.09927
-5.09778
-5.09595
-5.09437
-5.09246
-5.09051
-5.08914
-5.0873
-5.0859
-5.08418
-5.08216
-5.08089
-5.07964
-5.07779
-5.07595
-5.07415
-5.07267
-5.07123
-5.06967
-5.06786
-5.0661
-5.06469
-5.0632
-5.06161
-5.06009
-5.05895
-5.05803
-5.05734
-5.05658
-5.0559
-5.05486
-5.05406
-5.05334
-5.05272
-5.0522
-5.05176
-5.05188
-5.05194
-5.05149
-5.05113
-5.05102
-5.05146
-5.05168
-5.05185
-5.05225
-5.05244
-5.05287
-5.05337
-5.0541
-5.05476
-5.05594
-5.05704
-5.05821
-5.05943
-5.06072
-5.0619
-5.06329
-5.06472
-5.06635
-5.06787
-5.06912
-5.0707
-5.07261
-5.07425
-5.0759
-5.07742
-5.0788
-5.08035
-5.0819
-5.08315
-5.08486
-5.08612
-5.08752
-5.08922
-5.09106
-5.09244
-5.0938
-5.09545
-5.09693
-5.0984
-5.09954
-5.10096
-5.10266
-5.10403
-5.10538
-5.10685
-5.10784
-5.10926
-5.11034
-5.11154
-5.1127
-5.11414
-5.11554
-5.11675
-5.11778
-5.11846
-5.11926
-5.12002
-5.12089
-5.12126
-5.12189
-5.12294
-5.12379
-5.12445
-5.12521
-5.12577
-5.12628
-5.1269
-5.12747
-5.12799
-5.12816
-5.12828
-5.12819
-5.12836
-5.12892
-5.12883
-5.12838
-5.12803
-5.12777
-5.12746
-5.12709
-5.12682
-5.12649
-5.12641
-5.12597
-5.12593
-5.12553
-5.12493
-5.12382
-5.12296
-5.1222
-5.12184
-5.12098
-5.12022
-5.11911
-5.11811
-5.11707
-5.11613
-5.11515
-5.11414
-5.11309
-5.1117
-5.10998
-5.10883
-5.1075
-5.1063
-5.10508
-5.10368
-5.10226
-5.10083
-5.09939
-5.09838
-5.09692
-5.09499
-5.09366
-5.09218
-5.09069
-5.08905
-5.08757
-5.08624
-5.08521
-5.08329
-5.08197
-5.08036
-5.07891
-5.07747
-5.07634
-5.07477
-5.07336
-5.07196
-5.07071
-5.06964
-5.06811
-5.06675
-5.06555
-5.06435
-5.06332
-5.06229
-5.06127
-5.05995
-5.05818
-5.05658
-5.05528
-5.05413
-5.05285
-5.05141
-5.05013
-5.04902
-5.04775
-5.04665
-5.04555
-5.04416
-5.04323
-5.04202
-5.04112
-5.03994
-5.03877
-5.03763
-5.0362
-5.03511
-5.03435
-5.03393
-5.03264
-5.03139
-5.03033
-5.02978
-5.02898
-5.02823
-5.02755
-5.02693
-5.02668
-5.02605
-5.02565
-5.02564
-5.02555
-5.02526
-5.02505
-5.02525
-5.02554
-5.02578
-5.02598
-5.02643
-5.02714
-5.02795
-5.02873
-5.02931
-5.0303
-5.03126
-5.03232
-5.03379
-5.03551
-5.03689
-5.03913
-5.04101
-5.04284
-5.0446
-5.04661
-5.0484
-5.05102
-5.05297
-5.05514
-5.05767
-5.05981
-5.06231
-5.0647
-5.06729
-5.06992
-5.07257
-5.0751
-5.07779
-5.0805
-5.08321
-5.08592
-5.08863
-5.09132
-5.09429
-5.09664
-5.09941
-5.10185
-5.10439
-5.10689
-5.10934
-5.11173
-5.11376
-5.11588
-5.11839
-5.12051
-5.12272
-5.12469
-5.12658
-5.12839
-5.12995
-5.13143
-5.1328
-5.13409
-5.13543
-5.13681
-5.1384
-5.13944
-5.14037
-5.14119
-5.14192
-5.14268
-5.14304
-5.14345
-5.14345
-5.14364
-5.14343
-5.14326
-5.14314
-5.14353
-5.14336
-5.14263
-5.14151
-5.1412
-5.1405
-5.1397
-5.13896
-5.13784
-5.13678
-5.13564
-5.13428
-5.13329
-5.13192
-5.13049
-5.12915
-5.1279
-5.12598
-5.12432
-5.12246
-5.12055
-5.11876
-5.11708
-5.11537
-5.11378
-5.11187
-5.1098
-5.10816
-5.10667
-5.10487
-5.10323
-5.10099
-5.09937
-5.09746
-5.09512
-5.09327
-5.09144
-5.0895
-5.08774
-5.08619
-5.08468
-5.08277
-5.08107
-5.07943
-5.07815
-5.07694
-5.0755
-5.07413
-5.07329
-5.07223
-5.07124
-5.07034
-5.06951
-5.06878
-5.06812
-5.06725
-5.06647
-5.06637
-5.06606
-5.06568
-5.06539
-5.06518
-5.06491
-5.06486
-5.06489
-5.06515
-5.06548
-5.06558
-5.0659
-5.06644
-5.06704
-5.06769
-5.06825
-5.06887
-5.06968
-5.07053
-5.07127
-5.07205
-5.07301
-5.07415
-5.07546
-5.07649
-5.07723
-5.07844
-5.07934
-5.0801
-5.08131
-5.08251
-5.0831
-5.08412
-5.08527
-5.0861
-5.0869
-5.08798
-5.08886
-5.08986
-5.09081
-5.09157
-5.09228
-5.09309
-5.09354
-5.09423
-5.09457
-5.09514
-5.09579
-5.09622
-5.09674
-5.09673
-5.09679
-5.09708
-5.09729
-5.09742
-5.09717
-5.09683
-5.09671
-5.09605
-5.09531
-5.09463
-5.09372
-5.09287
-5.09178
-5.0909
-5.08949
-5.08845
-5.08717
-5.0858
-5.08436
-5.08268
-5.08123
-5.07939
-5.07763
-5.07595
-5.0739
-5.07193
-5.07005
-5.0681
-5.06564
-5.06358
-5.06161
-5.05945
-5.05694
-5.05453
-5.05209
-5.04961
-5.04695
-5.04442
-5.04171
-5.03913
-5.03654
-5.03363
-5.03072
-5.02781
-5.0246
-5.0226
-5.02001
-5.01743
-5.01472
-5.01188
-5.00937
-5.00689
-5.00474
-5.00232
-4.99994
-4.99716
-4.99457
-4.99248
-4.98999
-4.98786
-4.98578
-4.98362
-4.98167
-4.97948
-4.97781
-4.97591
-4.97438
-4.97307
-4.97138
-4.96977
-4.96824
-4.96709
-4.96586
-4.96502
-4.9641
-4.96342
-4.96267
-4.96155
-4.96051
-4.96001
-4.95929
-4.95895
-4.95886
-4.95854
-4.95846
-4.95831
-4.95809
-4.95796
-4.95806
-4.95824
-4.95851
-4.95885
-4.95928
-4.96024
-4.96067
-4.96163
-4.96237
-4.96364
-4.96438
-4.9655
-4.96653
-4.96749
-4.96866
-4.97006
-4.97137
-4.97245
-4.97374
-4.97494
-4.9765
-4.97812
-4.98024
-4.98182
-4.98375
-4.98558
-4.9873
-4.98892
-4.99088
-4.99287
-4.9946
-4.99622
-4.99816
-5.00029
-5.00229
-5.00461
-5.0068
-5.00885
-5.01152
-5.01389
-5.01597
-5.01805
-5.02012
-5.02234
-5.0247
-5.02705
-5.02923
-5.03154
-5.03367
-5.03608
-5.03801
-5.04005
-5.0422
-5.04386
-5.04548
-5.04735
-5.04917
-5.05078
-5.05233
-5.05368
-5.05556
-5.05723
-5.05868
-5.06005
-5.06135
-5.06257
-5.06372
-5.06493
-5.06607
-5.06711
-5.06793
-5.06835
-5.06899
-5.06953
-5.06954
-5.06961
-5.06989
-5.07008
-5.07003
-5.07034
-5.07011
-5.0701
-5.0697
-5.06937
-5.0688
-5.0683
-5.06802
-5.06767
-5.0668
-5.066
-5.06514
-5.06406
-5.06307
-5.06188
-5.06064
-5.05965
-5.05862
-5.05756
-5.05616
-5.05473
-5.05329
-5.05198
-5.05081
-5.04933
-5.04801
-5.04669
-5.04539
-5.04411
-5.04255
-5.04116
-5.04012
-5.03881
-5.0377
-5.03664
-5.03518
-5.03424
-5.03335
-5.03254
-5.03179
-5.03082
-5.03007
-5.02956
-5.02958
-5.02953
-5.02911
-5.02893
-5.02853
-5.02791
-5.02782
-5.02782
-5.0279
-5.02821
-5.0289
-5.02876
-5.0293
-5.02975
-5.03027
-5.03145
-5.03223
-5.03307
-5.03381
-5.03504
-5.03601
-5.03701
-5.03819
-5.03925
-5.04063
-5.04187
-5.04268
-5.04364
-5.04445
-5.04541
-5.04651
-5.04806
-5.04914
-5.0502
-5.05125
-5.05257
-5.05372
-5.05468
-5.05577
-5.05698
-5.05755
-5.05823
-5.05903
-5.0598
-5.06052
-5.06076
-5.06111
-5.06157
-5.0623
-5.06269
-5.06305
-5.06352
-5.06397
-5.06468
-5.06507
-5.06557
-5.0659
-5.06621
-5.0665
-5.06692
-5.06732
-5.06756
-5.06748
-5.068
-5.06822
-5.06843
-5.06878
-5.0693
-5.06951
-5.07003
-5.07041
-5.07049
-5.07105
-5.07116
-5.07144
-5.07159
-5.07161
-5.0718
-5.07201
-5.0724
-5.07282
-5.07311
-5.07357
-5.07407
-5.07474
-5.0756
-5.07587
-5.07648
-5.07697
-5.07794
-5.07818
-5.07875
-5.0795
-5.08058
-5.08138
-5.0822
-5.0832
-5.08423
-5.08527
-5.08618
-5.08711
-5.0879
-5.08856
-5.08969
-5.09082
-5.09181
-5.09312
-5.09412
-5.09514
-5.09615
-5.09702
-5.09849
-5.0995
-5.10051
-5.10167
-5.10266
-5.1038
-5.10493
-5.1059
-5.10685
-5.10779
-5.10871
-5.10962
-5.11021
-5.11108
-5.11224
-5.11337
-5.11418
-5.11437
-5.11529
-5.11619
-5.11676
-5.11716
-5.11784
-5.1185
-5.11913
-5.11974
-5.12048
-5.12134
-5.12187
-5.12224
-5.12303
-5.1238
-5.12424
-5.12496
-5.12536
-5.12604
-5.1264
-5.12658
-5.12735
-5.12764
-5.12792
-5.12833
-5.12841
-5.12848
-5.12853
-5.12871
-5.12843
-5.12843
-5.12871
-5.12867
-5.12893
-5.12916
-5.12923
-5.12959
-5.12963
-5.12981
-5.12982
-5.12982
-5.12981
-5.12963
-5.1296
-5.1297
-5.12964
-5.12941
-5.12933
-5.12939
-5.12929
-5.12887
-5.12875
-5.12893
-5.12909
-5.12895
-5.1288
-5.12834
-5.12818
-5.12787
-5.12755
-5.12707
-5.1269
-5.12643
-5.1261
-5.12608
-5.12607
-5.12545
-5.12559
-5.12558
-5.12543
-5.12559
-5.1256
-5.12548
-5.12551
-5.1254
-5.12546
-5.12507
-5.1247
-5.12449
-5.12429
-5.12381
-5.1238
-5.12381
-5.12413
-5.12402
-5.12423
-5.1246
-5.1247
-5.12466
-5.12449
-5.12464
-5.12496
-5.12514
-5.1255
-5.12587
-5.12625
-5.12621
-5.12647
-5.12676
-5.12705
-5.12721
-5.12769
-5.12802
-5.12837
-5.12857
-5.12909
-5.12961
-5.12999
-5.13023
-5.13032
-5.13056
-5.13081
-5.13121
-5.1313
-5.13185
-5.13239
-5.13293
-5.13332
-5.1337
-5.13422
-5.13444
-5.13494
-5.13514
-5.13532
-5.13564
-5.1361
-5.1364
-5.13683
-5.1368
-5.13689
-5.13713
-5.13689
-5.13694
-5.13727
-5.13743
-5.13758
-5.13785
-5.13796
-5.13789
-5.13781
-5.13785
-5.13803
-5.13789
-5.13803
-5.138
-5.1381
-5.13803
-5.13794
-5.13753
-5.13741
-5.13742
-5.13711
-5.13678
-5.13705
-5.13684
-5.13662
-5.13639
-5.136
-5.13574
-5.13547
-5.13519
-5.1349
-5.1346
-5.13398
-5.13336
-5.13319
-5.13285
-5.13191
-5.13202
-5.13167
-5.13131
-5.13095
-5.13074
-5.13037
-5.13015
-5.12978
-5.12911
-5.12858
-5.12821
-5.12814
-5.12791
-5.12739
-5.12702
-5.1265
-5.12598
-5.12577
-5.12526
-5.12506
-5.12486
-5.12437
-5.12448
-5.1243
-5.12427
-5.1241
-5.12364
-5.12348
-5.12348
-5.12349
-5.1232
-5.12307
-5.12295
-5.12269
-5.12258
-5.12219
-5.12195
-5.12186
-5.12194
-5.12157
-5.12151
-5.12146
-5.12142
-5.12123
-5.12105
-5.12057
-5.12055
-5.12038
-5.12067
-5.12036
-5.12021
-5.12006
-5.11991
-5.11961
-5.11946
-5.11901
-5.11841
-5.11826
-5.1178
-5.11765
-5.11748
-5.11747
-5.1176
-5.11727
-5.11693
-5.11674
-5.11668
-5.11586
-5.11549
-5.11495
-5.1147
-5.11443
-5.1137
-5.11326
-5.11326
-5.11294
-5.11305
-5.11255
-5.11218
-5.11209
-5.11169
-5.11127
-5.11082
-5.11021
-5.10974
-5.10924
-5.10858
-5.10789
-5.10704
-5.10633
-5.10559
-5.10515
-5.10408
-5.10345
-5.10265
-5.10199
-5.10132
-5.10048
-5.10024
-5.09907
-5.09821
-5.09718
-5.0966
-5.09571
-5.09511
-5.09436
-5.09376
-5.09316
-5.09241
-5.09212
-5.09152
-5.09093
-5.09064
-5.08946
-5.08874
-5.08788
-5.08763
-5.08694
-5.08642
-5.08606
-5.08572
-5.0851
-5.0845
-5.08376
-5.0832
-5.08266
-5.08184
-5.0815
-5.08103
-5.08074
-5.08032
-5.07963
-5.07926
-5.07877
-5.07891
-5.07863
-5.07807
-5.07798
-5.07748
-5.07729
-5.07744
-5.07761
-5.0775
-5.07726
-5.07734
-5.07729
-5.07741
-5.0774
-5.0774
-5.07756
-5.07788
-5.07821
-5.07841
-5.0783
-5.0782
-5.0778
-5.07785
-5.0779
-5.07809
-5.07828
-5.07846
-5.07864
-5.0788
-5.0788
-5.07878
-5.07875
-5.07856
-5.07865
-5.07842
-5.07833
-5.07807
-5.07824
-5.07824
-5.07838
-5.07836
-5.07846
-5.07825
-5.07773
-5.07749
-5.07725
-5.07699
-5.07689
-5.07632
-5.07636
-5.07579
-5.07507
-5.07482
-5.07412
-5.07358
-5.07336
-5.07331
-5.07313
-5.07297
-5.07298
-5.07288
-5.07295
-5.07306
-5.07335
-5.07308
-5.07299
-5.07325
-5.0731
-5.07344
-5.07382
-5.07395
-5.07457
-5.07493
-5.07534
-5.07549
-5.07614
-5.07683
-5.0774
-5.07817
-5.07883
-5.07952
-5.08025
-5.08086
-5.0818
-5.08247
-5.08332
-5.08404
-5.08449
-5.0854
-5.08618
-5.08744
-5.08855
-5.08983
-5.09081
-5.09165
-5.09294
-5.09394
-5.09494
-5.09593
-5.09692
-5.09791
-5.09844
-5.09941
-5.10083
-5.10163
-5.10256
-5.10379
-5.1047
-5.10574
-5.10647
-5.10763
-5.10831
-5.10898
-5.10977
-5.1107
-5.1113
-5.11233
-5.11318
-5.11386
-5.11467
-5.11545
-5.11636
-5.11664
-5.1172
-5.11788
-5.11808
-5.11841
-5.11886
-5.11929
-5.11939
-5.11992
-5.12043
-5.12091
-5.12121
-5.12225
-5.12252
-5.12306
-5.12343
-5.12348
-5.12412
-5.12459
-5.12504
-5.12533
-5.12575
-5.12586
-5.12581
-5.1259
-5.12568
-5.1259
-5.12612
-5.12588
-5.12579
-5.12585
-5.12577
-5.12613
-5.1259
-5.12567
-5.12576
-5.12616
-5.12611
-5.12593
-5.12607
-5.12607
-5.12624
-5.12612
-5.12648
-5.12702
-5.12727
-5.12771
-5.12801
-5.1288
-5.12886
-5.1294
-5.12982
-5.13027
-5.13076
-5.13112
-5.13151
-5.13193
-5.13239
-5.13348
-5.13416
-5.13486
-5.13575
-5.13591
-5.13656
-5.13723
-5.13839
-5.13942
-5.14018
-5.14112
-5.14208
-5.14306
-5.14422
-5.14495
-5.146
-5.14676
-5.14769
-5.14864
-5.14975
-5.15117
-5.1517
-5.15254
-5.15354
-5.15484
-5.15615
-5.15701
-5.15802
-5.15917
-5.16002
-5.16117
-5.16246
-5.16374
-5.16471
-5.16582
-5.16692
-5.16785
-5.16876
-5.16965
-5.17082
-5.17197
-5.1728
-5.17345
-5.17498
-5.17587
-5.17704
-5.17788
-5.17853
-5.1796
-5.18034
-5.18104
-5.18155
-5.18217
-5.1829
-5.18329
-5.18379
-5.18439
-5.1845
-5.18456
-5.18488
-5.185
-5.18538
-5.18571
-5.18583
-5.18591
-5.18608
-5.18606
-5.18613
-5.18615
-5.18597
-5.18588
-5.18559
-5.18524
-5.18484
-5.18439
-5.18403
-5.18316
-5.1824
-5.18142
-5.1807
-5.17977
-5.17894
-5.17836
-5.17712
-5.17584
-5.1748
-5.17387
-5.17243
-5.17125
-5.16972
-5.16829
-5.16712
-5.16591
-5.16465
-5.1635
-5.16216
-5.16064
-5.15907
-5.15717
-5.15554
-5.15387
-5.15217
-5.1506
-5.14885
-5.14677
-5.14467
-5.14285
-5.14116
-5.13946
-5.1379
-5.13587
-5.13367
-5.13133
-5.12973
-5.12813
-5.12607
-5.12417
-5.12258
-5.12068
-5.1185
-5.11663
-5.11462
-5.11233
-5.1102
-5.1084
-5.10676
-5.10516
-5.10357
-5.10217
-5.10019
-5.09869
-5.09708
-5.0955
-5.09381
-5.09201
-5.09055
-5.08958
-5.08851
-5.08733
-5.0865
-5.08526
-5.08407
-5.08278
-5.08169
-5.0805
-5.07966
-5.07887
-5.07814
-5.07732
-5.07639
-5.07552
-5.07516
-5.07425
-5.07399
-5.0738
-5.07335
-5.07281
-5.07263
-5.07219
-5.07166
-5.07164
-5.07152
-5.0716
-5.07157
-5.07175
-5.07168
-5.0718
-5.07182
-5.07204
-5.07245
-5.07275
-5.07309
-5.07363
-5.0742
-5.07435
-5.07468
-5.07475
-5.075
-5.07558
-5.07603
-5.07682
-5.07717
-5.07784
-5.07853
-5.07938
-5.0804
-5.08114
-5.08173
-5.08247
-5.08338
-5.08414
-5.0849
-5.08565
-5.08656
-5.08747
-5.08852
-5.08926
-5.09014
-5.09055
-5.09126
-5.0918
-5.09263
-5.09298
-5.09377
-5.09454
-5.09499
-5.09572
-5.09627
-5.09725
-5.09761
-5.09809
-5.09824
-5.09866
-5.09906
-5.09989
-5.10039
-5.10071
-5.10069
-5.10081
-5.10074
-5.1008
-5.10068
-5.10114
-5.10097
-5.10122
-5.10115
-5.10136
-5.1014
-5.10111
-5.1011
-5.10107
-5.10057
-5.1005
-5.10042
-5.10017
-5.10021
-5.10039
-5.10025
-5.09996
-5.09965
-5.09964
-5.09933
-5.09916
-5.09929
-5.09897
-5.09895
-5.09894
-5.09878
-5.09832
-5.09802
-5.09773
-5.09776
-5.09764
-5.09739
-5.09746
-5.09739
-5.09733
-5.0976
-5.09714
-5.0973
-5.09733
-5.09753
-5.09791
-5.09816
-5.09798
-5.09829
-5.09861
-5.09911
-5.09919
-5.09959
-5.09986
-5.10046
-5.10078
-5.10112
-5.10164
-5.10188
-5.10244
-5.10302
-5.10361
-5.10392
-5.10409
-5.10473
-5.10492
-5.10542
-5.10578
-5.10659
-5.10725
-5.10761
-5.10797
-5.10831
-5.10865
-5.10927
-5.10987
-5.1097
-5.11026
-5.1108
-5.1107
-5.11102
-5.1116
-5.11184
-5.11219
-5.11235
-5.1126
-5.1125
-5.11204
-5.11182
-5.11169
-5.11165
-5.11124
-5.11075
-5.1102
-5.10972
-5.10901
-5.10852
-5.10766
-5.10717
-5.10629
-5.10533
-5.10429
-5.10316
-5.10165
-5.10005
-5.09852
-5.09707
-5.09553
-5.09376
-5.09207
-5.09061
-5.08893
-5.08702
-5.08506
-5.08288
-5.08064
-5.07836
-5.07618
-5.0744
-5.07199
-5.0697
-5.06723
-5.06474
-5.06209
-5.05989
-5.05753
-5.05533
-5.05299
-5.05053
-5.04809
-5.04583
-5.04361
-5.0416
-5.03948
-5.03758
-5.03559
-5.03352
-5.03153
-5.02992
-5.02856
-5.02714
-5.02536
-5.02398
-5.02256
-5.0214
-5.0202
-5.01926
-5.01844
-5.01789
-5.0173
-5.01683
-5.01694
-5.01626
-5.0163
-5.01661
-5.01673
-5.01697
-5.01762
-5.01794
-5.01821
-5.01905
-5.01984
-5.02088
-5.02187
-5.02295
-5.02398
-5.02525
-5.02691
-5.02836
-5.03018
-5.03179
-5.03347
-5.03537
-5.03734
-5.03953
-5.04133
-5.04379
-5.04556
-5.04754
-5.04972
-5.0518
-5.05408
-5.05641
-5.05849
-5.0609
-5.06336
-5.06617
-5.06886
-5.07113
-5.07344
-5.07623
-5.07906
-5.08161
-5.08405
-5.08742
-5.09006
-5.09288
-5.09573
-5.09859
-5.10164
-5.10425
-5.10718
-5.10998
-5.11279
-5.11563
-5.11847
-5.12149
-5.12451
-5.1277
-5.13075
-5.13396
-5.13687
-5.13994
-5.14301
-5.14594
-5.14887
-5.15165
-5.15473
-5.1578
-5.16072
-5.16424
-5.16714
-5.17003
-5.17292
-5.17594
-5.1794
-5.18224
-5.18522
-5.18817
-5.1914
-5.19431
-5.19719
-5.19989
-5.20286
-5.20581
-5.20887
-5.21144
-5.21444
-5.21709
-5.22001
-5.22259
-5.22482
-5.22746
-5.22991
-5.23216
-5.23451
-5.23697
-5.23922
-5.24143
-5.24388
-5.24613
-5.24848
-5.25046
-5.25285
-5.25473
-5.25655
-5.25861
-5.26031
-5.2618
-5.26337
-5.26459
-5.26604
-5.26744
-5.26877
-5.27003
-5.27108
-5.27192
-5.27299
-5.27415
-5.27479
-5.27536
-5.27617
-5.27647
-5.27699
-5.27775
-5.27829
-5.27877
-5.27872
-5.27906
-5.27918
-5.27953
-5.27967
-5.27988
-5.27957
-5.27964
-5.2795
-5.27928
-5.27914
-5.27848
-5.2779
-5.2774
-5.27682
-5.27603
-5.275
-5.27436
-5.2732
-5.27241
-5.27125
-5.27017
-5.26917
-5.26794
-5.26649
-5.26512
-5.26398
-5.26201
-5.26042
-5.25876
-5.25703
-5.25508
-5.25336
-5.25157
-5.24971
-5.24779
-5.2458
-5.24344
-5.24116
-5.23852
-5.23627
-5.23365
-5.23128
-5.22869
-5.22605
-5.22305
-5.22029
-5.21718
-5.21462
-5.21187
-5.20861
-5.20546
-5.20241
-5.19933
-5.19651
-5.1935
-5.19016
-5.18679
-5.18338
-5.18011
-5.17681
-5.17364
-5.17046
-5.16711
-5.1636
-5.16023
-5.15686
-5.15364
-5.15027
-5.14736
-5.14431
-5.14067
-5.1378
-5.13419
-5.13091
-5.1278
-5.12427
-5.12062
-5.11747
-5.1145
-5.11158
-5.10855
-5.10557
-5.10265
-5.09978
-5.09711
-5.09436
-5.09152
-5.08859
-5.08572
-5.08353
-5.08127
-5.07907
-5.07664
-5.07429
-5.07217
-5.07027
-5.0683
-5.06655
-5.06443
-5.06269
-5.06087
-5.05944
-5.05792
-5.05633
-5.05451
-5.05336
-5.05229
-5.05128
-5.05034
-5.04932
-5.04851
-5.04792
-5.04724
-5.04631
-5.0459
-5.04524
-5.04449
-5.04394
-5.04344
-5.04299
-5.0426
-5.04225
-5.04165
-5.04156
-5.04105
-5.0409
-5.04079
-5.04073
-5.04102
-5.04136
-5.04159
-5.04157
-5.04174
-5.04227
-5.04239
-5.04302
-5.04339
-5.04351
-5.04414
-5.04497
-5.04571
-5.04681
-5.04721
-5.04812
-5.04924
-5.04982
-5.05077
-5.05177
-5.05284
-5.05428
-5.05549
-5.05675
-5.05794
-5.05919
-5.06066
-5.0622
-5.06365
-5.06502
-5.06706
-5.06872
-5.07074
-5.07282
-5.07467
-5.07687
-5.07898
-5.08115
-5.08382
-5.08609
-5.08826
-5.09077
-5.09318
-5.09607
-5.09914
-5.1018
-5.10402
-5.10641
-5.10882
-5.11109
-5.11351
-5.11654
-5.11896
-5.12166
-5.12405
-5.12612
-5.12876
-5.13183
-5.13424
-5.13662
-5.13879
-5.14121
-5.14357
-5.14556
-5.14748
-5.14932
-5.15123
-5.15305
-5.15494
-5.15673
-5.15857
-5.1597
-5.16103
-5.1621
-5.16321
-5.16435
-5.16508
-5.16599
-5.16647
-5.16699
-5.16723
-5.16735
-5.16781
-5.16769
-5.16745
-5.16725
-5.16693
-5.1671
-5.16656
-5.16607
-5.16548
-5.16464
-5.16387
-5.16315
-5.16221
-5.16105
-5.15983
-5.1584
-5.15722
-5.15554
-5.15414
-5.15271
-5.15142
-5.14997
-5.14837
-5.14754
-5.14613
-5.14474
-5.14399
-5.14223
-5.14112
-5.13993
-5.13864
-5.13759
-5.13661
-5.13541
-5.13476
-5.13451
-5.13375
-5.13324
-5.13269
-5.13239
-5.13206
-5.13198
-5.13172
-5.13217
-5.13243
-5.13295
-5.13343
-5.13417
-5.13455
-5.13535
-5.13609
-5.13693
-5.13831
-5.13964
-5.14044
-5.14193
-5.14349
-5.14483
-5.14638
-5.14814
-5.14982
-5.15139
-5.15301
-5.15512
-5.15697
-5.15869
-5.1606
-5.16283
-5.16476
-5.16671
-5.16881
-5.17061
-5.17225
-5.17418
-5.17609
-5.17783
-5.1803
-5.18213
-5.18392
-5.18567
-5.18722
-5.18887
-5.19062
-5.19231
-5.19409
-5.19549
-5.19683
-5.19809
-5.19943
-5.20053
-5.20155
-5.20264
-5.20349
-5.20425
-5.20492
-5.20595
-5.20629
-5.20637
-5.20667
-5.20717
-5.20727
-5.20727
-5.20688
-5.20669
-5.20625
-5.20587
-5.2054
-5.20498
-5.20432
-5.20342
-5.20258
-5.2015
-5.20034
-5.19939
-5.19822
-5.19711
-5.19577
-5.19451
-5.19318
-5.19148
-5.18986
-5.18818
-5.18643
-5.18478
-5.18308
-5.18148
-5.17923
-5.17738
-5.17534
-5.17327
-5.17116
-5.16963
-5.16761
-5.16543
-5.16322
-5.16115
-5.15906
-5.15697
-5.15533
-5.15308
-5.15084
-5.1486
-5.14638
-5.14417
-5.14212
-5.1401
-5.13811
-5.13599
-5.13391
-5.13155
-5.12955
-5.12758
-5.12581
-5.12378
-5.12181
-5.11989
-5.11818
-5.11653
-5.11449
-5.11296
-5.11151
-5.11011
-5.10879
-5.10754
-5.10652
-5.10512
-5.10409
-5.10299
-5.10242
-5.10147
-5.10091
-5.10012
-5.09986
-5.09938
-5.09897
-5.09864
-5.09824
-5.09791
-5.09766
-5.09778
-5.09752
-5.09794
-5.09797
-5.09837
-5.09883
-5.09905
-5.09963
-5.09967
-5.10051
-5.10126
-5.10205
-5.10274
-5.10332
-5.10409
-5.10505
-5.1059
-5.10677
-5.10767
-5.1089
-5.10969
-5.11021
-5.11119
-5.11203
-5.11288
-5.11419
-5.11551
-5.11652
-5.11768
-5.11869
-5.11953
-5.12037
-5.12179
-5.12274
-5.12383
-5.12459
-5.12548
-5.1268
-5.12718
-5.12799
-5.12876
-5.12965
-5.13051
-5.13103
-5.13151
-5.1321
-5.13265
-5.13316
-5.13347
-5.13404
-5.13442
-5.13475
-5.13504
-5.13528
-5.13517
-5.13547
-5.13587
-5.13562
-5.13563
-5.13574
-5.13595
-5.1352
-5.13532
-5.13508
-5.13465
-5.13431
-5.13363
-5.1332
-5.13287
-5.13218
-5.13159
-5.13111
-5.13057
-5.12968
-5.12859
-5.12774
-5.12669
-5.12558
-5.12457
-5.12366
-5.12208
-5.1209
-5.11967
-5.11852
-5.11717
-5.11561
-5.11369
-5.11217
-5.11028
-5.10849
-5.10665
-5.10504
-5.10324
-5.10153
-5.09961
-5.09749
-5.09562
-5.09371
-5.09175
-5.08944
-5.08679
-5.08455
-5.08228
-5.08043
-5.07825
-5.07604
-5.07352
-5.07082
-5.06842
-5.06585
-5.06344
-5.06058
-5.05788
-5.05564
-5.05297
-5.05078
-5.04817
-5.04589
-5.04381
-5.04147
-5.03949
-5.03697
-5.03481
-5.03318
-5.03162
-5.03015
-5.02831
-5.02671
-5.02506
-5.02351
-5.02207
-5.02089
-5.01968
-5.01858
-5.01775
-5.01674
-5.01601
-5.01571
-5.01539
-5.01505
-5.01514
-5.01537
-5.01558
-5.01562
-5.0161
-5.01671
-5.0176
-5.01848
-5.01918
-5.02062
-5.02203
-5.02357
-5.02538
-5.02716
-5.0289
-5.03076
-5.03273
-5.03496
-5.03714
-5.03928
-5.04181
-5.04429
-5.04685
-5.04966
-5.05239
-5.05521
-5.0581
-5.06076
-5.06364
-5.06627
-5.06912
-5.07233
-5.07543
-5.07858
-5.08177
-5.08515
-5.08871
-5.09215
-5.09562
-5.0991
-5.10305
-5.10641
-5.10978
-5.11346
-5.11698
-5.12035
-5.12356
-5.12691
-5.13039
-5.13401
-5.13716
-5.14043
-5.14382
-5.14688
-5.15021
-5.15365
-5.15661
-5.15982
-5.16239
-5.16568
-5.16891
-5.17195
-5.1754
-5.17864
-5.18153
-5.18453
-5.18732
-5.19006
-5.19305
-5.19568
-5.19827
-5.2008
-5.20298
-5.20542
-5.2075
-5.20998
-5.21212
-5.2145
-5.21655
-5.21869
-5.2208
-5.22316
-5.22518
-5.22717
-5.22896
-5.23086
-5.23258
-5.23426
-5.23607
-5.23769
-5.23973
-5.24144
-5.24297
-5.24478
-5.24641
-5.24771
-5.2493
-5.25101
-5.25269
-5.25421
-5.25601
-5.25718
-5.25863
-5.26021
-5.26163
-5.26317
-5.26455
-5.26605
-5.26723
-5.26854
-5.26968
-5.27049
-5.27188
-5.27325
-5.27429
-5.2759
-5.27704
-5.27814
-5.27922
-5.28026
-5.28112
-5.28209
-5.28302
-5.28391
-5.28506
-5.28587
-5.28632
-5.28749
-5.28816
-5.28892
-5.28963
-5.29013
-5.29043
-5.29082
-5.2913
-5.29157
-5.29192
-5.29175
-5.29182
-5.29167
-5.2913
-5.29115
-5.29079
-5.29065
-5.28983
-5.28924
-5.28842
-5.28797
-5.28669
-5.28609
-5.28525
-5.28433
-5.28318
-5.2821
-5.28093
-5.27938
-5.27775
-5.27604
-5.2747
-5.27359
-5.27178
-5.2699
-5.26794
-5.26606
-5.26364
-5.26175
-5.25994
-5.25761
-5.2555
-5.25332
-5.25078
-5.24846
-5.24593
-5.24319
-5.24069
-5.23797
-5.23519
-5.23282
-5.22963
-5.22684
-5.22431
-5.22097
-5.21804
-5.21492
-5.21205
-5.209
-5.20575
-5.20263
-5.19947
-5.19627
-5.19306
-5.18951
-5.18624
-5.18295
-5.17979
-5.17646
-5.17296
-5.16946
-5.16624
-5.16287
-5.15888
-5.15504
-5.15151
-5.14782
-5.14444
-5.14091
-5.13769
-5.13358
-5.12993
-5.12629
-5.12282
-5.11952
-5.11609
-5.11284
-5.10961
-5.1064
-5.10353
-5.10024
-5.09743
-5.09406
-5.09072
-5.08757
-5.08432
-5.08126
-5.07825
-5.07514
-5.07223
-5.06922
-5.06657
-5.06413
-5.06129
-5.05867
-5.0561
-5.05361
-5.05148
-5.04911
-5.04667
-5.04475
-5.0426
-5.04067
-5.03867
-5.03644
-5.0346
-5.03282
-5.03113
-5.02982
-5.02828
-5.02697
-5.02544
-5.02414
-5.02277
-5.02162
-5.0204
-5.01911
-5.01805
-5.01721
-5.01644
-5.0156
-5.01498
-5.01443
-5.01409
-5.01368
-5.01332
-5.01303
-5.0131
-5.01308
-5.01312
-5.01306
-5.0132
-5.01324
-5.01348
-5.01362
-5.01365
-5.01402
-5.01458
-5.01473
-5.01506
-5.01557
-5.01596
-5.01639
-5.01684
-5.01731
-5.01751
-5.01773
-5.01872
-5.01928
-5.01956
-5.01985
-5.02031
-5.02124
-5.02188
-5.02283
-5.0235
-5.02403
-5.02502
-5.02572
-5.02628
-5.027
-5.02728
-5.02802
-5.02862
-5.02923
-5.03001
-5.03065
-5.0313
-5.03256
-5.03324
-5.03378
-5.03464
-5.03551
-5.0364
-5.03685
-5.03763
-5.03843
-5.0394
-5.04039
-5.04156
-5.0429
-5.04336
-5.04445
-5.04602
-5.04686
-5.04774
-5.04909
-5.05062
-5.05173
-5.05287
-5.05418
-5.05583
-5.0569
-5.05845
-5.05958
-5.06119
-5.06266
-5.06417
-5.06599
-5.06784
-5.06971
-5.07129
-5.07319
-5.07479
-5.07656
-5.07789
-5.07936
-5.081
-5.08278
-5.0838
-5.08512
-5.08657
-5.08756
-5.08899
-5.09039
-5.09208
-5.09373
-5.09505
-5.09634
-5.09759
-5.09894
-5.10025
-5.10167
-5.10288
-5.10404
-5.10498
-5.10572
-5.1067
-5.10746
-5.10861
-5.10923
-5.10993
-5.11071
-5.11126
-5.11159
-5.11168
-5.112
-5.11238
-5.11253
-5.1129
-5.11289
-5.11279
-5.11275
-5.11233
-5.11198
-5.11139
-5.11056
-5.10965
-5.10897
-5.1085
-5.10765
-5.10702
-5.10601
-5.10507
-5.10376
-5.10253
-5.10108
-5.0997
-5.09811
-5.09661
-5.09474
-5.09327
-5.09189
-5.08986
-5.08808
-5.08625
-5.08467
-5.08306
-5.08126
-5.07928
-5.07726
-5.07522
-5.07376
-5.07168
-5.06957
-5.06731
-5.06503
-5.0623
-5.06032
-5.05849
-5.05652
-5.05395
-5.05168
-5.04974
-5.04721
-5.04499
-5.0425
-5.04033
-5.03833
-5.03637
-5.03458
-5.03266
-5.03093
-5.02908
-5.02726
-5.02578
-5.02387
-5.0223
-5.02031
-5.01865
-5.01687
-5.01558
-5.01431
-5.01278
-5.01081
-5.00948
-5.00802
-5.00644
-5.00518
-5.00364
-5.00197
-5.00062
-4.99898
-4.99767
-4.99636
-4.99492
-4.99395
-4.99269
-4.99068
-4.98928
-4.98819
-4.98711
-4.98619
-4.98498
-4.98376
-4.98271
-4.98151
-4.98046
-4.97928
-4.97794
-4.97677
-4.97514
-4.97414
-4.97299
-4.97185
-4.97072
-4.96946
-4.96821
-4.96698
-4.96592
-4.96488
-4.96401
-4.96242
-4.96145
-4.96052
-4.95947
-4.95861
-4.95794
-4.95747
-4.95673
-4.9559
-4.95542
-4.95514
-4.95448
-4.95372
-4.95318
-4.95301
-4.95276
-4.95244
-4.95204
-4.95218
-4.95225
-4.95256
-4.9528
-4.95314
-4.95372
-4.95454
-4.95516
-4.95602
-4.95683
-4.95774
-4.95875
-4.95985
-4.96136
-4.96281
-4.96436
-4.96601
-4.96775
-4.96943
-4.97135
-4.97336
-4.97561
-4.9778
-4.97976
-4.9818
-4.98392
-4.98641
-4.98851
-4.99053
-4.99291
-4.99549
-4.99813
-5.00067
-5.00325
-5.00572
-5.00853
-5.01122
-5.0144
-5.01729
-5.02051
-5.02329
-5.02623
-5.02888
-5.03214
-5.03525
-5.0382
-5.04145
-5.04409
-5.04747
-5.05054
-5.05313
-5.05584
-5.05899
-5.06226
-5.0649
-5.0675
-5.07036
-5.07319
-5.07582
-5.07826
-5.08111
-5.08345
-5.08604
-5.08828
-5.09107
-5.0935
-5.09572
-5.09802
-5.10026
-5.10229
-5.10394
-5.10583
-5.1075
-5.10924
-5.11106
-5.11266
-5.11402
-5.11561
-5.11712
-5.11824
-5.11958
-5.12069
-5.12186
-5.12279
-5.12394
-5.1247
-5.12537
-5.12595
-5.12645
-5.12671
-5.12702
-5.12741
-5.12755
-5.12761
-5.12773
-5.12777
-5.12772
-5.1276
-5.12754
-5.12725
-5.12659
-5.12615
-5.12579
-5.12506
-5.12396
-5.1228
-5.12187
-5.12089
-5.1203
-5.11921
-5.11836
-5.11717
-5.11579
-5.11452
-5.11306
-5.11172
-5.11005
-5.10865
-5.10754
-5.10626
-5.10466
-5.10275
-5.10159
-5.09983
-5.09821
-5.0969
-5.0953
-5.09356
-5.09228
-5.09087
-5.08903
-5.08766
-5.08632
-5.08515
-5.08402
-5.08277
-5.08125
-5.07992
-5.07893
-5.07767
-5.07646
-5.07545
-5.07462
-5.07369
-5.0728
-5.07195
-5.07099
-5.07023
-5.06951
-5.06869
-5.0679
-5.06761
-5.0669
-5.06638
-5.0662
-5.0659
-5.06594
-5.06556
-5.0652
-5.06517
-5.06487
-5.06443
-5.06417
-5.06392
-5.06354
-5.06332
-5.06327
-5.06292
-5.06257
-5.06237
-5.06172
-5.06122
-5.06087
-5.06066
-5.06104
-5.06081
-5.06071
-5.06014
-5.05986
-5.05986
-5.05953
-5.05949
-5.05927
-5.05856
-5.05798
-5.05798
-5.05764
-5.05712
-5.05672
-5.05613
-5.05596
-5.05516
-5.05417
-5.0533
-5.05239
-5.0516
-5.05108
-5.05037
-5.04948
-5.0484
-5.04774
-5.04689
-5.04571
-5.04465
-5.04371
-5.04258
-5.04127
-5.04008
-5.03901
-5.03761
-5.03633
-5.03502
-5.03383
-5.03202
-5.03093
-5.02966
-5.02822
-5.02675
-5.02541
-5.02389
-5.02219
-5.02063
-5.01919
-5.01742
-5.01593
-5.01427
-5.01274
-5.01104
-5.00961
-5.00817
-5.0061
-5.00431
-5.0025
-5.00068
-4.99884
-4.99698
-4.99526
-4.99352
-4.99162
-4.98925
-4.98733
-4.98524
-4.9833
-4.98135
-4.9791
-4.9776
-4.97549
-4.97354
-4.97175
-4.96997
-4.96774
-4.96583
-4.96424
-4.96253
-4.96098
-4.95901
-4.95708
-4.95533
-4.95348
-4.95182
-4.95006
-4.9482
-4.947
-4.94557
-4.94405
-4.94275
-4.94168
-4.94039
-4.93949
-4.93852
-4.93734
-4.93656
-4.93573
-4.93516
-4.93469
-4.93402
-4.93362
-4.93363
-4.93361
-4.93355
-4.93375
-4.93408
-4.93437
-4.93493
-4.9359
-4.93714
-4.9379
-4.93906
-4.94018
-4.94156
-4.94319
-4.94477
-4.94615
-4.94776
-4.94946
-4.95124
-4.9531
-4.95502
-4.95687
-4.95892
-4.96118
-4.96334
-4.9657
-4.96839
-4.97021
-4.97237
-4.97454
-4.97674
-4.97924
-4.98146
-4.98398
-4.98649
-4.98855
-4.9906
-4.99263
-4.99496
-4.99726
-4.99954
-5.00194
-5.00372
-5.00591
-5.00838
-5.00976
-5.01185
-5.01421
-5.01594
-5.01777
-5.01957
-5.02133
-5.0235
-5.02549
-5.02729
-5.02875
-5.03048
-5.03232
-5.03413
-5.03576
-5.03736
-5.03862
-5.04031
-5.04183
-5.04332
-5.04434
-5.04578
-5.04706
-5.04832
-5.04972
-5.0511
-5.05202
-5.05308
-5.05474
-5.05594
-5.05743
-5.05862
-5.05965
-5.06084
-5.06202
-5.06336
-5.06424
-5.06558
-5.06677
-5.06826
-5.06961
-5.07112
-5.07217
-5.07369
-5.07475
-5.07612
-5.07749
-5.07871
-5.08009
-5.08132
-5.0827
-5.08423
-5.08545
-5.08683
-5.08865
-5.08986
-5.09107
-5.09258
-5.09377
-5.0951
-5.09672
-5.09803
-5.09918
-5.10061
-5.10187
-5.10341
-5.10494
-5.10613
-5.10716
-5.10831
-5.10928
-5.11067
-5.11159
-5.11233
-5.11348
-5.11446
-5.1154
-5.11631
-5.11734
-5.11803
-5.11869
-5.11976
-5.1205
-5.1215
-5.12231
-5.12309
-5.12352
-5.12392
-5.12429
-5.12491
-5.1255
-5.12591
-5.12612
-5.12615
-5.12644
-5.12685
-5.12707
-5.12681
-5.12666
-5.12708
-5.12717
-5.12723
-5.12726
-5.12665
-5.12662
-5.12641
-5.12617
-5.1259
-5.12576
-5.1256
-5.12587
-5.12566
-5.12528
-5.12548
-5.12521
-5.12522
-5.12475
-5.12458
-5.12423
-5.12372
-5.12334
-5.1231
-5.12284
-5.12227
-5.12199
-5.12169
-5.12139
-5.12077
-5.11999
-5.11966
-5.11901
-5.11851
-5.11785
-5.11733
-5.1168
-5.11611
-5.11542
-5.11502
-5.11461
-5.11359
-5.11301
-5.11243
-5.11199
-5.11154
-5.11079
-5.11002
-5.10939
-5.10845
-5.10795
-5.10745
-5.10678
-5.1058
-5.10525
-5.1044
-5.10368
-5.10309
-5.10234
-5.10187
-5.10124
-5.10044
-5.09962
-5.09893
-5.09838
-5.09781
-5.09721
-5.09615
-5.09491
-5.09395
-5.09313
-5.09243
-5.09126
-5.08992
-5.08916
-5.08793
-5.08683
-5.08541
-5.08442
-5.08327
-5.08194
-5.08075
-5.07954
-5.07862
-5.07754
-5.07629
-5.07504
-5.07377
-5.0728
-5.07153
-5.07025
-5.06927
-5.06784
-5.06641
-5.06515
-5.06373
-5.06248
-5.0614
-5.06017
-5.05867
-5.05763
-5.05647
-5.05503
-5.05408
-5.05285
-5.05181
-5.05095
-5.04983
-5.0483
-5.04727
-5.04643
-5.04564
-5.04491
-5.04438
-5.0439
-5.04363
-5.04327
-5.04266
-5.04227
-5.04165
-5.04154
-5.04134
-5.04122
-5.04116
-5.04087
-5.0411
-5.0414
-5.04132
-5.04116
-5.04138
-5.04181
-5.04262
-5.04349
-5.04413
-5.04499
-5.04562
-5.04645
-5.04736
-5.04847
-5.04934
-5.05041
-5.05139
-5.05257
-5.05396
-5.05539
-5.05687
-5.05808
-5.05949
-5.06108
-5.06285
-5.0642
-5.06573
-5.06758
-5.0693
-5.07088
-5.07262
-5.07452
-5.07597
-5.07741
-5.07886
-5.08059
-5.08186
-5.08342
-5.08495
-5.08676
-5.08824
-5.08953
-5.09048
-5.0917
-5.09272
-5.09369
-5.0949
-5.09622
-5.09762
-5.09881
-5.09962
-5.10052
-5.10164
-5.10207
-5.10273
-5.1033
-5.10423
-5.10462
-5.10507
-5.10511
-5.10521
-5.1052
-5.10509
-5.10472
-5.10469
-5.10425
-5.1037
-5.10303
-5.10225
-5.10135
-5.10064
-5.0995
-5.0981
-5.09658
-5.09509
-5.09348
-5.0916
-5.0893
-5.08705
-5.08497
-5.08279
-5.0805
-5.0781
-5.0759
-5.07345
-5.07059
-5.06779
-5.0649
-5.06192
-5.05902
-5.05558
-5.05237
-5.0491
-5.04546
-5.04177
-5.03819
-5.03471
-5.03104
-5.02765
-5.02423
-5.0205
-5.01721
-5.01346
-5.01002
-5.00629
-5.00273
-4.99904
-4.99554
-4.99237
-4.9891
-4.98543
-4.98196
-4.9784
-4.97537
-4.9721
-4.96921
-4.96609
-4.96337
-4.96057
-4.95802
-4.95541
-4.9529
-4.95063
-4.94831
-4.94624
-4.94397
-4.94225
-4.94047
-4.9385
-4.93662
-4.93499
-4.93375
-4.93216
-4.93081
-4.92956
-4.92839
-4.9276
-4.92645
-4.92553
-4.92439
-4.92362
-4.92293
-4.9223
-4.92175
-4.9211
-4.92067
-4.9203
-4.91969
-4.91943
-4.91907
-4.91937
-4.91927
-4.91921
-4.91935
-4.91984
-4.92006
-4.92033
-4.92033
-4.92053
-4.92076
-4.92134
-4.9215
-4.92169
-4.92223
-4.92249
-4.9228
-4.92344
-4.92397
-4.92453
-4.92543
-4.92607
-4.92675
-4.92777
-4.92852
-4.92887
-4.9297
-4.93058
-4.9315
-4.93261
-4.93377
-4.93466
-4.93606
-4.93765
-4.93884
-4.94037
-4.9415
-4.94283
-4.9442
-4.94547
-4.94709
-4.94876
-4.95018
-4.9521
-4.95377
-4.95504
-4.9568
-4.95847
-4.96018
-4.96224
-4.9642
-4.96635
-4.9684
-4.9705
-4.97279
-4.97511
-4.97703
-4.97929
-4.98159
-4.98377
-4.9863
-4.98855
-4.99083
-4.9933
-4.9958
-4.99832
-5.00086
-5.00343
-5.00602
-5.00863
-5.01141
-5.0142
-5.01654
-5.01921
-5.02203
-5.02486
-5.02739
-5.02992
-5.03261
-5.03514
-5.03798
-5.04096
-5.04408
-5.04674
-5.04954
-5.05233
-5.05495
-5.05741
-5.06
-5.06257
-5.06512
-5.06779
-5.0703
-5.07263
-5.07553
-5.07811
-5.08035
-5.08287
-5.08536
-5.08751
-5.08992
-5.09246
-5.09465
-5.0968
-5.09906
-5.10159
-5.10361
-5.10559
-5.10752
-5.10955
-5.11154
-5.11346
-5.11504
-5.1164
-5.11801
-5.11986
-5.12104
-5.12246
-5.12381
-5.12509
-5.1263
-5.12759
-5.12864
-5.12962
-5.13036
-5.13087
-5.13159
-5.13208
-5.13262
-5.13338
-5.13404
-5.13415
-5.13401
-5.13392
-5.13388
-5.13404
-5.13379
-5.13359
-5.13313
-5.13257
-5.1319
-5.13127
-5.13009
-5.12895
-5.12786
-5.12682
-5.12507
-5.12352
-5.12202
-5.12057
-5.11903
-5.11724
-5.11567
-5.11355
-5.1115
-5.10952
-5.10702
-5.10489
-5.10239
-5.10059
-5.09827
-5.09575
-5.09318
-5.09041
-5.08792
-5.08508
-5.08238
-5.07935
-5.07661
-5.07402
-5.07097
-5.06808
-5.06551
-5.06295
-5.06042
-5.05777
-5.05501
-5.05244
-5.04993
-5.04762
-5.04553
-5.04321
-5.04051
-5.03819
-5.03626
-5.03458
-5.03254
-5.0306
-5.02892
-5.0272
-5.02544
-5.02456
-5.02334
-5.02225
-5.02143
-5.02074
-5.02003
-5.01976
-5.01917
-5.01886
-5.01884
-5.0188
-5.0189
-5.01929
-5.01966
-5.02047
-5.02096
-5.02189
-5.02264
-5.02383
-5.02484
-5.02628
-5.02769
-5.02937
-5.03087
-5.03264
-5.03451
-5.03635
-5.03859
-5.04079
-5.04293
-5.04532
-5.0478
-5.05036
-5.05347
-5.05604
-5.05869
-5.06141
-5.0642
-5.06705
-5.0704
-5.07366
-5.07666
-5.07955
-5.08263
-5.08575
-5.08949
-5.09281
-5.09599
-5.09919
-5.10224
-5.10575
-5.10896
-5.11201
-5.11565
-5.11912
-5.12227
-5.12585
-5.12925
-5.13231
-5.13518
-5.13846
-5.14169
-5.14457
-5.14739
-5.1503
-5.15345
-5.15607
-5.15832
-5.1608
-5.1632
-5.16551
-5.16774
-5.16988
-5.17192
-5.17387
-5.17618
-5.17794
-5.17974
-5.18175
-5.18305
-5.18424
-5.18563
-5.18705
-5.18822
-5.18928
-5.19023
-5.19091
-5.19179
-5.19241
-5.19292
-5.19316
-5.19315
-5.19348
-5.1937
-5.19337
-5.19323
-5.19299
-5.19265
-5.19237
-5.19183
-5.1915
-5.19092
-5.18996
-5.1892
-5.18806
-5.18699
-5.18599
-5.18475
-5.18375
-5.18238
-5.18094
-5.17973
-5.17816
-5.17669
-5.17516
-5.17343
-5.17165
-5.16922
-5.16751
-5.16547
-5.16339
-5.16143
-5.15944
-5.15774
-5.15512
-5.15309
-5.15075
-5.14886
-5.14697
-5.14493
-5.14275
-5.14043
-5.13828
-5.13645
-5.13435
-5.13197
-5.13008
-5.12808
-5.12672
-5.12481
-5.1234
-5.1219
-5.12045
-5.11937
-5.11804
-5.11649
-5.115
-5.11374
-5.11285
-5.11159
-5.11087
-5.11022
-5.10951
-5.10873
-5.10804
-5.10728
-5.10677
-5.10649
-5.10629
-5.10589
-5.10556
-5.10563
-5.10592
-5.106
-5.10616
-5.10655
-5.10701
-5.10724
-5.10769
-5.10821
-5.10863
-5.10942
-5.11041
-5.11115
-5.11179
-5.11277
-5.11363
-5.11408
-5.11501
-5.11611
-5.11709
-5.11823
-5.11938
-5.12039
-5.1214
-5.12241
-5.12311
-5.12396
-5.1251
-5.12608
-5.12673
-5.12767
-5.12858
-5.12962
-5.13078
-5.13177
-5.13256
-5.13378
-5.13452
-5.13536
-5.13603
-5.13681
-5.13816
-5.13857
-5.1394
-5.14004
-5.14035
-5.14064
-5.14104
-5.14142
-5.14177
-5.14209
-5.1424
-5.14284
-5.14326
-5.14352
-5.14332
-5.14356
-5.14394
-5.14463
-5.14456
-5.14495
-5.14534
-5.14559
-5.14585
-5.14612
-5.1464
-5.14685
-5.14747
-5.14781
-5.14801
-5.14839
-5.14863
-5.14904
-5.14963
-5.15009
-5.15071
-5.15136
-5.15172
-5.15209
-5.15263
-5.15333
-5.15404
-5.15461
-5.15517
-5.15574
-5.15646
-5.15702
-5.15741
-5.1578
-5.15831
-5.15865
-5.15912
-5.15926
-5.15966
-5.15972
-5.16005
-5.16017
-5.16025
-5.16012
-5.16038
-5.16044
-5.16043
-5.16035
-5.16035
-5.15998
-5.15968
-5.15945
-5.15854
-5.15815
-5.15768
-5.15696
-5.15632
-5.15558
-5.15475
-5.15384
-5.15298
-5.15204
-5.1504
-5.14897
-5.14761
-5.14586
-5.14387
-5.14209
-5.14023
-5.13829
-5.13612
-5.13372
-5.1317
-5.12961
-5.12715
-5.12493
-5.12249
-5.11999
-5.11744
-5.11483
-5.11218
-5.10919
-5.10631
-5.10354
-5.1006
-5.09823
-5.09524
-5.09209
-5.08923
-5.08636
-5.0841
-5.08064
-5.07764
-5.07496
-5.0717
-5.06876
-5.06601
-5.06329
-5.06047
-5.0583
-5.05572
-5.05336
-5.05105
-5.04881
-5.04649
-5.04425
-5.04178
-5.03955
-5.03756
-5.03566
-5.03385
-5.03245
-5.03084
-5.02904
-5.02764
-5.02635
-5.02502
-5.0235
-5.02301
-5.02217
-5.0213
-5.02085
-5.02037
-5.02015
-5.0202
-5.01992
-5.02005
-5.02
-5.02021
-5.02068
-5.02081
-5.02135
-5.022
-5.0226
-5.02345
-5.02501
-5.0259
-5.02689
-5.02797
-5.02928
-5.03068
-5.03215
-5.03385
-5.03532
-5.03716
-5.03875
-5.04102
-5.04288
-5.0448
-5.04691
-5.04891
-5.0508
-5.05318
-5.05544
-5.05743
-5.05989
-5.06191
-5.06425
-5.06645
-5.06865
-5.07116
-5.07321
-5.07526
-5.0776
-5.07993
-5.08239
-5.08483
-5.08679
-5.08873
-5.09078
-5.0928
-5.09479
-5.09673
-5.09878
-5.10048
-5.10228
-5.10373
-5.10527
-5.10691
-5.10849
-5.1103
-5.1116
-5.11298
-5.1146
-5.1163
-5.11762
-5.11886
-5.11988
-5.12082
-5.12169
-5.12247
-5.12287
-5.12319
-5.12387
-5.12418
-5.12455
-5.12513
-5.12533
-5.12515
-5.12473
-5.12483
-5.125
-5.12494
-5.12449
-5.12397
-5.12381
-5.12328
-5.12283
-5.1226
-5.12184
-5.12086
-5.11967
-5.1187
-5.11783
-5.11689
-5.11574
-5.11469
-5.11389
-5.11258
-5.11122
-5.10952
-5.10778
-5.10646
-5.10525
-5.10356
-5.10185
-5.10042
-5.09882
-5.0972
-5.09573
-5.0941
-5.09232
-5.09024
-5.08861
-5.08716
-5.08526
-5.08369
-5.08213
-5.08091
-5.07942
-5.07781
-5.0764
-5.07502
-5.07355
-5.07227
-5.07105
-5.06988
-5.06878
-5.06743
-5.06631
-5.0654
-5.06456
-5.0638
-5.06327
-5.06296
-5.06228
-5.06214
-5.06178
-5.0615
-5.06131
-5.0612
-5.06088
-5.06095
-5.06141
-5.06181
-5.06214
-5.06226
-5.06262
-5.06291
-5.06374
-5.06436
-5.06521
-5.06599
-5.06686
-5.06765
-5.06883
-5.06993
-5.07125
-5.0728
-5.07427
-5.0758
-5.0774
-5.07891
-5.08048
-5.08226
-5.08379
-5.08598
-5.08777
-5.09005
-5.09177
-5.09354
-5.09595
-5.09808
-5.10041
-5.10306
-5.10528
-5.10753
-5.10964
-5.11238
-5.11438
-5.11684
-5.119
-5.12117
-5.12334
-5.12521
-5.12753
-5.12984
-5.13213
-5.13427
-5.13654
-5.13864
-5.14087
-5.14323
-5.14511
-5.14726
-5.14938
-5.15146
-5.15336
-5.15537
-5.15704
-5.15896
-5.16069
-5.16237
-5.164
-5.16558
-5.16725
-5.16902
-5.17073
-5.17299
-5.17412
-5.17519
-5.1765
-5.1779
-5.17892
-5.18002
-5.1809
-5.182
-5.18304
-5.18369
-5.18442
-5.18491
-5.18548
-5.18597
-5.18608
-5.18626
-5.18665
-5.18696
-5.18704
-5.18733
-5.18724
-5.18706
-5.1868
-5.1863
-5.18617
-5.1855
-5.18489
-5.18435
-5.18388
-5.18302
-5.18193
-5.1806
-5.17979
-5.1786
-5.17763
-5.17598
-5.17455
-5.17275
-5.17101
-5.16921
-5.16717
-5.16537
-5.1632
-5.1611
-5.15954
-5.15731
-5.15562
-5.15342
-5.151
-5.14883
-5.14645
-5.14401
-5.14167
-5.13942
-5.13667
-5.13388
-5.13118
-5.1286
-5.12551
-5.12254
-5.11968
-5.11678
-5.11384
-5.11057
-5.10772
-5.10469
-5.10148
-5.09854
-5.09528
-5.0923
-5.08915
-5.08598
-5.08294
-5.07974
-5.07653
-5.07346
-5.07008
-5.0667
-5.06361
-5.06038
-5.05669
-5.05362
-5.0507
-5.0475
-5.04445
-5.04112
-5.03796
-5.03498
-5.03186
-5.02908
-5.02603
-5.02285
-5.01987
-5.01707
-5.01416
-5.01145
-5.00864
-5.00587
-5.00331
-5.00066
-4.99791
-4.99522
-4.9929
-4.99065
-4.98816
-4.98544
-4.9831
-4.98083
-4.9791
-4.97699
-4.97512
-4.97348
-4.97177
-4.97015
-4.96846
-4.96701
-4.9658
-4.96468
-4.96349
-4.96209
-4.96108
-4.96016
-4.95931
-4.95826
-4.95758
-4.9573
-4.95679
-4.95651
-4.95615
-4.95602
-4.95581
-4.95567
-4.95574
-4.95588
-4.95608
-4.95618
-4.95619
-4.9564
-4.95651
-4.95636
-4.95685
-4.95724
-4.9575
-4.95795
-4.95828
-4.95878
-4.9593
-4.95969
-4.9604
-4.96098
-4.96171
-4.96215
-4.9626
-4.9632
-4.9641
-4.96485
-4.96545
-4.9662
-4.96664
-4.96707
-4.9681
-4.96867
-4.96953
-4.96993
-4.97061
-4.97099
-4.97151
-4.97231
-4.97296
-4.9736
-4.97407
-4.97439
-4.97484
-4.9756
-4.97589
-4.97648
-4.97753
-4.97781
-4.97855
-4.97899
-4.97943
-4.98002
-4.98047
-4.98078
-4.9811
-4.98173
-4.98253
-4.9832
-4.98388
-4.98428
-4.985
-4.9856
-4.98637
-4.98671
-4.98739
-4.9881
-4.98869
-4.98946
-4.99041
-4.99079
-4.99121
-4.99196
-4.99244
-4.99341
-4.99442
-4.99515
-4.99682
-4.99792
-4.99935
-5.00065
-5.00228
-5.00348
-5.00486
-5.00609
-5.00719
-5.00846
-5.01003
-5.01115
-5.01243
-5.01401
-5.01468
-5.01594
-5.0172
-5.01844
-5.01966
-5.0204
-5.02112
-5.02242
-5.02339
-5.02479
-5.02569
-5.02717
-5.028
-5.02895
-5.03017
-5.03089
-5.03172
-5.03252
-5.03358
-5.03416
-5.03455
-5.0352
-5.03598
-5.03658
-5.03715
-5.0377
-5.03823
-5.03874
-5.03894
-5.03943
-5.03932
-5.03966
-5.0403
-5.04081
-5.04102
-5.04171
-5.04227
-5.0427
-5.04332
-5.04398
-5.04453
-5.04542
-5.04621
-5.04721
-5.04871
-5.04982
-5.05085
-5.05193
-5.05309
-5.05431
-5.05561
-5.05697
-5.05841
-5.05992
-5.06135
-5.063
-5.06488
-5.06622
-5.06778
-5.06986
-5.07185
-5.07374
-5.0754
-5.07786
-5.08037
-5.08248
-5.08492
-5.08741
-5.08977
-5.09186
-5.09427
-5.09701
-5.09945
-5.1022
-5.10449
-5.10724
-5.10997
-5.11209
-5.11463
-5.1173
-5.11979
-5.12209
-5.12419
-5.1264
-5.12855
-5.13079
-5.13282
-5.13478
-5.13637
-5.13818
-5.14006
-5.14201
-5.14357
-5.14473
-5.14625
-5.14752
-5.14898
-5.15004
-5.151
-5.15199
-5.15257
-5.15303
-5.15382
-5.1542
-5.154
-5.15444
-5.15415
-5.15404
-5.15365
-5.15329
-5.15296
-5.1525
-5.15177
-5.15091
-5.15008
-5.14868
-5.14746
-5.14626
-5.1448
-5.14337
-5.14199
-5.14034
-5.13828
-5.13641
-5.13445
-5.13148
-5.12901
-5.12676
-5.12442
-5.12185
-5.1189
-5.11602
-5.11323
-5.11037
-5.1073
-5.10419
-5.10133
-5.09843
-5.0955
-5.09254
-5.08895
-5.08581
-5.08236
-5.07937
-5.07623
-5.07311
-5.07001
-5.06679
-5.06391
-5.06078
-5.0577
-5.05453
-5.05219
-5.04931
-5.04667
-5.04412
-5.04167
-5.03932
-5.03692
-5.03464
-5.03263
-5.0309
-5.02884
-5.02737
-5.02559
-5.02395
-5.02306
-5.02216
-5.02173
-5.02084
-5.0201
-5.01983
-5.01941
-5.0196
-5.01965
-5.02001
-5.02022
-5.02119
-5.02186
-5.02299
-5.02396
-5.02508
-5.02619
-5.02759
-5.02928
-5.03095
-5.0332
-5.03526
-5.0373
-5.03945
-5.04155
-5.04376
-5.04622
-5.04876
-5.05185
-5.05456
-5.05735
-5.06021
-5.06312
-5.0661
-5.06943
-5.07235
-5.07531
-5.07815
-5.08117
-5.08437
-5.08744
-5.09037
-5.09345
-5.09685
-5.10009
-5.10333
-5.10656
-5.10977
-5.11252
-5.11569
-5.11869
-5.12212
-5.12536
-5.12812
-5.13114
-5.13412
-5.13706
-5.14011
-5.14326
-5.14605
-5.14926
-5.15165
-5.15414
-5.15673
-5.15911
-5.16143
-5.16385
-5.16605
-5.1685
-5.1712
-5.17323
-5.1749
-5.17697
-5.17898
-5.18108
-5.18283
-5.18466
-5.18675
-5.18833
-5.19
-5.19133
-5.1929
-5.19412
-5.19545
-5.19718
-5.19857
-5.20006
-5.20151
-5.20292
-5.20384
-5.20517
-5.20647
-5.20758
-5.20866
-5.2097
-5.21042
-5.2114
-5.21236
-5.21313
-5.21388
-5.21476
-5.21546
-5.21614
-5.21679
-5.21758
-5.21804
-5.21832
-5.21934
-5.22003
-5.22086
-5.22151
-5.22198
-5.22259
-5.22317
-5.22387
-5.22425
-5.22476
-5.22524
-5.22554
-5.22581
-5.22605
-5.22656
-5.22689
-5.22718
-5.22713
-5.2272
-5.22754
-5.22814
-5.22869
-5.2289
-5.22892
-5.22889
-5.22881
-5.22884
-5.22821
-5.22783
-5.2277
-5.22752
-5.22712
-5.22713
-5.22632
-5.22575
-5.22512
-5.22428
-5.22367
-5.223
-5.22211
-5.22101
-5.22013
-5.21904
-5.21788
-5.21664
-5.21533
-5.21394
-5.21249
-5.21095
-5.20934
-5.20765
-5.20558
-5.20359
-5.20151
-5.19951
-5.19742
-5.19541
-5.19286
-5.19023
-5.18781
-5.18531
-5.18273
-5.17992
-5.17717
-5.17418
-5.17127
-5.16811
-5.16548
-5.16201
-5.15876
-5.15543
-5.15217
-5.14852
-5.14525
-5.14175
-5.13832
-5.13437
-5.13049
-5.12669
-5.12221
-5.11828
-5.11427
-5.11036
-5.10608
-5.10189
-5.09735
-5.09351
-5.08902
-5.08449
-5.08006
-5.0753
-5.07036
-5.06568
-5.06099
-5.05657
-5.05199
-5.0471
-5.04205
-5.03746
-5.03272
-5.02784
-5.02313
-5.01828
-5.01347
-5.00883
-5.00439
-4.99999
-4.99548
-4.99119
-4.9868
-4.98202
-4.97746
-4.97328
-4.96904
-4.96533
-4.96171
-4.95818
-4.95445
-4.95083
-4.94761
-4.94421
-4.94091
-4.93789
-4.93453
-4.93175
-4.92909
-4.9264
-4.9237
-4.92067
-4.91791
-4.91575
-4.91356
-4.9115
-4.90987
-4.90807
-4.90639
-4.90484
-4.90357
-4.90256
-4.90167
-4.9006
-4.89994
-4.89939
-4.89895
-4.89815
-4.89776
-4.89792
-4.89756
-4.89774
-4.89786
-4.8979
-4.89801
-4.89805
-4.89815
-4.89817
-4.89884
-4.89927
-4.90005
-4.90027
-4.90054
-4.90129
-4.90178
-4.902
-4.90271
-4.90359
-4.90373
-4.90481
-4.90575
-4.9064
-4.90707
-4.9076
-4.90828
-4.90898
-4.90983
-4.91068
-4.91154
-4.91209
-4.91325
-4.91426
-4.91512
-4.91583
-4.91684
-4.91815
-4.91856
-4.91956
-4.92042
-4.92128
-4.92214
-4.92315
-4.92416
-4.92503
-4.92545
-4.92648
-4.92706
-4.92795
-4.92916
-4.93007
-4.93085
-4.93165
-4.93261
-4.93328
-4.93428
-4.93546
-4.93651
-4.93758
-4.93868
-4.93997
-4.94129
-4.94218
-4.94327
-4.94455
-4.94617
-4.94738
-4.94878
-4.95009
-4.95144
-4.95284
-4.95474
-4.9564
-4.95811
-4.95973
-4.96141
-4.9633
-4.9651
-4.96712
-4.96904
-4.97118
-4.97339
-4.97536
-4.97785
-4.9801
-4.98241
-4.98494
-4.98739
-4.9902
-4.99293
-4.99572
-4.99842
-5.00117
-5.00414
-5.00701
-5.00994
-5.01292
-5.0161
-5.01933
-5.02246
-5.02563
-5.02883
-5.03223
-5.03566
-5.03897
-5.0423
-5.04566
-5.04904
-5.05289
-5.0566
-5.06002
-5.06404
-5.06732
-5.0709
-5.07492
-5.07849
-5.08204
-5.08542
-5.08909
-5.09243
-5.09575
-5.09949
-5.10304
-5.10686
-5.11019
-5.11348
-5.11688
-5.11993
-5.12292
-5.12602
-5.12921
-5.1322
-5.13512
-5.13813
-5.14138
-5.14442
-5.14708
-5.14968
-5.15251
-5.15511
-5.15734
-5.1595
-5.16218
-5.16479
-5.16702
-5.16901
-5.17078
-5.17292
-5.17482
-5.17649
-5.17839
-5.17989
-5.18117
-5.18266
-5.18391
-5.18508
-5.18601
-5.18717
-5.18793
-5.18907
-5.18951
-5.19018
-5.19076
-5.19141
-5.19152
-5.19185
-5.19164
-5.19195
-5.19218
-5.19233
-5.19209
-5.19192
-5.19152
-5.19119
-5.19109
-5.1909
-5.19048
-5.18984
-5.18927
-5.18877
-5.18789
-5.18694
-5.18591
-5.18466
-5.18364
-5.18254
-5.18108
-5.17969
-5.17823
-5.17686
-5.17543
-5.17362
-5.17175
-5.16997
-5.16783
-5.16563
-5.16353
-5.16137
-5.15931
-5.15705
-5.1549
-5.153
-5.1509
-5.14847
-5.1463
-5.14394
-5.14125
-5.13869
-5.13625
-5.13348
-5.13115
-5.12881
-5.12645
-5.12408
-5.12125
-5.11887
-5.11589
-5.11306
-5.1107
-5.10819
-5.10584
-5.10321
-5.10075
-5.09846
-5.09619
-5.0938
-5.09158
-5.0894
-5.08724
-5.08497
-5.08288
-5.08053
-5.07836
-5.07623
-5.07383
-5.07163
-5.06961
-5.06778
-5.06615
-5.0644
-5.06283
-5.06115
-5.05951
-5.0576
-5.05633
-5.05464
-5.05313
-5.05135
-5.04974
-5.04847
-5.04691
-5.04553
-5.04342
-5.04238
-5.04061
-5.039
-5.03756
-5.03629
-5.03502
-5.03347
-5.03207
-5.03098
-5.0293
-5.02777
-5.02641
-5.02519
-5.02398
-5.02262
-5.02142
-5.02022
-5.01887
-5.01737
-5.01573
-5.01454
-5.01305
-5.01157
-5.0104
-5.00924
-5.00793
-5.00648
-5.00519
-5.00407
-5.00281
-5.00126
-4.99989
-4.99838
-4.9975
-4.99619
-4.99505
-4.9944
-4.99347
-4.99257
-4.99201
-4.99133
-4.99084
-4.99009
-4.98922
-4.98824
-4.98731
-4.98657
-4.98587
-4.98522
-4.98477
-4.98421
-4.98371
-4.98325
-4.98269
-4.98217
-4.98201
-4.9816
-4.98153
-4.98122
-4.98095
-4.98087
-4.9807
-4.98072
-4.98093
-4.98104
-4.98103
-4.98122
-4.98145
-4.98157
-4.98172
-4.98206
-4.98227
-4.98252
-4.98326
-4.98371
-4.98405
-4.98455
-4.98508
-4.98548
-4.9862
-4.98679
-4.98754
-4.98815
-4.98863
-4.98926
-4.98991
-4.99041
-4.99136
-4.99218
-4.99269
-4.9935
-4.99417
-4.99468
-4.99518
-4.99584
-4.99618
-4.99712
-4.99729
-4.99806
-4.99837
-4.99896
-4.99939
-4.99965
-5.0002
-5.00058
-5.00124
-5.00174
-5.00221
-5.0025
-5.00263
-5.00288
-5.0031
-5.0036
-5.00408
-5.00483
-5.0051
-5.00534
-5.0057
-5.00574
-5.00544
-5.00572
-5.00567
-5.00559
-5.00594
-5.00581
-5.00565
-5.00563
-5.00542
-5.00505
-5.00496
-5.005
-5.00488
-5.00459
-5.00444
-5.00474
-5.00458
-5.00472
-5.00442
-5.00441
-5.00427
-5.00399
-5.00358
-5.00364
-5.00357
-5.00338
-5.00353
-5.00357
-5.00365
-5.00422
-5.0044
-5.00508
-5.00537
-5.00602
-5.00658
-5.00707
-5.00793
-5.00871
-5.00928
-5.01007
-5.01125
-5.01221
-5.0134
-5.01438
-5.0159
-5.0175
-5.01934
-5.02052
-5.02177
-5.02387
-5.02559
-5.02754
-5.02927
-5.03106
-5.03338
-5.03577
-5.03791
-5.03996
-5.0419
-5.0445
-5.04669
-5.04907
-5.05132
-5.05406
-5.05637
-5.05884
-5.06133
-5.06412
-5.06662
-5.06927
-5.07161
-5.07409
-5.07655
-5.07899
-5.08141
-5.08366
-5.08618
-5.08866
-5.09111
-5.09322
-5.09529
-5.09778
-5.09992
-5.10246
-5.10451
-5.10651
-5.10847
-5.11053
-5.11223
-5.11419
-5.11611
-5.11812
-5.11949
-5.12081
-5.12223
-5.12391
-5.12539
-5.12667
-5.12852
-5.12957
-5.13103
-5.132
-5.13323
-5.13457
-5.13557
-5.13654
-5.13762
-5.13867
-5.13968
-5.14081
-5.14191
-5.14268
-5.14357
-5.14427
-5.14541
-5.14606
-5.14684
-5.14714
-5.14802
-5.14857
-5.14925
-5.14976
-5.15054
-5.15055
-5.15145
-5.15187
-5.15257
-5.15294
-5.1533
-5.15379
-5.1541
-5.15455
-5.15498
-5.15539
-5.15563
-5.15615
-5.15666
-5.15684
-5.15701
-5.15731
-5.15759
-5.15771
-5.15796
-5.1582
-5.15796
-5.15802
-5.15835
-5.15838
-5.15823
-5.15838
-5.15836
-5.15803
-5.15828
-5.15868
-5.15861
-5.15868
-5.15874
-5.15909
-5.15898
-5.15886
-5.15904
-5.15905
-5.15937
-5.15967
-5.15937
-5.15951
-5.15965
-5.15994
-5.15978
-5.15961
-5.15959
-5.15973
-5.15956
-5.15955
-5.15984
-5.15983
-5.15968
-5.15968
-5.15954
-5.15987
-5.15989
-5.16023
-5.16012
-5.16033
-5.16025
-5.16017
-5.16026
-5.16052
-5.16094
-5.16077
-5.16107
-5.16168
-5.16186
-5.16205
-5.16226
-5.16248
-5.16286
-5.16296
-5.16307
-5.1635
-5.1638
-5.16425
-5.16488
-5.16506
-5.16525
-5.1656
-5.16612
-5.16664
-5.16733
-5.16771
-5.16811
-5.16851
-5.16922
-5.16902
-5.16913
-5.16985
-5.17041
-5.17067
-5.17108
-5.17179
-5.1722
-5.17245
-5.17284
-5.17307
-5.17329
-5.1735
-5.17416
-5.17465
-5.17513
-5.1756
-5.17605
-5.17618
-5.1766
-5.17685
-5.17678
-5.17654
-5.17674
-5.17676
-5.17706
-5.17719
-5.1773
-5.17724
-5.17715
-5.1772
-5.17721
-5.17736
-5.17718
-5.17713
-5.17706
-5.17742
-5.1773
-5.17731
-5.17745
-5.17696
-5.17661
-5.17623
-5.17584
-5.17558
-5.1753
-5.17516
-5.17515
-5.17498
-5.1751
-5.17475
-5.17469
-5.17402
-5.1735
-5.17312
-5.17258
-5.17204
-5.17195
-5.17156
-5.17132
-5.17078
-5.1701
-5.16988
-5.16937
-5.16916
-5.16882
-5.16849
-5.16802
-5.16772
-5.16743
-5.16732
-5.16722
-5.16699
-5.16678
-5.16645
-5.16689
-5.1663
-5.16679
-5.16654
-5.16648
-5.16613
-5.16597
-5.16598
-5.16601
-5.16622
-5.1663
-5.16625
-5.16638
-5.16668
-5.16701
-5.16705
-5.16727
-5.16766
-5.16776
-5.16804
-5.16818
-5.16849
-5.16852
-5.16871
-5.16952
-5.17004
-5.17027
-5.17036
-5.17077
-5.17118
-5.17176
-5.17159
-5.17203
-5.17262
-5.17307
-5.17322
-5.17367
-5.17428
-5.17474
-5.17519
-5.17565
-5.17579
-5.17594
-5.17637
-5.17696
-5.17738
-5.17794
-5.1785
-5.17844
-5.17912
-5.17933
-5.17984
-5.18017
-5.18094
-5.18094
-5.18107
-5.18147
-5.18155
-5.18191
-5.1824
-5.18255
-5.18268
-5.18263
-5.18329
-5.18318
-5.18333
-5.18284
-5.18277
-5.18251
-5.18221
-5.18203
-5.18195
-5.18183
-5.18152
-5.18101
-5.18031
-5.18016
-5.17967
-5.17883
-5.17839
-5.17775
-5.17691
-5.17618
-5.17539
-5.17426
-5.17307
-5.17213
-5.1713
-5.17042
-5.16903
-5.1676
-5.16627
-5.16519
-5.16391
-5.16228
-5.16107
-5.15935
-5.15775
-5.1561
-5.15426
-5.15284
-5.15122
-5.14943
-5.14774
-5.14558
-5.14398
-5.14221
-5.14041
-5.13844
-5.13629
-5.13428
-5.13224
-5.13065
-5.12874
-5.12712
-5.12519
-5.12325
-5.12115
-5.11936
-5.11725
-5.1153
-5.11366
-5.11186
-5.11007
-5.10783
-5.10621
-5.10429
-5.10222
-5.10047
-5.09857
-5.09654
-5.09466
-5.0928
-5.09109
-5.08925
-5.08726
-5.08528
-5.08361
-5.08164
-5.08029
-5.07893
-5.07698
-5.07519
-5.07309
-5.07129
-5.06949
-5.06814
-5.06634
-5.06468
-5.06271
-5.06089
-5.05922
-5.05753
-5.05599
-5.05414
-5.05243
-5.05041
-5.04868
-5.04695
-5.04506
-5.04316
-5.04112
-5.03937
-5.03732
-5.03528
-5.0331
-5.03123
-5.02923
-5.02724
-5.02529
-5.02351
-5.02191
-5.02021
-5.0181
-5.01634
-5.01479
-5.01361
-5.0122
-5.01071
-5.00946
-5.00799
-5.00707
-5.0061
-5.00494
-5.00418
-5.0037
-5.00333
-5.00294
-5.00268
-5.00254
-5.00254
-5.00267
-5.00294
-5.00409
-5.00508
-5.00575
-5.00684
-5.00747
-5.00852
-5.00969
-5.01098
-5.01237
-5.01373
-5.01533
-5.01703
-5.01881
-5.02113
-5.02308
-5.02508
-5.027
-5.02897
-5.03129
-5.03365
-5.03574
-5.03831
-5.0406
-5.04335
-5.04566
-5.04798
-5.05029
-5.0526
-5.05474
-5.05702
-5.05884
-5.06138
-5.06361
-5.0658
-5.06752
-5.06966
-5.07162
-5.07355
-5.07575
-5.07807
-5.08005
-5.0817
-5.08376
-5.0858
-5.0878
-5.08961
-5.0917
-5.093
-5.09457
-5.09626
-5.09777
-5.09926
-5.10071
-5.10214
-5.10369
-5.10551
-5.10701
-5.10832
-5.10977
-5.11118
-5.11257
-5.11378
-5.11526
-5.11672
-5.11785
-5.11926
-5.12033
-5.12153
-5.1227
-5.12399
-5.12525
-5.12618
-5.12738
-5.12855
-5.12953
-5.13078
-5.13184
-5.13257
-5.13341
-5.13452
-5.13544
-5.13618
-5.13687
-5.13752
-5.13798
-5.1387
-5.13908
-5.13956
-5.14001
-5.14011
-5.14017
-5.14033
-5.1406
-5.14083
-5.14131
-5.1413
-5.14125
-5.14129
-5.14145
-5.14186
-5.14163
-5.1418
-5.14178
-5.14126
-5.1413
-5.141
-5.1408
-5.1407
-5.13996
-5.13978
-5.13895
-5.13899
-5.13837
-5.13786
-5.13716
-5.13611
-5.13532
-5.13449
-5.13346
-5.13239
-5.13142
-5.13026
-5.1295
-5.12825
-5.12726
-5.12608
-5.12515
-5.12403
-5.12301
-5.1215
-5.11995
-5.11835
-5.1167
-5.11532
-5.11374
-5.11242
-5.11091
-5.10906
-5.10746
-5.10567
-5.10385
-5.10183
-5.10007
-5.09812
-5.09614
-5.09396
-5.09206
-5.09012
-5.08815
-5.08599
-5.08365
-5.08144
-5.0792
-5.07679
-5.07435
-5.07205
-5.06972
-5.06754
-5.06535
-5.06314
-5.06124
-5.05887
-5.05621
-5.05371
-5.05121
-5.04873
-5.04642
-5.04428
-5.04171
-5.03993
-5.03772
-5.03586
-5.03359
-5.03168
-5.02966
-5.0277
-5.02565
-5.02412
-5.02267
-5.02098
-5.01938
-5.01816
-5.01673
-5.01524
-5.01429
-5.01284
-5.01179
-5.011
-5.01046
-5.00972
-5.00894
-5.00842
-5.00816
-5.00816
-5.00796
-5.00788
-5.00789
-5.00802
-5.00825
-5.00857
-5.00869
-5.00937
-5.00968
-5.01037
-5.01115
-5.01216
-5.01309
-5.01409
-5.01501
-5.01597
-5.01714
-5.01851
-5.01961
-5.0209
-5.02206
-5.0237
-5.0246
-5.02596
-5.02732
-5.02853
-5.02988
-5.03151
-5.03252
-5.03351
-5.03461
-5.03598
-5.03686
-5.03799
-5.03892
-5.04009
-5.04121
-5.04196
-5.04296
-5.04327
-5.04442
-5.0449
-5.04529
-5.04576
-5.04599
-5.04614
-5.04636
-5.04619
-5.04624
-5.04605
-5.04577
-5.0454
-5.04495
-5.04441
-5.04379
-5.04338
-5.04274
-5.04201
-5.04121
-5.04032
-5.03906
-5.03802
-5.03676
-5.03573
-5.03464
-5.03302
-5.0318
-5.03037
-5.02874
-5.02751
-5.02577
-5.0246
-5.02294
-5.02124
-5.0192
-5.01744
-5.01551
-5.01386
-5.01173
-5.0096
-5.00776
-5.00592
-5.00408
-5.00225
-5.00042
-4.99845
-4.99666
-4.99488
-4.99297
-4.99154
-4.98984
-4.98802
-4.98668
-4.98524
-4.98353
-4.98171
-4.98054
-4.97897
-4.97759
-4.97656
-4.97543
-4.9742
-4.97273
-4.97175
-4.97053
-4.96967
-4.96901
-4.96811
-4.96726
-4.96677
-4.96588
-4.96505
-4.96459
-4.96402
-4.96337
-4.96293
-4.96284
-4.96237
-4.96195
-4.9619
-4.96176
-4.96168
-4.96166
-4.96171
-4.96213
-4.96201
-4.96211
-4.96228
-4.96283
-4.96314
-4.96353
-4.964
-4.965
-4.96593
-4.96679
-4.96789
-4.96891
-4.97002
-4.97122
-4.97236
-4.97388
-4.9755
-4.97691
-4.97856
-4.98015
-4.98244
-4.98452
-4.98669
-4.98866
-4.99102
-4.99332
-4.99617
-4.99911
-5.00153
-5.0042
-5.0068
-5.00963
-5.01271
-5.01571
-5.01879
-5.02194
-5.02517
-5.02832
-5.03169
-5.03527
-5.03906
-5.04216
-5.04561
-5.04912
-5.05297
-5.05641
-5.06004
-5.06385
-5.0674
-5.07127
-5.07531
-5.07923
-5.083
-5.08648
-5.09042
-5.09421
-5.09844
-5.10222
-5.10583
-5.10958
-5.11375
-5.11745
-5.12128
-5.12491
-5.12882
-5.13222
-5.13619
-5.13966
-5.14292
-5.14644
-5.14989
-5.15329
-5.15662
-5.15973
-5.16277
-5.16605
-5.1691
-5.17208
-5.17528
-5.1787
-5.18144
-5.1838
-5.18623
-5.18902
-5.19173
-5.19375
-5.19599
-5.19799
-5.20005
-5.20217
-5.20376
-5.20571
-5.20788
-5.20966
-5.21106
-5.21282
-5.21404
-5.21503
-5.21624
-5.21707
-5.21811
-5.21908
-5.22013
-5.22094
-5.22183
-5.22219
-5.22293
-5.223
-5.22344
-5.22397
-5.22443
-5.22482
-5.22514
-5.22555
-5.22604
-5.22601
-5.22607
-5.22606
-5.22584
-5.2254
-5.2252
-5.22478
-5.2246
-5.22421
-5.2236
-5.22292
-5.22188
-5.22077
-5.21974
-5.21865
-5.21795
-5.21687
-5.21558
-5.21407
-5.21309
-5.21099
-5.20957
-5.20808
-5.20637
-5.20489
-5.20335
-5.20173
-5.20004
-5.19797
-5.19584
-5.19379
-5.19167
-5.18978
-5.18752
-5.18549
-5.18295
-5.18064
-5.17812
-5.17539
-5.17244
-5.16989
-5.16728
-5.16447
-5.1616
-5.15868
-5.15571
-5.15285
-5.14979
-5.1464
-5.14326
-5.14009
-5.13689
-5.13351
-5.12981
-5.12653
-5.12324
-5.11993
-5.11616
-5.11283
-5.10965
-5.10646
-5.10298
-5.09965
-5.09633
-5.09287
-5.08957
-5.0863
-5.08304
-5.07981
-5.07645
-5.07388
-5.07058
-5.06747
-5.06425
-5.06107
-5.05807
-5.05512
-5.05237
-5.04952
-5.04671
-5.0438
-5.0414
-5.03845
-5.03586
-5.03347
-5.03099
-5.02887
-5.02666
-5.02451
-5.02258
-5.0207
-5.01874
-5.01685
-5.01487
-5.01266
-5.01111
-5.00933
-5.00762
-5.00598
-5.00442
-5.00277
-5.00104
-4.99968
-4.9984
-4.99705
-4.99591
-4.99485
-4.99402
-4.99266
-4.99197
-4.99136
-4.99067
-4.99006
-4.98952
-4.9889
-4.9885
-4.98788
-4.98747
-4.98729
-4.98702
-4.98712
-4.98729
-4.98737
-4.98766
-4.98771
-4.98827
-4.98874
-4.98941
-4.98969
-4.99016
-4.99083
-4.9914
-4.99141
-4.99236
-4.99321
-4.99409
-4.99486
-4.99535
-4.99603
-4.99644
-4.99748
-4.99869
-4.99993
-5.00119
-5.00232
-5.00347
-5.00449
-5.00537
-5.00642
-5.00748
-5.00855
-5.00979
-5.01088
-5.01184
-5.01295
-5.01408
-5.01536
-5.01665
-5.01794
-5.01849
-5.01935
-5.02051
-5.02169
-5.02286
-5.02404
-5.02568
-5.02718
-5.02852
-5.02987
-5.03107
-5.03212
-5.03332
-5.03437
-5.03528
-5.03664
-5.038
-5.03936
-5.04027
-5.04133
-5.04239
-5.04345
-5.04482
-5.04633
-5.04738
-5.04859
-5.04994
-5.05099
-5.05234
-5.05323
-5.05442
-5.05545
-5.05663
-5.05826
-5.05929
-5.06015
-5.06146
-5.06262
-5.06377
-5.06492
-5.06591
-5.0669
-5.06803
-5.06915
-5.07027
-5.07154
-5.07265
-5.07421
-5.07486
-5.07551
-5.07676
-5.07801
-5.07895
-5.08034
-5.08159
-5.08237
-5.08392
-5.08485
-5.08549
-5.08673
-5.08782
-5.08891
-5.09031
-5.0914
-5.09295
-5.0939
-5.0947
-5.0958
-5.09721
-5.09846
-5.09912
-5.10008
-5.10134
-5.10244
-5.10325
-5.10466
-5.10576
-5.10702
-5.10811
-5.10905
-5.11013
-5.1112
-5.11227
-5.11316
-5.11405
-5.11491
-5.11576
-5.11659
-5.11769
-5.11847
-5.11892
-5.11994
-5.12093
-5.12174
-5.12266
-5.12339
-5.12393
-5.12442
-5.12517
-5.12572
-5.12622
-5.12696
-5.12705
-5.12694
-5.12707
-5.12699
-5.12655
-5.12696
-5.127
-5.12728
-5.12735
-5.12735
-5.12714
-5.12687
-5.12653
-5.12613
-5.12567
-5.12499
-5.12426
-5.12348
-5.12279
-5.12234
-5.1214
-5.12041
-5.11952
-5.11875
-5.11778
-5.11648
-5.11531
-5.1144
-5.11333
-5.11239
-5.11129
-5.10988
-5.10892
-5.10796
-5.10672
-5.10609
-5.10487
-5.10399
-5.10298
-5.10201
-5.10123
-5.10034
-5.09996
-5.09919
-5.09847
-5.09782
-5.09724
-5.09673
-5.09645
-5.09595
-5.09568
-5.09535
-5.0954
-5.0957
-5.09624
-5.09641
-5.09653
-5.09658
-5.09733
-5.09787
-5.09834
-5.0992
-5.0997
-5.10057
-5.10122
-5.10225
-5.10335
-5.10466
-5.10528
-5.10656
-5.10804
-5.10912
-5.11054
-5.1117
-5.11318
-5.115
-5.11638
-5.11807
-5.11962
-5.12087
-5.12257
-5.12411
-5.12563
-5.12683
-5.12876
-5.13021
-5.13161
-5.13328
-5.13505
-5.13616
-5.13767
-5.13867
-5.13976
-5.14092
-5.14187
-5.14273
-5.14337
-5.14408
-5.14486
-5.14556
-5.14601
-5.14593
-5.14666
-5.14701
-5.14726
-5.14742
-5.14749
-5.14702
-5.14691
-5.14641
-5.14597
-5.1459
-5.14529
-5.14459
-5.14396
-5.14295
-5.14187
-5.1407
-5.13946
-5.1383
-5.13723
-5.13593
-5.13443
-5.13316
-5.13184
-5.13046
-5.12873
-5.12725
-5.12543
-5.12386
-5.12226
-5.12062
-5.11879
-5.11663
-5.11474
-5.11343
-5.11164
-5.10967
-5.10784
-5.1063
-5.10428
-5.1024
-5.10051
-5.09876
-5.09685
-5.09463
-5.09256
-5.09063
-5.08886
-5.08649
-5.08457
-5.0825
-5.08044
-5.07869
-5.07665
-5.07433
-5.07232
-5.07017
-5.06835
-5.06625
-5.06463
-5.06258
-5.06087
-5.05889
-5.0568
-5.05506
-5.05321
-5.05156
-5.04996
-5.04857
-5.04724
-5.04582
-5.04448
-5.04365
-5.04246
-5.04119
-5.04
-5.03921
-5.03851
-5.03776
-5.03711
-5.03671
-5.03627
-5.03594
-5.03587
-5.03592
-5.03609
-5.03608
-5.03634
-5.03688
-5.03755
-5.03804
-5.03835
-5.03924
-5.04011
-5.04171
-5.04313
-5.04483
-5.04604
-5.04767
-5.04926
-5.05097
-5.05279
-5.05501
-5.05718
-5.05914
-5.06179
-5.06407
-5.06659
-5.06902
-5.07167
-5.07469
-5.0776
-5.08102
-5.08387
-5.08736
-5.09027
-5.0932
-5.09614
-5.09894
-5.1022
-5.10529
-5.10822
-5.11143
-5.11477
-5.11808
-5.12089
-5.12381
-5.12623
-5.12845
-5.13091
-5.13331
-5.13563
-5.13773
-5.13991
-5.14216
-5.14402
-5.14594
-5.14807
-5.14996
-5.15176
-5.15345
-5.15505
-5.15639
-5.15763
-5.15921
-5.16009
-5.16101
-5.16197
-5.16297
-5.16417
-5.16481
-5.16533
-5.16575
-5.16621
-5.16625
-5.16665
-5.16679
-5.16636
-5.16599
-5.16566
-5.16553
-5.16485
-5.16407
-5.16304
-5.16222
-5.1613
-5.16044
-5.15934
-5.15815
-5.15718
-5.15582
-5.15408
-5.15226
-5.15081
-5.14884
-5.14694
-5.14482
-5.14263
-5.14067
-5.1385
-5.13686
-5.13487
-5.13266
-5.12994
-5.12746
-5.12493
-5.1225
-5.11987
-5.11748
-5.11444
-5.11166
-5.10883
-5.10656
-5.10409
-5.10143
-5.09858
-5.09538
-5.09244
-5.08931
-5.08614
-5.08279
-5.07969
-5.07626
-5.0731
-5.0696
-5.06652
-5.06341
-5.05981
-5.05663
-5.05342
-5.04989
-5.04632
-5.04334
-5.04002
-5.03669
-5.03318
-5.02965
-5.0261
-5.02253
-5.01895
-5.01536
-5.0119
-5.00814
-5.00452
-5.0012
-4.99758
-4.99396
-4.99034
-4.98688
-4.98344
-4.97985
-4.97598
-4.97228
-4.96891
-4.96526
-4.96164
-4.95775
-4.9545
-4.95128
-4.94781
-4.94469
-4.94146
-4.93829
-4.93531
-4.9324
-4.92955
-4.92661
-4.92373
-4.92077
-4.91864
-4.91597
-4.91353
-4.91086
-4.90842
-4.90576
-4.90393
-4.90188
-4.89976
-4.89757
-4.89576
-4.89389
-4.89164
-4.89009
-4.88846
-4.88706
-4.8856
-4.88436
-4.88305
-4.88152
-4.88021
-4.87913
-4.87812
-4.87719
-4.87633
-4.87554
-4.87466
-4.87401
-4.87342
-4.87259
-4.87198
-4.87158
-4.87125
-4.87097
-4.8709
-4.87089
-4.8711
-4.87121
-4.87137
-4.87144
-4.87157
-4.87145
-4.87184
-4.87213
-4.87248
-4.87289
-4.87335
-4.87402
-4.87459
-4.87522
-4.87621
-4.8771
-4.8782
-4.8792
-4.88011
-4.88092
-4.88224
-4.88331
-4.88459
-4.88606
-4.88759
-4.88902
-4.89034
-4.89171
-4.89297
-4.89427
-4.89591
-4.89744
-4.89916
-4.90061
-4.90209
-4.90374
-4.90557
-4.90788
-4.90944
-4.91103
-4.91293
-4.91468
-4.91645
-4.91822
-4.91984
-4.92115
-4.92292
-4.92468
-4.92614
-4.92789
-4.92977
-4.93165
-4.93352
-4.93507
-4.93676
-4.93828
-4.94009
-4.94188
-4.94351
-4.94513
-4.94688
-4.94832
-4.95004
-4.95161
-4.95331
-4.9544
-4.95593
-4.95746
-4.95883
-4.96019
-4.9617
-4.9629
-4.96425
-4.96575
-4.96771
-4.96906
-4.97056
-4.97282
-4.97433
-4.97599
-4.97736
-4.97903
-4.98025
-4.98132
-4.9827
-4.98454
-4.98593
-4.98778
-4.98917
-4.99027
-4.99198
-4.99338
-4.99493
-4.99664
-4.99835
-5.0002
-5.00176
-5.0033
-5.00515
-5.00685
-5.00853
-5.00961
-5.01129
-5.01281
-5.01448
-5.01614
-5.01749
-5.01899
-5.02063
-5.02226
-5.02358
-5.02504
-5.02635
-5.0275
-5.02894
-5.03068
-5.03196
-5.03353
-5.03525
-5.03697
-5.03823
-5.03963
-5.04088
-5.04228
-5.04368
-5.04462
-5.04586
-5.04725
-5.04894
-5.05048
-5.05142
-5.0528
-5.05419
-5.05557
-5.05665
-5.05818
-5.05955
-5.06108
-5.06244
-5.0638
-5.06561
-5.06696
-5.06784
-5.06931
-5.07017
-5.07177
-5.07274
-5.07385
-5.07508
-5.07629
-5.07747
-5.07892
-5.07974
-5.08082
-5.08217
-5.08302
-5.08443
-5.0855
-5.08651
-5.08702
-5.08777
-5.08831
-5.0888
-5.08891
-5.08941
-5.09
-5.09021
-5.09019
-5.09025
-5.09038
-5.09059
-5.09071
-5.09059
-5.0904
-5.09011
-5.08974
-5.08928
-5.08888
-5.08824
-5.08736
-5.0867
-5.08594
-5.0851
-5.08387
-5.08285
-5.08115
-5.07967
-5.07841
-5.07706
-5.0755
-5.0737
-5.07184
-5.07005
-5.06821
-5.0663
-5.06403
-5.06202
-5.06041
-5.05815
-5.05571
-5.05353
-5.05087
-5.0491
-5.04671
-5.04431
-5.0416
-5.03934
-5.03725
-5.03502
-5.03266
-5.03062
-5.02832
-5.02606
-5.0237
-5.02184
-5.01974
-5.01801
-5.01635
-5.01447
-5.01251
-5.0114
-5.00994
-5.00842
-5.00745
-5.0066
-5.0057
-5.00461
-5.00364
-5.00263
-5.00236
-5.00175
-5.00156
-5.00135
-5.00156
-5.00174
-5.0019
-5.00232
-5.00257
-5.00293
-5.00325
-5.00383
-5.00498
-5.00577
-5.00666
-5.0078
-5.00902
-5.01018
-5.01142
-5.01288
-5.01456
-5.01615
-5.0178
-5.01935
-5.02078
-5.02271
-5.02437
-5.02621
-5.02792
-5.02964
-5.03137
-5.0337
-5.03573
-5.03746
-5.03932
-5.04116
-5.04284
-5.04464
-5.04656
-5.04815
-5.04971
-5.05137
-5.05285
-5.05443
-5.05566
-5.05716
-5.0586
-5.06029
-5.06149
-5.06264
-5.06419
-5.06539
-5.06654
-5.0675
-5.06856
-5.06942
-5.0704
-5.07119
-5.07239
-5.07326
-5.0738
-5.0746
-5.07539
-5.07645
-5.07674
-5.07776
-5.07908
-5.07948
-5.08003
-5.08118
-5.08187
-5.08287
-5.08342
-5.08427
-5.08499
-5.08572
-5.08646
-5.08737
-5.08814
-5.08893
-5.08975
-5.09028
-5.09128
-5.09216
-5.09306
-5.09428
-5.09521
-5.09602
-5.09685
-5.09769
-5.099
-5.10018
-5.10121
-5.10211
-5.10332
-5.10407
-5.10514
-5.1062
-5.10726
-5.10862
-5.10951
-5.11055
-5.11157
-5.11212
-5.11295
-5.11391
-5.11469
-5.1156
-5.11631
-5.11745
-5.11824
-5.11915
-5.12001
-5.12067
-5.12113
-5.12169
-5.12235
-5.12265
-5.12304
-5.12322
-5.12334
-5.1237
-5.12384
-5.12392
-5.12378
