0.506394
0.505419
0.506531
0.50366
0.502191
0.500854
0.503536
0.504052
0.503583
0.501214
0.499985
0.50016
0.500513
0.500319
0.500069
0.502089
0.501955
0.50203
0.50241
0.502239
0.502193
0.502628
0.501909
0.501397
0.501469
0.500565
0.500407
0.500215
0.500182
0.500143
0.499822
0.499685
0.499734
0.499716
0.500207
0.500322
0.500405
0.500574
0.500453
0.500522
0.500891
0.501175
0.501354
0.501247
0.501008
0.501151
0.501207
0.501334
0.501198
0.501583
0.501586
0.501462
0.501321
0.501434
0.501337
0.501292
0.501592
0.501867
0.501889
0.501892
0.502039
0.50228
0.502343
0.502278
0.502368
0.502462
0.502576
0.502263
0.502119
0.502078
0.502065
0.501637
0.501591
0.501591
0.501622
0.501501
0.501553
0.501685
0.501712
0.501896
0.501825
0.50158
0.501558
0.501375
0.501241
0.501197
0.501336
0.501387
0.501342
0.501367
0.501434
0.501335
0.501397
0.501369
0.501288
0.501285
0.501435
0.501277
0.50149
0.501438
