0
0.000987732
0.00273449
0.00520378
0.00550522
0.00585049
0.00851078
0.00807691
0.00890382
0.0102124
0.0104838
0.0100545
0.00974604
0.00940906
0.00913954
0.0118119
0.011579
0.0111556
0.0109771
0.0111248
0.0104676
0.0104214
0.0107348
0.0107913
0.010578
0.0113168
0.0114179
0.0110478
0.0107905
0.01061
0.0108491
0.0104464
0.0102889
0.010136
0.0103904
0.0102677
0.0101392
0.010072
0.0100114
0.00984142
0.00999838
0.010252
0.00999562
0.00990621
0.00992137
0.00987416
0.00976277
0.00969871
0.00965488
0.00996186
0.00982442
0.0097691
0.00989666
0.00971515
0.00961338
0.00953086
0.00971209
0.00984775
0.00976747
0.00983088
0.00970668
0.00977706
0.00971034
0.00979132
0.00960393
0.00956146
0.00953604
0.00980546
0.00980722
0.00974298
0.00967352
0.0102918
0.0101986
0.0101313
0.0101806
0.0100564
0.009998
0.010002
0.00994049
0.0100104
0.00996689
0.0102513
0.0101143
0.0101657
0.0101814
0.0102291
0.0101533
0.0101082
0.0100596
0.0100058
0.00996952
0.00995926
0.0100165
0.00989921
0.00985272
0.00980161
0.00994995
0.00993398
0.0101039
0.0100686
